6 0.5542354167968749 0.15808948125 0.014040841406249971 0.06656399305555555
6 0.8871203796875001 0.22049322291666668 0.012870770312500035 0.05824349305555556
6 0.272248508203125 0.39938395069444443 0.016380982031250026 0.033281995833333314
6 0.25294234921875003 0.3640218298611111 0.022231332812499983 0.03744224583333333
6 0.572956541015625 0.15704941805555556 0.011700700781250007 0.06448386666666665
6 0.87424960859375 0.22049322152777778 0.01287077187500003 0.04160249305555557
6 0.9011612218749999 0.22361340902777777 0.015210912500000085 0.04784286805555556
6 0.229540947265625 0.3609016423611111 0.019891192968750016 0.02704162083333329
6 0.547214996875 0.1664099784722222 0.009360562500000036 0.05824349027777777
7 0.2488471046875 0.2652159055555555 0.030421824999999993 0.08112486666666668
0 0.280438999609375 0.4597075680555556 0.08190491171874999 0.045762744444444475
0 0.194474165234375 0.5291406527777778 0.21348291796875 0.15134691944444445
0 0.692596151171875 0.4815488777777778 0.03802715234375 0.06032361666666664
0 0.74437181953125 0.4981898763888889 0.08307498125000005 0.10192611388888888
0 0.381065033203125 0.4701081916666666 0.10764645546875 0.09152548888888887
0 0.598113049609375 0.5231513736111111 0.19306157890624992 0.2766565916666667
0 0.04193360546875 0.5210712479166667 0.0838672109375 0.2017721013888889
0 0.8900455554687501 0.5137908111111111 0.21763305156250007 0.3453007083333333