0 0.359704094921875 0.5597563270833333 0.07798462734375003 0.07971761805555554
1 0.330947263671875 0.5172980305555556 0.13744790703125004 0.15423626388888892
0 0.6848025117187501 0.5692877819444444 0.12380059687499996 0.1577022472222222
0 0.6024312484375001 0.5337614520833334 0.04289154531249997 0.0623877041666666
1 0.86416715546875 0.41938399722222225 0.27002177343749995 0.6377409555555555
1 0.62485182890625 0.48957016319444446 0.05069000781249997 0.08838257916666663
0 0.5366317191406249 0.5207640131944444 0.02242058046874993 0.0329268430555555
0 0.498126808984375 0.5224970055555556 0.023395388281250006 0.025994874999999952
0 0.5736744171874999 0.5233635020833333 0.012672501562499949 0.020795901388888892
0 0.5639263390625 0.5216305097222222 0.008773270312499993 0.017329916666666712
0 0.09650597695312499 0.5580233354166667 0.06433731796875 0.038125818055555524