0 0.12123487460937499 0.55995871875 0.05067695859374999 0.06375768472222221
0 0.9008803625 0.7255900694444445 0.19725030937499993 0.3811600194444445
0 0.7324769371093749 0.6382697736111111 0.1582680335937499 0.17325455277777782
0 0.65996990703125 0.6084699923611112 0.08498135781249996 0.1302874236111111
0 0.622546923828125 0.5959956631944444 0.05847341328124998 0.09147840416666662
0 0.5874628765625001 0.5772841729166667 0.028846882812499964 0.05682749305555556
0 0.562904044140625 0.5772841701388889 0.02027078203125008 0.04296712916666665
0 0.5299071675781251 0.5689679534722222 0.031185819531249947 0.045739204166666686
9 0.48351826171875 0.5571866437499999 0.008576099999999975 0.02217658472222226
0 0.47884038867187506 0.564116825 0.007016807031250049 0.022176583333333375
0 0.47256261132812494 0.5653048618055555 0.008576100781249974 0.02494865694444444
0 0.460867927734375 0.5659978812500001 0.014813263281249966 0.029106765277777828
0 0.4417666136718751 0.5680769368055556 0.023389364843750027 0.036036948611111085
0 0.402394515625 0.5618397701388889 0.05535482968750003 0.03465090972222226
0 0.41097061796874995 0.5743140993055555 0.035084048437499994 0.040195056944444474
7 0.602763406640625 0.5016461763888889 0.011694682031250014 0.023562619444444502
7 0.22648701445312502 0.4553129659722222 0.01637255546875003 0.0540554208333333