7 0.03560232890625 0.18703265208333333 0.012235648437499996 0.04078549861111114
7 0.0344552359375 0.23121693958333336 0.019118201562500003 0.03670694583333333
7 0.032925779687500004 0.26180606041666665 0.0160592890625 0.04350452916666667
6 0.10251603359375001 0.16596014444444446 0.01452983281250001 0.07205437500000002
6 0.45429093671875 0.36580907638888893 0.005353095312499967 0.023111783333333354
6 0.49061551875 0.36512931875000004 0.0061178234375000255 0.02447129861111116
0 0.451444466015625 0.39290027777777775 0.019882928906250007 0.013595166666666674
0 0.47323921718750006 0.4078549590277778 0.011470920312499988 0.027190329166666694
0 0.46750375664062493 0.40921447777777775 0.012235650781250041 0.01903323333333328
0 0.48547486601562506 0.4248489159722223 0.02829493828124994 0.03670694583333337
0 0.45259155859375 0.4132930263888888 0.022177114062500003 0.02990936388888888
0 0.448385555078125 0.42145012638888885 0.019882930468750004 0.021752266666666662
0 0.43041444492187503 0.4030966541666667 0.013000375781250018 0.014954686111111058
0 0.731972214453125 0.4520392472222222 0.06347242734374996 0.11283987222222222
0 0.11381702695312498 0.5929758020833333 0.22712424296874997 0.5496978652777778
0 0.412698236328125 0.4422960458333334 0.05658987578125001 0.08157099166666665
0 0.59890952265625 0.4903323027777778 0.2317126 0.32628396666666665