0 0.549233976171875 0.5782080666666667 0.011462274218750058 0.020377377777777796
0 0.564278211328125 0.5760854159722222 0.018626196093749936 0.022924548611111106
0 0.537771701953125 0.5786325881944445 0.011462274218749968 0.017830204166666638
0 0.5277422113281249 0.5833024104166666 0.020058980468749966 0.02547172083333338
0 0.32715240859375 0.5820288243055555 0.037252392187500004 0.03820758194444444
0 0.228290291796875 0.6062269597222222 0.07163921484375002 0.06113213055555554
0 0.07068401796875 0.613868476388889 0.040117960937499995 0.05094344166666668
0 0.656982346875 0.6240571645833334 0.09971580625000005 0.14773598194444437
0 0.29133280117187504 0.6355194388888888 0.12321945078124999 0.12481143333333328
0 0.7397942890625 0.67500060625 0.23211105781250002 0.24962286527777783
0 0.06495288125 0.7055666715277777 0.1289505875 0.2394341763888889
7 0.585053583984375 0.5561325618055556 0.014327842968750027 0.0254717208333333