0 0.445360897265625 0.5989691694444444 0.009278350781250033 0.02886598333333339
0 0.438402133984375 0.5979382430555555 0.016237116406249984 0.026804130555555618
0 0.422744915234375 0.5938145291666667 0.024355674218750067 0.02268041388888891
0 0.41868563671875003 0.6041238097222222 0.02551546718750002 0.030927838888888854
0 0.39085057968750003 0.6041238104166666 0.030154643749999988 0.03917526527777784
0 0.382732021875 0.6134021638888888 0.023195879687499987 0.04123712222222219
0 0.36765469921875005 0.6092784493055556 0.025515467187499974 0.06597939305555553
0 0.32474232187499996 0.6484537145833333 0.09510310937499997 0.16082476805555557
2 0.1055412546875 0.6443300034722222 0.211082509375 0.35876294583333335
0 0.15309280859375002 0.7113403222222222 0.30618561718750004 0.34020624166666663
0 0.46159801367187503 0.601031026388889 0.032474230468749976 0.04948454722222222
0 0.49291245273437506 0.6092784499999999 0.032474232031249974 0.05360825555555561
7 0.40012893164062496 0.5773196847222222 0.00927835078124999 0.026804127777777766
7 0.52480678828125 0.5134021472222222 0.019716500000000005 0.039175266666666646
7 0.525386684765625 0.5391753465277778 0.013917527343749913 0.02061855972222225
7 0.6100516468749999 0.4154639847222222 0.02319587968749994 0.03711340555555556