7 0.717931676171875 0.29522575763888886 0.016372555468749984 0.024948654166666667
7 0.7265077765625 0.31532328541666665 0.019491137499999932 0.023562615277777806
7 0.724948485546875 0.3395789256944444 0.017931846093750002 0.02494865972222221
7 0.597866271484375 0.38323907152777775 0.007016810156250042 0.01801847361111118
6 0.5883805796875 0.3825460520833333 0.00779645468750001 0.022176579166666637
6 0.582143416796875 0.3818530354166667 0.007796455468749919 0.020790545833333358
6 0.58383265234375 0.4151179097222223 0.007016809375000044 0.015246400000000035
6 0.57759548828125 0.4171969645833334 0.008576099999999975 0.01940450972222223
0 0.51834243125 0.45877805763888896 0.013253973437500033 0.019404512500000002
0 0.49339377539062496 0.46085711180555555 0.024169010156249993 0.03187883750000001
0 0.459089373828125 0.4608571111111111 0.045999083593750004 0.0595995666666667
0 0.408802239453125 0.46709427708333334 0.05145660234374998 0.06375767916666666
0 0.47897033359375 0.4608571125 0.012474328124999979 0.029106766666666634
0 0.43219160429687503 0.4615501277777778 0.015592910156250018 0.03603694166666674
0 0.41932745351562506 0.4504618381944444 0.028846882031249965 0.03603694583333331
0 0.6076118394531249 0.4781825666666667 0.015592910156250018 0.0582135305555555
1 0.5448503773437501 0.4421456201388889 0.039761918750000014 0.08039011249999999
0 0.5721379687500001 0.4802616215277778 0.07406631875 0.11504102361111106
0 0.683237451953125 0.48649878611111114 0.07952383984375003 0.12197120555555559
0 0.246116209375 0.47725854375 0.04989730937500001 0.07484596805555555
0 0.190371557421875 0.44260763263888886 0.03040617421874998 0.027720729166666618
0 0.15021981484375 0.45577497916666665 0.06081234843750001 0.048511275000000055
0 0.11435612343750001 0.4571610152777778 0.0421008578125 0.04851127499999998
0 0.079661898046875 0.43914254166666666 0.03820262890625 0.026334691666666684
0 0.09018711171875 0.46617025069444445 0.06081234687500001 0.047125234722222194
0 0.19465960820312497 0.4876538166666667 0.10603178671874998 0.08454822222222226
0 0.318363363671875 0.4733314395833333 0.09043887890625002 0.09286444027777777
0 0.11055372109374999 0.5781157909722222 0.219860028125 0.40056452638888884