7 0.010196028515625 0.12434690486111112 0.02039205703125 0.21489791249999998
7 0.496370271484375 0.18312240624999998 0.038227033593750015 0.1083673236111111
7 0.846199276953125 0.2308774951388889 0.019630097656250102 0.056938759722222204
7 0.9056061515625 0.046285698611111106 0.039260195312500024 0.07346937222222222
7 0.9236865054687499 0.11975507222222223 0.03822703437499993 0.0771428388888889
7 0.8890755441406248 0.11148976597222222 0.024795914843750034 0.049591823611111106
7 0.8090054074218751 0.2960815645833333 0.027895402343750052 0.05510202916666667
7 0.8095219894531249 0.3374080875 0.028928566406249967 0.04224489166666664
7 0.859113814453125 0.24832647013888887 0.05165815234375 0.09918365416666665
7 0.17433335234375 0.25751014583333337 0.018596934375000006 0.022040811111111107
7 0.470851146875 0.32638768263888884 0.01653061093749999 0.05693876527777779
6 0.5147605765625001 0.33740808541666667 0.011364793749999968 0.04959182361111109
6 0.51062792421875 0.379652975 0.009298468749999955 0.01653060833333334
6 0.5261253707031249 0.3778162409722222 0.011364794531249967 0.027551015277777757
6 0.579849848046875 0.18587750694444444 0.01343111953124998 0.055102030555555535
6 0.55918658671875 0.1849591388888889 0.011364793749999968 0.04959182500000002
6 0.360406009765625 0.18312240486111114 0.013431119531250025 0.042244890277777794
6 0.89785742890625 0.33740808680555556 0.025829076562500042 0.03489795416666668
6 0.37600677617187495 0.1849591388888889 0.010331630468750009 0.04959182500000002
0 0.04945622578125 0.3934284881944444 0.0989124515625 0.10285712638888889
0 0.8301852496093751 0.6285304805555555 0.33681115234375003 0.5583672249999999
0 0.3874748765625 0.5881223284722221 0.3688392078125 0.404081548611111
0 0.306371577734375 0.4154692965277778 0.04959182421874999 0.05142855972222225
6 0.174333352734375 0.3328162534722222 0.022729586718749983 0.018367343055555572
0 0.198096103125 0.4062856270833333 0.2252295453125 0.15061221527777782
6 0.5703060015625 0.18459179722222221 0.013431120312499979 0.05693876388888886
7 0.523953943359375 0.1715669701388889 0.014350397656249925 0.09141734861111112