0 0.15371033750000002 0.4833081270833333 0.017206381250000003 0.02447129861111108
0 0.13765104921875 0.4894259527777778 0.044736590624999996 0.02854984722222219
0 0.10667956328125001 0.4853474013888889 0.021794749999999995 0.02854984722222219
0 0.080869990625 0.4853474020833333 0.0412953140625 0.032628395833333296
0 0.13765105 0.5087990631944445 0.030971485937500008 0.03466767083333337
0 0.1428129640625 0.5047205138888889 0.025236024999999995 0.02243202499999997
0 0.912511745703125 0.4822884909722222 0.07341389296875 0.06321752083333333
0 0.75363949375 0.49452414097222225 0.08144353750000004 0.07137461805555555
0 0.684240423046875 0.5098187000000001 0.06653133984374993 0.05709969444444446
7 0.403776410546875 0.4313066215277778 0.019500564843749978 0.030589120833333303
7 0.6871081531250001 0.43436553333333333 0.02179475000000002 0.024471297222222195
7 0.7937877171875 0.44762081944444443 0.01950056562500002 0.02651057222222227
7 0.8878492664062501 0.45067973124999994 0.01950056562500002 0.02447129861111116
7 0.29136138671875 0.4792295777777778 0.01032382812499999 0.02854984722222219
9 0.036706946484375 0.5261328986111111 0.02408893359375 0.06525679444444445