0 0.2541082875 0.4056529819444445 0.08264057187499999 0.1028416
0 0.646559180859375 0.4187122333333333 0.10651451640624998 0.09631197222222225
0 0.8779527843749999 0.43340389236111115 0.23323006093749993 0.1811971069444445
0 0.38813522031250003 0.40859131875 0.022955714062499986 0.031015720833333343
0 0.408795362890625 0.4053265076388889 0.02020102734375002 0.040810159722222274
0 0.431751076953125 0.4069589166666666 0.02387394296874996 0.04081015833333331
0 0.5419385078125 0.3930834611111111 0.1120238875 0.09794438333333338
0 0.974068485546875 0.48926287916666666 0.050846660156249966 0.1296744444444444
7 0.573892865625 0.2987303680555556 0.021119256249999996 0.04570737777777778
0 0.46399874453124995 0.40836477986111114 0.03670694531250005 0.05098187083333335
6 0.30388910664062496 0.39375006458333334 0.010438146093750022 0.03092784027777782
6 0.34390200000000004 0.34117273680555554 0.013917528125 0.03298969583333336