0 0.07359799218749999 0.5961491541666667 0.09065712968749999 0.07625163611111113
0 0.612179326953125 0.5545573527777777 0.06628693359375007 0.09011556944444439
0 0.575136629296875 0.5311619645833333 0.013647310156250026 0.03639282638888888
0 0.670667798046875 0.5476253847222222 0.01949615703124996 0.07971761666666674
0 0.503975656640625 0.5276959812500001 0.07408539765625007 0.05025676249999999
1 0.171566180859375 0.5510913680555556 0.11307771015625001 0.06931966666666661
0 0.730131076171875 0.5259629888888889 0.10722886171874997 0.16116823055555551
0 0.789106951171875 0.48870366736111115 0.02047096484375004 0.04852377083333334
1 0.6370369273437501 0.4991016173611112 0.03801750625000002 0.06238770138888891
1 0.568800378125 0.5017011055555555 0.08285866718749997 0.09531454722222218
1 0.458159687890625 0.5164315340277779 0.031193852343750005 0.051989751388888866
7 0.4835046914062501 0.43584741875 0.01169769374999996 0.02252889305555554