0 0.10138001601562499 0.7807127722222222 0.20081041640625 0.43498092222222223
0 0.9109579316406251 0.7876447395833334 0.1744906039062501 0.19929404861111102
0 0.25393744375000005 0.7469194347222223 0.201785225 0.2287549083333334
0 0.8071408960937501 0.7347884923611111 0.24370196250000004 0.2668807263888888
0 0.689189146875 0.7096601104166667 0.08188385937499998 0.16116822916666662
0 0.6029186527343751 0.6594033527777777 0.028269427343749952 0.036392825
0 0.533707295703125 0.6949296819444445 0.10040520859375004 0.1629012222222223
0 0.41721775820312496 0.6801992527777778 0.06628693359374997 0.09184856111111112
0 0.45767228320312503 0.6784662611111112 0.024370196093749998 0.060654708333333376
0 0.469857380859375 0.6706677972222223 0.01949615703125005 0.04159180000000002
6 0.59658240078125 0.5502248729166667 0.005848846875000024 0.025994876388888914
6 0.45231084062499993 0.5684212861111111 0.003899231250000046 0.024261883333333383
6 0.5917083625 0.55109136875 0.005848846874999936 0.027727868055555563
7 0.750602041015625 0.5510913673611111 0.04484116015625004 0.0693196680555555
7 0.7462154058593751 0.4887036652777778 0.024370196093749998 0.055455736111111126
7 0.631188080078125 0.5952826576388889 0.012672502343750036 0.025994876388888834