6 0.7597159738281251 0.34768899166666667 0.030088469531249995 0.048396266666666674
6 0.5966309171875 0.04155884861111111 0.016378687500000044 0.08311769722222222
7 0.23674969960937498 0.3107549923611111 0.027222900781249983 0.06622647361111113
7 0.6330518574218751 0.39905695694444443 0.012895058593749998 0.030566066666666655
0 0.5544875257812499 0.46358532152777776 0.011462274999999966 0.022924551388888877
0 0.572397330078125 0.4661324923611111 0.015760627343750055 0.028018893055555574
0 0.593172702734375 0.47504759583333334 0.037252394531249955 0.05603778333333338
0 0.5415924667968749 0.46231173472222226 0.017193411718749996 0.020377377777777796
0 0.50219089921875 0.46995325069444444 0.021491764062499995 0.03566040972222224
0 0.4871466640625 0.4763211798611111 0.017193410937499997 0.043301926388888905
0 0.629708702734375 0.47377401111111117 0.047281882031249986 0.0942453694444444
0 0.518667919921875 0.47759476736111106 0.022924547656250027 0.04075475416666663
0 0.6788327355468751 0.49333265486111105 0.11114312578124999 0.13336265694444438
0 0.460749678125 0.47763217222222226 0.044197268749999984 0.06120693611111116
6 0.5711695164062499 0.041029439583333334 0.014889715625000032 0.08205887916666667
6 0.61956109375 0.039705909722222224 0.016378687500000044 0.07941181944444445