7 0.548188246875 0.37017072638888887 0.011694682812500013 0.018018472222222214
7 0.619915632421875 0.339677925 0.01481326640624996 0.018018472222222214
7 0.6226443910156251 0.3625475256944444 0.00935574609374994 0.0166324347222222
7 0.615237759375 0.3743288354166667 0.011694682812500013 0.01524640138888892
0 0.48258663945312497 0.37868495208333336 0.01169468359375001 0.0180184736111111
0 0.47362071484375 0.37868495208333336 0.00779645468750001 0.02079054305555559
0 0.49389149843749997 0.3814570277777778 0.010915037499999957 0.018018472222222214
1 0.5076466804687501 0.37175477013888886 0.02105042812500004 0.04573920138888887
0 0.5353240964843751 0.38937722569444444 0.017152200781250036 0.020790545833333358
0 0.45541043359375005 0.3935353340277778 0.042880501562499965 0.07068785694444446
1 0.81677611875 0.35581535277777776 0.36487408906249996 0.35205325277777777
1 0.124133703515625 0.2970001951388889 0.24826740703125 0.15882363750000003