7 0.47131959335937507 0.3236968173611111 0.05946327890625005 0.049269040277777794
7 0.5185977730468749 0.3362003951388889 0.03314346640624999 0.027727868055555525
7 0.394309773046875 0.2729461965277778 0.016571733593749992 0.02252889305555554
7 0.394309773828125 0.3084725263888889 0.018521349218749972 0.055455736111111084
0 0.48350469062499996 0.4063865597222223 0.013647309374999939 0.036392825
0 0.42842804765625003 0.4055200638888889 0.02047096562500004 0.034659833333333265
0 0.345081976171875 0.38819014722222217 0.035093082031250014 0.031193852777777822
0 0.25832407890625 0.3734597166666666 0.07798462812499998 0.06412069444444445
0 0.132086463671875 0.3734597180555556 0.09845559140625001 0.07105266111111115
0 0.40210823632812503 0.40985254374999996 0.04581596953124998 0.06412069583333332
0 0.45815968710937494 0.4150515173611112 0.04484116015625004 0.06758667638888885
0 0.511774119140625 0.42025049444444446 0.040941928906249994 0.06758667777777781
0 0.8436961910156249 0.5320284597222222 0.31096370390625 0.4956356333333334