6 0.4419086816406249 0.12480748472222222 0.014040841406249971 0.02080124722222223
6 0.68294313671875 0.13312798333333334 0.011700703125 0.024961497222222205
7 0.696398943359375 0.16432985347222223 0.02223133359374998 0.020801245833333325
7 0.6887934871093749 0.21529291111111112 0.011700702343750003 0.0228813722222222
7 0.59343276796875 0.2121727236111111 0.01287077187500003 0.024961497222222205
6 0.272833542578125 0.2392143451388889 0.012870772656249984 0.029121745833333337
6 0.682358100390625 0.25793546805555556 0.015210911718749998 0.024961497222222247
6 0.2517722796875 0.24129447013888886 0.010530631250000023 0.029121745833333337
6 0.469990365625 0.29641777569444444 0.00936056093750004 0.01456087361111109
0 0.565351084765625 0.34842089375 0.03627217578124995 0.05200311805555553
0 0.137105403125 0.3432205826388888 0.12753764843749998 0.11648698749999996
6 0.5103577875 0.3182590854166667 0.008190490624999925 0.020801248611111114
0 0.019702272265625 0.37234232916666665 0.03940454453125 0.08736523888888886