0 0.11283400859375 0.5606228236111112 0.07311058906250001 0.0831836027777778
0 0.28708091171875 0.5144097277777777 0.01072288750000001 0.012130944444444462
0 0.266609945703125 0.527695979861111 0.008773271093750035 0.012130940277777806
0 0.32168658828124996 0.5207640138888888 0.011697693750000005 0.012130941666666692
0 0.34508197734375 0.5294289722222222 0.015596925000000006 0.01906290833333336
0 0.27489581249999995 0.5337614513888889 0.011697693750000005 0.02079589999999993
0 0.3367961109375 0.53029546875 0.008773270312499993 0.013863934722222224
0 0.450361225 0.5314508041666667 0.01754654218749998 0.024261883333333303
0 0.473269208984375 0.525385336111111 0.022420580468750017 0.019062911111111133
0 0.46742036171874995 0.5123878958333333 0.012672501562499949 0.010397950000000043
0 0.49032834531249997 0.52625183125 0.013647309375000027 0.020795901388888892
0 0.5263962363281249 0.5253853326388889 0.00974807890624998 0.012130940277777806
0 0.518597774609375 0.5245188388888888 0.00974807890624998 0.020795902777777778
0 0.510311908203125 0.5279848215277778 0.010722888281249964 0.017329918055555518
0 0.508362291796875 0.5141208875000001 0.010722886718749968 0.006931966666666669
0 0.49910161718749996 0.5331837972222222 0.023395389062500004 0.031193852777777743
0 0.545729935546875 0.5314508041666667 0.028269427343750042 0.024261883333333303
7 0.623064701953125 0.5037229375 0.016571733593749992 0.03465983611111112
7 0.39772160078124996 0.48812601180555554 0.007798462500000003 0.020795901388888892
7 0.388948330078125 0.48812601111111115 0.005848847656250022 0.013863933333333339
7 0.35970409609375 0.5054559298611111 0.007798462500000003 0.013863934722222224