0 0.535384486328125 0.41572846180555556 0.017098507031249977 0.023245031944444446
0 0.5424250503906249 0.4219867395833333 0.015086919531250053 0.025033112500000006
0 0.5529858937500001 0.4336092548611111 0.010057945312500038 0.04112582638888888
2 0.48157447343750004 0.4103642229166667 0.09253310937500006 0.18774833750000003
2 0.595732167578125 0.3996357465277777 0.08146936796874993 0.14483443194444443
1 0.39155585078125 0.40499998263888887 0.09957367187499999 0.18417217361111113
0 0.308074892578125 0.48725163750000006 0.08951572265625 0.12337747777777781
0 0.19391719921875 0.5024503125 0.09454469843749999 0.1037086055555556
0 0.03349295 0.5632450118055555 0.065376653125 0.23960264027777783
7 0.7154217328125 0.24317879722222221 0.021121687499999986 0.017880791666666694
7 0.6968145328124999 0.24586092013888888 0.01609271718750005 0.012516559722222216
7 0.7048608898437501 0.21367548888888893 0.01609271718750005 0.03397350833333333
7 0.59824665546875 0.2735761486111111 0.014081128125000042 0.0393377472222222