0 0.591677663671875 0.45242713263888895 0.011700702343750003 0.014560873611111053
0 0.5975280140625 0.4472268194444444 0.009360562500000036 0.01248074999999997
0 0.602208294140625 0.4513870701388889 0.011700702343750003 0.012480748611111083
0 0.6133239609375 0.4534671958333334 0.010530631249999978 0.016640999999999986
0 0.6185892765625001 0.4534671958333334 0.011700701562500004 0.016640999999999986
0 0.63204508359375 0.45242713263888895 0.015210912499999996 0.014560873611111053
0 0.6507662058593751 0.4659479402777778 0.022231332031249985 0.024961497222222247
0 0.666562155078125 0.47218831458333327 0.018721122656249988 0.03744224583333333
0 0.677092785546875 0.4742684395833333 0.021061263281249954 0.04160249583333334
0 0.6858683121093749 0.4773886284722222 0.01989119140625002 0.052003118055555575
0 0.7098547500000001 0.47530850486111115 0.03978238593749994 0.06032361805555553
0 0.71687517109375 0.4825889388888888 0.025741543749999974 0.058243494444444446
0 0.737936433984375 0.4805088166666667 0.03510210546875001 0.07072424166666665
0 0.768358258984375 0.4805088152777778 0.05850350859375002 0.09568573888888889
0 0.810480783984375 0.4909094388888889 0.09126547265624999 0.12480748055555553
0 0.5805619984375 0.45970756666666673 0.010530631249999978 0.012480750000000047
0 0.57763682109375 0.4659479416666667 0.00936056093750004 0.016640997222222214
0 0.5706163996093749 0.4659479416666667 0.009360561718750039 0.016640997222222214
0 0.561840873828125 0.4680280666666667 0.01287077265624994 0.02080124722222223
0 0.5536503832031251 0.47322837986111116 0.012870772656250029 0.022881373611111085
0 0.542534715625 0.47946875347222223 0.014040842187499968 0.031201873611111115
0 0.5249836640625001 0.48466906527777776 0.01638098281250002 0.02912174722222226
0 0.51269792734375 0.48570912708333336 0.019891192187500017 0.03536212083333336
0 0.333092155859375 0.4950696888888889 0.05850350703125003 0.1539292305555555
0 0.41558210234375004 0.4742684423611111 0.12051722656249994 0.18305097638888887
0 0.588167452734375 0.47530850347222225 0.021061263281249954 0.02704162083333333
0 0.624439627734375 0.4732283784722222 0.042122525781249996 0.02704162083333333
0 0.137105403515625 0.5574734298611111 0.15093905234375 0.18305097638888887
0 0.911691854296875 0.5106706236111112 0.17434045390625014 0.16016960555555554
0 0.031402974218750004 0.5252314965277778 0.06280594843750001 0.3390603319444444
7 0.6724125042968749 0.4347460715277778 0.007020421093749984 0.020801248611111114