7 0.9122010632812501 0.1831830222222222 0.10670104843750003 0.1237113611111111
7 0.763747430078125 0.17493559583333335 0.10438146015624987 0.12371136111111111
7 0.4494432546875 0.48627585277777774 0.018556703124999973 0.0164948472222222
7 0.331144265234375 0.3336985069444444 0.020876292968749998 0.049484544444444445
7 0.5399071859375 0.49349234999999997 0.011597939062500017 0.01855670555555559
7 0.8368144519531249 0.35844078055555556 0.023195878906250123 0.049484544444444445
7 0.690100511328125 0.45534801458333335 0.010438146093749979 0.028865984722222196
0 0.605992367578125 0.5384389694444445 0.015077322656249947 0.04123711944444442
0 0.56076040078125 0.5384389659722223 0.019716498437500007 0.04948454583333333
0 0.44610026328124996 0.5457732854166666 0.03363402656250001 0.03092784027777774
0 0.584695648046875 0.5457732847222222 0.03943299609375002 0.05567011111111108
0 0.646164729296875 0.5416495729166666 0.07654640390625005 0.10927836805555557
0 0.51394821328125 0.5591753506944445 0.07654640468749996 0.11546393749999997
0 0.8402707566406249 0.5845361784722223 0.27951035546874997 0.2453608652777778
0 0.9035026070312501 0.3677191319444445 0.06378867031249999 0.01855670555555559
1 0.857110846484375 0.3537705555555556 0.07306702265624984 0.050577566666666685
2 0.697059275 0.5235872569444444 0.038273201562499984 0.06970711388888888
0 0.09106690625 0.38009027013888896 0.0974226953125 0.01855670416666671
0 0.022917469921875 0.3707669736111111 0.04583493984375 0.01658473611111112