0 0.45367776992187503 0.42973905208333335 0.020393944531249986 0.019194301388888925
0 0.413489703515625 0.4318717520833333 0.031190736718749966 0.031990498611111126
0 0.38409843203125 0.4361371513888889 0.02279323124999997 0.023459700000000003
0 0.35531014218749996 0.4361371513888888 0.02998477343750001 0.03199050000000001
0 0.32749340195312504 0.44077799027777775 0.03763250078125 0.054068377777777794
0 0.28932657734375 0.4404025506944445 0.044386818750000015 0.0447866986111111
0 0.24314029062499998 0.45213240069444444 0.05758290000000001 0.05545019861111113
0 0.120176805859375 0.4819902027777778 0.09717114453124999 0.09810419999999999
0 0.026198467578125002 0.5182461020833333 0.052396935156250005 0.11516580138888889
0 0.47467153476562507 0.4222746013888889 0.014395725781249969 0.04265399999999996
0 0.49926423359375 0.41694285138888887 0.039588245312500006 0.08744070000000002
0 0.54904944921875 0.4350708006944444 0.07677719999999999 0.12796200138888886
0 0.61502985390625 0.45426510138888887 0.13196081250000002 0.1834122
0 0.7427919140625001 0.5043835527777778 0.25072554375000006 0.2452605