6 0.090401826171875 0.3880103777777778 0.01549745546875 0.022959194444444442
6 0.07576533984375 0.38647976527777783 0.010331635937499995 0.02602041944444448
6 0.09858103945312499 0.3926022166666666 0.012914546093750002 0.05357145277777775
6 0.1192443140625 0.39260221597222217 0.009470667187500004 0.05663267916666667
6 0.167889106640625 0.34056137569444445 0.010331636718749992 0.03214287083333333
6 0.38450910625 0.2755103277777778 0.012053576562500012 0.03979593611111112
6 0.315631524609375 0.3604593451388889 0.00860969765624997 0.029081645833333288
6 0.259668489453125 0.3704083291666666 0.008609697656250016 0.024489805555555615
6 0.394840743359375 0.2839286986111111 0.010331636718750037 0.03520409722222221
6 0.515548715625 0.29540829583333333 0.010331637499999945 0.027551033333333346
6 0.5133962917968751 0.3658164916666667 0.012914546093750002 0.021428583333333348
6 0.5142572613281249 0.37117363611111115 0.012914546093750002 0.04744900000000002
0 0.0723214609375 0.4668369458333333 0.08093115937499999 0.045918388888888884
0 0.0223852140625 0.4683675576388888 0.044770428125 0.05510206527777773
0 0.011623091796875 0.48061246180555556 0.02324618359375 0.03367348472222223
0 0.340513546484375 0.4539798034722223 0.02496812265624997 0.030612259722222195
0 0.24021056718749997 0.45857164375 0.06026788437500001 0.03367348472222223
0 0.270344508984375 0.45704103055555556 0.013775516406249988 0.02448980555555554
0 0.295743117578125 0.45780633680555555 0.02324618359374999 0.022959193055555556
2 0.326738029296875 0.44755122291666666 0.021524244531250014 0.03306122638888888
0 0.357044176171875 0.46714306249999993 0.02152424453124997 0.09795922777777777
0 0.471208773046875 0.4403573354166667 0.035299761718749954 0.050510226388888906
0 0.508660958984375 0.4441838680555555 0.03788267109374992 0.027551033333333346
0 0.72553923984375 0.42887773888888886 0.04218751875000004 0.03979593611111112
0 0.8241202789062501 0.42045936944444445 0.030994912499999926 0.05663267777777779
0 0.788390032421875 0.4219899798611111 0.021524242968749975 0.05051022638888883
0 0.6904977589843749 0.43270427222222213 0.022385214843750046 0.02908164722222221
0 0.656489452734375 0.4327042701388889 0.05940691484374998 0.038265323611111055
0 0.63367375390625 0.4334695791666667 0.012053576562500012 0.02755103333333327
1 0.58718138671875 0.42474508958333335 0.09126279687499998 0.06887758194444445
0 0.96916499296875 0.4216838618055555 0.058545943749999906 0.044387773611111056
7 0.006887758203124999 0.3631379180555555 0.013775516406249999 0.05510206666666666
7 0.49828625703125 0.26211746458333335 0.02152424374999997 0.042857162500000004
7 0.44447564570312503 0.2827807388888889 0.04993624765625002 0.016836741666666672
7 0.29251448046875 0.36849506388888886 0.030133940624999987 0.013775516666666635
7 0.51077031875 0.30956646527777776 0.01635842656250004 0.01224490277777777
7 0.5211019558593749 0.3202807555555556 0.014636486718749975 0.01836735555555558
7 0.519810501171875 0.20548478472222223 0.01721939609374994 0.03979593611111112
7 0.5180885621093749 0.23609704374999999 0.020663274218749982 0.01836735416666665
7 0.995281058984375 0.30214299375000003 0.006887758593749993 0.027551031944444464
0 0.4125480140625 0.45593132708333334 0.1300064359375 0.27589298194444445