9 0.247616019921875 0.5319588520833334 0.04987114140625 0.17938147638888893
6 0.12061857578124999 0.2597938548611111 0.020876290625000005 0.08865980694444447
7 0.139755177734375 0.18865982499999998 0.02667526171875001 0.049484544444444424
7 0.131056723828125 0.3391753138888889 0.046391760156249996 0.037113408333333334
0 0.45057996953125007 0.5030928666666666 0.061469082812500006 0.08453609722222223
0 0.7150130046875 0.49896915555555554 0.06030928593749998 0.07216496388888889
2 0.744007854296875 0.4608248194444445 0.08118557890625003 0.09896908888888889
0 0.71617279921875 0.4979382263888889 0.060309287499999975 0.06597939166666665
0 0.7869202312500001 0.5082475048611111 0.04871134687500005 0.06597939305555553
0 0.8913016933593749 0.5835052506944444 0.21340209921874997 0.34845366527777777
6 0.581636694140625 0.3814433604166666 0.0057989695312500086 0.01855670416666671
6 0.6448454671875 0.3948454270833333 0.006958764062500044 0.02061856250000002
0 0.58279648828125 0.6092784506944444 0.2725515921875 0.41237120138888883
7 0.13106147304687502 0.04395345347222222 0.14254038828124999 0.07176074583333333
7 0.8547377777343751 0.35880373402777777 0.017659871093749935 0.026910276388888873
7 0.727628756640625 0.3517024152777778 0.03658116171875001 0.05157803611111112