9 0.332896879296875 0.5476253854166667 0.05946327890625001 0.2114249902777778
0 0.426478432421875 0.4939026409722222 0.014622117968750015 0.024261881944444418
0 0.411856314453125 0.4965021291666667 0.0068236554687500115 0.022528894444444426
0 0.402595640234375 0.49736862569444446 0.013647310156249981 0.031193851388888857
0 0.39869640859375 0.5051670888888888 0.013647309375000027 0.03292684444444439
0 0.384074291015625 0.5103660618055555 0.023395388281250006 0.03985880972222217
0 0.36019149921875 0.5320284590277778 0.045815968750000026 0.10744548472222222
0 0.14085973398437499 0.5857512034722223 0.16084329453125 0.12477540416666663
0 0.5132363312500001 0.3379333861111112 0.07311058906249998 0.08664958611111113
0 0.5263962367187499 0.4627087902777778 0.10138001562500003 0.16983319166666666
1 0.524509908203125 0.47869814097222224 0.14219537109374994 0.2314360430555556
0 0.5829350921875001 0.4713737493055556 0.015596926562500002 0.020795901388888892
0 0.6165659625 0.4687742604166667 0.08285866718749997 0.060654709722222186
0 0.60925490390625 0.4956356347222223 0.05263962343749995 0.09358155277777777
0 0.635574715234375 0.4921696506944444 0.07408539609374998 0.08664958472222221
0 0.654583468359375 0.4991016173611111 0.07506020390624997 0.1282413875
0 0.671155201953125 0.5242299965277777 0.055564047656250004 0.08838257916666671
0 0.6818780882812501 0.53809393125 0.05556404687500001 0.09878052916666667
1 0.834922919921875 0.4237164763888889 0.32656062890624993 0.8405009861111111
0 0.037042698046875 0.6108795826388889 0.07408539609375 0.1577022458333333
0 0.008773270703124999 0.6654688215277778 0.017546541406249998 0.07971761805555554