7 0.05341353125 0.3812011243055556 0.03603515156249999 0.032812495833333344
7 0.6387650199218751 0.39526362083333333 0.043066400781250014 0.01718749722222223
6 0.19535687265625 0.5054198597222221 0.012304685937500026 0.05937499444444438
6 0.642720096875 0.49916985972222216 0.008789060937500004 0.04687499444444438
6 0.5262650339843751 0.5593261027777777 0.006152342968750002 0.0171875
6 0.46605996328125 0.5608886027777777 0.007031248437500004 0.0140625
0 0.458149807421875 0.5687011013888889 0.014062497656250006 0.02343749722222223
0 0.4374955140625 0.57729485 0.023730467187499917 0.02499999722222223
0 0.41991739062499994 0.5874510979166666 0.030761714062499924 0.045312493055555576
0 0.393550206640625 0.59604485 0.02021484140625005 0.05624999444444446
0 0.36586466289062497 0.6101073472222223 0.05273436796874997 0.06562499166666669
0 0.47880410234375 0.5765136006944445 0.016699217187500004 0.017187495833333344
0 0.5174466101562499 0.5647948513888889 0.016757942187499975 0.02812499722222223
0 0.54735878125 0.5827635993055555 0.04658202500000001 0.0765624902777778