0 0.47273178437499996 0.6852330819444443 0.32642225 0.3180757972222222
0 0.89804157421875 0.8071614319444443 0.2018724296875 0.3822560944444444
0 0.77798439140625 0.6524542770833334 0.27315669374999996 0.30593549861111113
0 0.645503393359375 0.5990369680555556 0.08467857578124996 0.13111521388888892
0 0.599066755859375 0.5856826409722221 0.06282603984374999 0.08983820138888893
0 0.47341467617187494 0.5031286194444444 0.06828917421874996 0.016996416666666646
0 0.5697024109375001 0.5346933916666666 0.036876153125000054 0.04127701111111111
0 0.40375971796875004 0.5104127972222222 0.03277880312500003 0.031564772222222204
7 0.5833602457031251 0.4708700993055555 0.015023617968750003 0.036420893055555584
7 0.56287349375 0.41866682083333334 0.012292051562499929 0.02913671388888888
7 0.421514903125 0.4308071166666666 0.019120968749999977 0.014568355555555555
7 0.41605177031250007 0.38953010416666667 0.021852535937499962 0.014568355555555555
7 0.2951799328125 0.3081901125 0.028681453125000013 0.03642089444444443
7 0.308154875 0.23534832777777778 0.06555760781249997 0.09955043888888887
7 0.567141587890625 0.45526115763888886 0.01365783515625001 0.012140298611111117
7 0.5582639945312501 0.4686154847222222 0.02048675156249997 0.014568355555555555
7 0.44422107578125003 0.46497339583333336 0.010926268749999935 0.016996416666666726
7 0.42168564765624994 0.44919100972222226 0.009560484375000034 0.01942447777777782
6 0.509607937890625 0.4436411597222222 0.015023617968750003 0.02913671388888888