0 0.040225954296875 0.6254647326388889 0.07773132109375 0.3316536347222222
0 0.12991593945312502 0.5521182576388889 0.22362703046875 0.2912599208333333
0 0.25491886679687503 0.5555906951388889 0.11121558203125001 0.14881894027777776
0 0.312918391015625 0.535748179861111 0.08371065390625003 0.11480318194444447
0 0.35596958398437495 0.5378741645833333 0.04783465859375 0.08503939305555555
0 0.375103447265625 0.5272442416666667 0.06218505703124997 0.080787425
0 0.4020104421875 0.5187403013888889 0.029896662499999983 0.06377954444444443
0 0.41576290781249997 0.5166143166666667 0.031092529687500026 0.059527575000000055
0 0.433700905078125 0.5229922715277778 0.014350397656250014 0.0297637902777778
0 0.46345520195312506 0.5146401861111111 0.007459927343750028 0.020956133333333328
0 0.7589765859375001 0.5740159076388889 0.188946903125 0.2168504541666667
0 0.651946535546875 0.5346851875 0.13034944453125002 0.16370083333333332
0 0.58677181328125 0.5442521194444445 0.047834659374999956 0.09779530277777779
0 0.56345241640625 0.5357481805555556 0.02750492812499994 0.05952757777777775
0 0.544033824609375 0.5328629152777777 0.02272146328125002 0.0488976472222222
0 0.533271026171875 0.5211700020833334 0.03707186015625004 0.05527560972222219
0 0.509353696875 0.5201070069444444 0.015546264062499926 0.03188977499999995
0 0.4956012328125 0.5147920451388889 0.009566931250000011 0.0255118180555555
0 0.48483843359375 0.5147920444444444 0.009566931250000011 0.021259849999999938