6 0.409313883203125 0.3277976166666667 0.009355746093750028 0.03742298333333333
6 0.4194492726562499 0.32849063194444444 0.00935574531250003 0.03326486944444444
7 0.679850866796875 0.4095737631944445 0.02650794453125007 0.015246398611111149
7 0.6607495515625 0.4310573284722223 0.010135390624999996 0.03326487083333336
1 0.217832949609375 0.4476897673611111 0.18243704453125004 0.1968171736111111
1 0.37376204843750005 0.46848031041666666 0.046778728125000016 0.09425047361111112
0 0.40985963359375 0.49481500277777773 0.025416442187499964 0.08870633055555556
2 0.70246058671875 0.5176846048611111 0.12162469531250002 0.20374735138888886
2 0.94469029609375 0.4310573270833334 0.11061940781250001 0.07900407638888893
0 0.8394381546874999 0.6202513006944445 0.321123690625 0.34373703750000006
0 0.490007190625 0.4823406770833333 0.15164104843749993 0.3312627069444445
0 0.304256651953125 0.52322875 0.16372555234375002 0.21067753611111115
7 0.9821584062500002 0.2896816159722222 0.026507946875000066 0.042967131944444424
6 0.66055464140625 0.2127565916666667 0.016372554687499985 0.04989731388888892
6 0.63521616328125 0.2127565916666667 0.017152201562499948 0.05544145833333335
2 0.032940022265625 0.39155529166666664 0.06549022109375 0.09147840555555556
6 0.39041054218750004 0.3232029569444444 0.008773270312500036 0.02599487499999999