7 0.50449529765625 0.4547220416666667 0.013334678125000022 0.014972269444444445
0 0.42367575859375 0.5001154034722223 0.016843803125 0.031192229166666703
0 0.406481042578125 0.49886771458333334 0.01754562890625002 0.036182984722222186
0 0.388935413671875 0.4982438694444445 0.020352928906249977 0.039926052777777776
0 0.37630256093750003 0.4994915590277778 0.020352929687499976 0.04242143194444444
0 0.36402062109375005 0.4957484916666667 0.02947665625 0.06487983611111112
0 0.35524780625 0.49886771458333334 0.020352929687499976 0.07610903749999996
0 0.311734647265625 0.5082253833333333 0.07509529140625001 0.10480588888888889
0 0.13031284335937499 0.5849582659722222 0.19651104140625 0.19838257638888884
0 0.47074921914062495 0.4965802833333333 0.010527377343750022 0.02370609444444448
0 0.477767470703125 0.4928372159722222 0.009123727343749976 0.04366912083333329
0 0.49285671132812503 0.4928372166666667 0.02526570546875 0.05115525555555559
0 0.50338408828125 0.49470875 0.0364949078125 0.0573937
0 0.544791772265625 0.5246532895833333 0.06737521484375 0.09731975416666666
0 0.639538167578125 0.5745608555555555 0.13404860390624992 0.20961177777777779
0 0.83078552109375 0.6924674805555555 0.33827972187500005 0.41548048888888883