7 0.5092636222656249 0.13354597708333332 0.01205357734375001 0.024489806944444463
7 0.615593389453125 0.060841865277777775 0.02496812421875001 0.038265322222222224
7 0.615593387890625 0.09298473333333332 0.02324618359374995 0.013775511111111112
0 0.1720374234375 0.35505436874999996 0.3047833015625 0.38724507083333337
0 0.41025209687499997 0.16479599444444445 0.007748724999999989 0.01836735555555556
0 0.41757034179687497 0.1709184486111111 0.010331638281250033 0.012244911111111121
0 0.42101421875 0.17780620625 0.015497454687499967 0.022959195833333328
0 0.43005440000000006 0.18469396458333334 0.01635842187500005 0.03979594305555556
0 0.40078143046875 0.17933681666666668 0.012914548437499996 0.03520409722222223
0 0.475255313671875 0.16938783333333332 0.012053571093749937 0.01530613055555556
0 0.5023758632812501 0.174744975 0.03529976093750005 0.026020413888888882
0 0.5376756238281251 0.1739796715277778 0.03185588046875001 0.03673470972222221
0 0.6013873851562501 0.17627559305555554 0.03357781718749999 0.05051022499999998
0 0.57082296015625 0.17704089583333335 0.05854594531249999 0.04897961111111109
0 0.6982464863281249 0.18887763402777777 0.09126279609374999 0.07346942083333333
0 0.374607955078125 0.19270416736111112 0.05251915546875004 0.07806125694444445
0 0.45424765859375 0.18887763402777777 0.044770428125000004 0.06734696805555555
0 0.8822955921875 0.20130549791666666 0.22987892968750004 0.20051029583333332
7 0.248649751171875 0.059193797222222226 0.02255570078125002 0.038189547222222224
7 0.24596454882812502 0.018140034722222222 0.047259563281249986 0.036280069444444445