0 0.346250369140625 0.5003902770833334 0.29399393828125 0.41484345972222214
0 0.60398944765625 0.36093724930555554 0.021093735937500035 0.02812497916666668
0 0.789877992578125 0.3222654006944445 0.12392569453125005 0.07265619305555558
6 0.33965857578124997 0.19682535416666663 0.009228509374999971 0.04697399166666665
6 0.350205444921875 0.19335924236111113 0.009228508593750018 0.058593706944444435
6 0.3890970171875 0.1640623875 0.007910146874999979 0.05624995833333332
6 0.40887239414062504 0.16539363819444444 0.010546867968750017 0.04953747361111112
6 0.398984705859375 0.16992175972222223 0.009228508593750018 0.03984372222222223
6 0.4899514421875 0.11835929375000001 0.01713865937500003 0.053906212499999995
7 0.8648743113281249 0.16207627430555555 0.03721426484375012 0.019465254166666668
7 0.8304946628906251 0.1809856388888889 0.019500564843749936 0.030589122222222206
6 0.505102871484375 0.11555890069444442 0.009176736718750078 0.04486404583333334