6 0.559052299609375 0.13863933819444443 0.010722886718750057 0.04852376805555557
6 0.099430400390625 0.06672018194444446 0.015596925781250003 0.07105266111111112
0 0.400158620703125 0.32406945277777777 0.032168658593749996 0.04505778611111108
0 0.34995601640625 0.3362003951388889 0.04874039218750004 0.0554557347222222
0 0.438663530859375 0.3318679159722222 0.02924423515625003 0.03639282638888888
0 0.300728220703125 0.33966637847222225 0.020470964843749995 0.048523768055555534
0 0.235416094921875 0.3621952701388889 0.11795174921875003 0.1109114680555556
0 0.13354867539062498 0.35872928750000005 0.07798462890624999 0.07278565277777779
0 0.0409419296875 0.4263159645833333 0.081883859375 0.20795900694444447
0 0.534682103515625 0.32580244444444445 0.016571733593749992 0.020795899999999968
0 0.55027902890625 0.32840193125 0.012672501562500039 0.02946085694444444
0 0.5614893191406249 0.3249359479166667 0.011697694531250047 0.03292684027777777
0 0.572699609765625 0.3275354354166667 0.024370196093749998 0.03119384861111109
0 0.604868267578125 0.31973697361111114 0.043866350781249966 0.057188727777777774
0 0.6160785589843749 0.3301349236111111 0.027294621093750047 0.06758667777777777
0 0.6506842371093751 0.33013492361111113 0.05946327890624996 0.08838257777777782
0 0.4893535386718749 0.33620039444444444 0.06238770234375002 0.09011556944444447
6 0.43378949140625006 0.27727867638888887 0.005848846875000024 0.02079590000000001
6 0.5000764249999999 0.2755456840277778 0.003899231250000046 0.024261884722222227
6 0.53663171953125 0.2798781638888889 0.006823656249999921 0.015596924999999985
7 0.5668507625 0.28074465972222223 0.008773270312499993 0.024261883333333303
7 0.651659044921875 0.15943523819444444 0.02047096484375004 0.045057784722222216
6 0.7223326136718751 0.24695132083333335 0.011697694531250047 0.01906290833333332