0 0.45323339375 0.5649804729166666 0.023917328125000026 0.01700787916666668
0 0.43768712968749995 0.5628544861111111 0.007175200000000004 0.023385833333333356
0 0.429913997265625 0.56179149375 0.013154532031249921 0.0340157569444444
0 0.42154293203125004 0.5607285006944445 0.015546264062499926 0.03188977083333329
0 0.41018220000000005 0.5586025166666666 0.016742131250000014 0.04039371111111107
0 0.39702766953125 0.5586025166666666 0.016742131250000014 0.04039371111111107
0 0.3814814046875 0.5617914944444444 0.028700795312500027 0.03826772777777773
0 0.364739275 0.5671064569444444 0.023917329687499978 0.03614174444444447
0 0.35038887617187503 0.5671064569444444 0.02630906171874998 0.04889765277777774
0 0.32109014804687497 0.5692324409722223 0.044247061718749994 0.0616535597222222
0 0.280430687890625 0.5713584270833334 0.05620572421874996 0.0701574986111111
0 0.227812562890625 0.5894292979166667 0.07294785546874998 0.08078742638888896
0 0.13872051093749999 0.6021852062499999 0.11480318125000002 0.10629924305555558
6 0.4932949203125 0.5043899027777777 0.005979332812500004 0.017007880555555566
6 0.49748045234375005 0.5075788805555556 0.0047834656250000055 0.019133863888888904
0 0.545913044140625 0.5543505472222222 0.02272146328125002 0.031889772222222175
9 0.5381399121093751 0.5479725944444443 0.007175199218750006 0.023385833333333276
0 0.50405771796875 0.5734844097222223 0.07055612187499997 0.10417325833333335
0 0.5770055730468749 0.5639174791666667 0.025113196093750022 0.05952757499999998
0 0.603912568359375 0.5681694493055556 0.05500985859374996 0.0807874236111111
0 0.6158712328125 0.5798623645833334 0.057401590624999964 0.07866144027777777
0 0.65772656015625 0.5915552819444444 0.0861023859375 0.09354333333333326
7 0.707952951953125 0.4140355465277778 0.014350397656249925 0.019133862500000022
0 0.04464568046875 0.5966930729166666 0.0892913609375 0.1615748486111111
0 0.8654087011718751 0.6519686798611111 0.26548235703125 0.3103937875000001
0 0.97602635 0.7593309118055557 0.04424705937500004 0.2572441652777777