6 0.48348735000000004 0.33082310833333334 0.010926267187500028 0.014568358333333364
6 0.456854572265625 0.3344651979166667 0.012292050781250018 0.01699641805555553
6 0.455488789453125 0.3575317631944444 0.00956048515625003 0.019424476388888893
0 0.5217292875 0.40123683402777777 0.016389401562499996 0.029136715277777763
0 0.535387122265625 0.40123683472222227 0.024584102343750035 0.038848952777777786
0 0.5545080910156249 0.39880877569444445 0.024584103906250033 0.04370507083333332
0 0.5811408683593751 0.3951666861111111 0.036876153906249966 0.06555760833333327
0 0.6227972648437501 0.4048789229166666 0.06828917500000005 0.08983820138888893
0 0.48963337500000004 0.39273862569444445 0.034144585937499985 0.050989248611111135
0 0.360566837109375 0.4036648930555556 0.04916820546874998 0.06312954722222225
7 0.016560103515625 0.31547429027777774 0.01775518515625 0.06070148888888889
7 0.24259726874999998 0.3300426458333333 0.01365783437500001 0.026708655555555558
7 0.73496221171875 0.29847787291666666 0.028681453125000013 0.060701487500000005
7 0.7172070261718749 0.28269548680555556 0.01229205078124993 0.04370507083333332
7 0.5826773539062501 0.31547429166666663 0.01365783437500001 0.03156477500000001
7 0.517495358984375 0.3736783631944445 0.00956048515625003 0.021852537500000026
6 0.43005437578125 0.3455518097222222 0.009470667187500049 0.016836741666666672
6 0.65821136640625 0.31723547013888886 0.014636485937499976 0.02448980694444442
6 0.597512997265625 0.32488853472222223 0.013775516406249988 0.021428580555555576