0 0.40803194609375 0.46289030694444444 0.01186522656250002 0.016406238888888917
0 0.39946261601562505 0.46289030625 0.013183585156249978 0.02109373472222226
0 0.388915748828125 0.46289030694444444 0.015820300781249984 0.016406238888888917
0 0.37441380546875 0.46523405486111113 0.01582030312499998 0.02109373472222226
0 0.361889398828125 0.46640593055555557 0.011865225781250021 0.018749986111111148
0 0.352001710546875 0.46757780416666667 0.015820300781249984 0.021093733333333295
0 0.478564124609375 0.46523405486111113 0.010546867968750017 0.02109373472222226
0 0.32779335 0.46312468125 0.03823239531249998 0.051562462499999934
0 0.46226591328125 0.4654684298611111 0.019775376562500037 0.02812497916666672
0 0.22148422304687498 0.46707555208333323 0.05800777265624999 0.046874968055555556
0 0.114697187109375 0.45770055763888895 0.03955075546875001 0.0374999736111111
0 0.140405176953125 0.46741038194444445 0.04350582890624999 0.03281247777777775
0 0.08041986718750001 0.4627228847222222 0.03955075468749999 0.023437483333333297
0 0.017888474609375 0.47742153958333333 0.03577694921875 0.07734369583333331