0 0.39116726328124996 0.5530614895833333 0.024107154687499976 0.04285716527777781
0 0.5588172027343751 0.5497717125 0.06285079296875003 0.18520416388888894
0 0.623820421875 0.5918635694444444 0.13258934531249994 0.18367355277777778
0 0.78309983046875 0.6882921819444445 0.29961748125 0.2816327805555555
0 0.4666934359375 0.5926288743055556 0.145503890625 0.2525511347222221
0 0.35519785234374995 0.5604860034722222 0.06026788593750001 0.09948984027777776
2 0.20280620117187498 0.5199247590277778 0.21179856484374998 0.22346948472222222
0 0.017267216015625 0.6400778770833333 0.03185588203125 0.20051029583333324
7 0.6380264230468751 0.44722064722222227 0.042187517968749956 0.10561229166666672
7 0.89244299140625 0.38812197986111113 0.030994912499999926 0.09795922638888889
7 0.8907210515624999 0.2970505138888889 0.029272971874999953 0.0994898388888889