7 0.38407429140625 0.2143710715277778 0.17156618125 0.18543011527777778
7 0.18180166328125 0.17884474097222222 0.1861882984375 0.1732991736111111
7 0.9177815867187501 0.23516697222222224 0.07895943593750002 0.23048789999999997
7 0.202272627734375 0.35387690416666673 0.04776558359374998 0.058921716666666686
0 0.264660330078125 0.45092444236111107 0.016571733593749992 0.020795901388888892
7 0.2680721578125 0.41713110347222226 0.009748078124999981 0.019062909722222247
0 0.290005334375 0.443992475 0.039967121875 0.07625163611111113
0 0.161330698046875 0.4405264923611111 0.010722885156249995 0.02426188472222219
0 0.171566180859375 0.45265743402777775 0.019496157031250006 0.031193851388888937
0 0.446949397265625 0.4812517979166666 0.07116097265625002 0.08145061249999996
0 0.10430443984375 0.4621888881944445 0.08773270625 0.10917847916666663
0 0.023220765234375003 0.4094743604166666 0.04324079140625 0.04880720972222221