7 0.333627985546875 0.4575098159722222 0.015596925781250003 0.01559692083333333
7 0.34678789062500004 0.4618422951388889 0.012672501562499994 0.013863931944444453
0 0.48633163437500004 0.4944225395833333 0.008773271874999988 0.012130943055555498
0 0.4254061453125001 0.49528903402777774 0.007798462500000003 0.006931970833333325
0 0.39811152460937504 0.5022209999999999 0.031193852343750005 0.03812581666666664
0 0.3591192125 0.4944225416666667 0.007798465624999995 0.008664958333333316
0 0.343522284765625 0.49615553958333336 0.009748080468749976 0.008664959722222282
0 0.2679746765625 0.4883570729166667 0.010722889062499963 0.01732991527777775
0 0.3698420984375 0.4935560444444445 0.009748078125000026 0.010397952777777735
0 0.30306775859375 0.49009006388888887 0.014622115624999977 0.017329922222222176
0 0.279672371875 0.4926895506944444 0.030219045312500015 0.025994876388888834
0 0.1587961984375 0.4987550138888889 0.026319812499999994 0.024261883333333383
0 0.22557053554687503 0.4970220215277778 0.0058488492187499744 0.013863934722222224
0 0.24360447968749996 0.49615553402777773 0.028269426562499998 0.022528895833333312
0 0.12760234609375 0.50135450625 0.032168659375 0.02946085694444444
0 0.0691138765625 0.5004880118055556 0.0594632796875 0.04852377083333334