6 0.31432725234375003 0.5522552451388888 0.012757734375000006 0.016494845833333313
6 0.27257466875 0.5718428777777778 0.01043814531249998 0.014432991666666655
6 0.42624737304687504 0.5543171020833333 0.00927835234374994 0.02061855972222225
6 0.518450997265625 0.5182346208333333 0.01275773515625005 0.030927838888888854
6 0.26039683125 0.5543171013888888 0.01159794062499997 0.0164948472222222
7 0.512652026953125 0.3976160451388889 0.045231966406250025 0.07835052916666664
7 0.42624737421875 0.5264820451388889 0.018556704687500057 0.03092784027777782
7 0.102084949609375 0.49143049375 0.01971649765625 0.03092784027777774
0 0.133376310546875 0.6178204249999999 0.034793821093749996 0.05154639999999999
0 0.101481975390625 0.6240059916666667 0.03827320234374999 0.047422688888888904
0 0.06378867109375 0.6250369208333333 0.0463917609375 0.06597939166666665
0 0.25167529921875 0.6099657270833333 0.030154643749999988 0.03505155138888891
0 0.323741995703125 0.6138145333333334 0.034793819531250006 0.03917526388888888
0 0.1950048609375 0.6901032076388889 0.169329925 0.20824745694444446
0 0.0203761296875 0.6334021666666667 0.040752259375 0.06597939444444442
7 0.4348882609375 0.5075504368055556 0.011700701562500004 0.012480748611111163