1 0.450044427734375 0.30933079305555555 0.035875992968750034 0.04889765000000001
0 0.432305730859375 0.33838592152777774 0.032288394531249945 0.05314962083333334
0 0.39961871914062497 0.37311033888888895 0.05620572421874996 0.13393704444444446
0 0.6493554949218749 0.38090561666666667 0.05740159140625005 0.1211811361111111
6 0.612084334375 0.10771656041666668 0.015546264062500014 0.05527560694444444
6 0.669087290625 0.22464573194444448 0.015546264062500014 0.04251969722222222
6 0.601520836328125 0.10877955208333333 0.011958664843750012 0.053149620833333334
6 0.6264347328125 0.10665356736111112 0.013154531250000013 0.05314962083333333
7 0.74402828203125 0.17114178055555557 0.03946359374999995 0.040393713888888905
7 0.745822081640625 0.21755911319444443 0.01913386328124993 0.021259848611111132
6 0.765753176953125 0.22181108402777777 0.03587599453124994 0.034015756944444475
6 0.272458244921875 0.2090551736111111 0.013154530468750014 0.029763788888888875
6 0.262492691015625 0.22570871875 0.010762799218749963 0.03188977361111114
0 0.8988929898437501 0.3479528534722222 0.0884941187499999 0.0680315152777778
0 0.9706449781250001 0.3529134854166667 0.05500985781250005 0.06803151527777772
0 0.292047677734375 0.38966265138888884 0.20449316640625 0.2551181805555556
0 0.5366023714843751 0.45374590555555555 0.23438982890625004 0.3571654527777778