0 0.45035140468750007 0.3649552201388889 0.014765618749999997 0.016874995833333312
0 0.46300764921875004 0.3837052131944445 0.03164061249999994 0.050624981944444473
0 0.402363139453125 0.3952230722222222 0.06011716640625005 0.07687497222222217
0 0.311660047265625 0.38303557847222214 0.030585927343750006 0.048749984722222216
0 0.23308585507812501 0.3924105729166667 0.05906247890624998 0.03749998750000003
0 0.0954491859375 0.3849105777777778 0.11917964531249998 0.09749996388888893
0 0.644187839453125 0.3729909375 0.024257803906249986 0.024374988888888855
0 0.6716097046874999 0.37861593680555555 0.03691404999999994 0.06562497638888891
0 0.695867508984375 0.3954909298611111 0.07066403828125001 0.08812496527777777
0 0.5479099640625 0.4683480479166667 0.15925775625 0.24562491805555553
7 0.41871079101562503 0.19928564305555554 0.10124996484374997 0.09374996666666666
7 0.565839645703125 0.21147313888888888 0.08332028359375006 0.04687498611111115
7 0.514687319921875 0.33616059375 0.01687499453125003 0.041249984722222244
7 0.602226351953125 0.2799106138888889 0.01054687109375001 0.02999998888888887
7 0.5679490203124999 0.24803562499999998 0.02214842968749995 0.022499991666666632
7 0.6204573789062501 0.2874106125 0.0253124921875 0.04874998055555556
7 0.620984723046875 0.3305355965277778 0.013710933593749974 0.03749998749999999
7 0.620984720703125 0.3586605868055555 0.015820307031250015 0.018749993055555532
7 0.6858479808593749 0.30991060277777777 0.00843749765624997 0.037499986111111105
6 0.464589682421875 0.3349552326388889 0.009492185156249989 0.016874995833333312
7 0.025839834375 0.32491059791666665 0.0200390546875 0.03749998750000003
7 0.7612181249999999 0.16729422361111113 0.09380521093749997 0.2011766083333333