0 0.50794428515625 0.5532875548611111 0.02272146406250002 0.03188977361111106
0 0.53305748046875 0.5469095993055556 0.02032972968750002 0.04039371527777773
1 0.55697481015625 0.5447836166666666 0.017937996875000018 0.04039371388888884
0 0.467284825390625 0.56816945 0.05620572421874996 0.0744094722222222
1 0.15755540859375 0.5628544868055556 0.0705561203125 0.08503939305555555
1 0.08371065234375 0.557539523611111 0.1674213046875 0.10417325555555558
0 0.021525596484375 0.6075001687499999 0.04305119296875 0.0807874236111111
0 0.608696035546875 0.5766733868055556 0.07175198671874998 0.09992129027777778
1 0.7276847488281251 0.5904922895833333 0.19253450234375008 0.2083465152777778
0 0.8768690917968751 0.5692324409722223 0.06696852109374998 0.059527576388888864
0 0.9707446109375001 0.5777363805555555 0.04663879218750004 0.03826772777777781
6 0.23498776171875 0.4034056243055556 0.010762798437500009 0.05314962361111108
6 0.368924807421875 0.33324812430555556 0.015546263281250017 0.048897651388888894
6 0.47595485742187493 0.33431111736111113 0.009566932031250008 0.046771665277777784
6 0.698386019921875 0.33324812430555556 0.011958663281250014 0.048897651388888894
6 0.7934574046875 0.32899615416666667 0.013154531250000013 0.04889765000000001
6 0.96177561171875 0.39809066041666674 0.014350398437500012 0.04677166527777775
7 0.246348494140625 0.5109450270833333 0.011958666406250007 0.042519695833333294
7 0.234987762109375 0.30153551666666667 0.02032973046875002 0.023385830555555546
7 0.263090625390625 0.33023631458333336 0.021525596093749978 0.046771668055555556
7 0.4241339828125 0.3302363125 0.047834659374999956 0.08078742222222218
7 0.408189101171875 0.44751980833333327 0.021525596093749978 0.04464568333333329
7 0.7441279140625 0.3289961527777778 0.026309062500000025 0.05527560833333334
7 0.9276934167968751 0.33005914583333334 0.027504928906249938 0.04889764999999997
7 0.4947897519531249 0.49694895763888886 0.025113196093750022 0.017007881944444452
7 0.549799609765625 0.4958859638888889 0.032288394531249945 0.019133863888888904
7 0.612582601953125 0.4788780861111111 0.016742130468750015 0.027637805555555575
7 0.9449338210937499 0.5198032930555556 0.013154532812500008 0.04464568333333337
7 0.636559744140625 0.5217166833333333 0.02032973046875002 0.021259847222222246
7 0.9593838781249999 0.30773630416666664 0.021525596875000018 0.027637802777777765
7 0.234389829296875 0.44433083125 0.01674212890625002 0.038267729166666695
7 0.22063736484375 0.44433083125 0.008371064062500011 0.038267729166666695