0 0.475852041015625 0.49622354097222227 0.008029644531250036 0.020392745833333316
0 0.46782239687500005 0.49418426597222226 0.005735460937500036 0.020392745833333316
0 0.45807211367187495 0.49214499027777775 0.01147091953124999 0.024471297222222275
0 0.446601193359375 0.4982628159722223 0.011470921093749985 0.028549845833333306
0 0.43742445625000004 0.5003020909722222 0.009176735937499991 0.028549845833333306
0 0.42824772031249997 0.5003020902777778 0.01376510625000007 0.03262839444444442
0 0.419644529296875 0.502341363888889 0.01261801328124994 0.04078549444444448
0 0.48388168593750003 0.49724317916666666 0.014912196875000028 0.0224320222222222
0 0.321759327734375 0.5196752006944444 0.07456098515625001 0.1162386652777778
0 0.26784599921875 0.533950123611111 0.06079588125000002 0.1243957638888889
0 0.193285015234375 0.5407477131944444 0.15485743046875 0.19373110972222224
0 0.092914457421875 0.5506041965277778 0.16747544296875 0.23247732638888893
0 0.39307022343750003 0.4989425791666667 0.0412953140625 0.06525679444444445
0 0.50701469765625 0.5040407673611111 0.032118578125000054 0.042824770833333366
0 0.579090328515625 0.5580815479166666 0.06538424765624998 0.13459213750000001
0 0.6037528070312501 0.5713368333333334 0.06882552343750001 0.1529456111111111
0 0.79646428203125 0.6179002777777778 0.40530585156250004 0.44592143333333323
0 0.037608232421875 0.6366907430555556 0.07521646484375 0.15702416111111117
0 0.894158282421875 0.8518342340277777 0.20991785078125008 0.28957702083333325