6 0.162497912890625 0.2486843284722222 0.013672964843750001 0.041135751388888885
6 0.516522499609375 0.2739267222222222 0.006941632031250045 0.031786719444444445
6 0.17459322578125 0.2505541361111111 0.01051766406250001 0.041135752777777805
6 0.153557896875 0.25148904097222224 0.010517662500000014 0.03926594583333332
7 0.144092001171875 0.25616355763888893 0.014724730468750002 0.026177298611111115
7 0.15303201523437499 0.30010402152777776 0.02839769296874999 0.04300556249999998
7 0.12936727109374999 0.34310958125 0.016828264062499997 0.013088648611111095
7 0.673130513671875 0.26457768819444444 0.018931796093749932 0.04300555972222221
7 0.684174061328125 0.30664834305555555 0.00946589765625001 0.011218841666666693
7 0.564798573046875 0.3720915902777777 0.012621196093749986 0.02617729722222219
7 0.39609524296875 0.36554726666666665 0.012621196874999985 0.028047105555555597
7 0.396621126953125 0.3973339847222222 0.009465897656249967 0.009349033333333366
7 0.3797928640625 0.3973339833333333 0.007362365625000011 0.016828261111111135
6 0.159868497265625 0.39920379097222225 0.012621197656249982 0.02430749305555556
6 0.542921826953125 0.3618076520833333 0.00462776640625 0.01682826250000002
0 0.48076244140625 0.41790186319444445 0.011569431249999962 0.020567876388888826
0 0.4944354046875 0.4160320569444445 0.011569431249999962 0.016828263888888827
0 0.46971889375 0.4281858020833334 0.02313886093749993 0.041135754166666615
0 0.50968601796875 0.4160320569444445 0.010517664062500032 0.016828263888888827
0 0.516522499609375 0.4150971527777778 0.009465897656249922 0.014958455555555538
0 0.521781332421875 0.4160320569444445 0.011569430468749965 0.016828263888888827
0 0.531773112890625 0.4197716694444444 0.012621197656249982 0.02804710555555556
0 0.53913547890625 0.4225763770833333 0.014724729687500026 0.026177301388888848
0 0.54649784140625 0.42444618333333334 0.010517664062500032 0.029916913888888844
0 0.43395883476562497 0.43099050972222225 0.014724730468749937 0.028047102777777787
0 0.41607880429687505 0.43473012361111113 0.02944946015625005 0.03926594722222221
0 0.400302308984375 0.44033954791666663 0.012621196093749986 0.03178671805555556
0 0.393991712109375 0.44220935069444445 0.016828263281249978 0.03178671805555556
0 0.38189639609375 0.44127444930555554 0.022087095312499992 0.044875368055555497
0 0.37032696679687505 0.44314425486111114 0.02839769296874999 0.04113575138888884
0 0.3553305078125 0.44681577013888885 0.020058979687500013 0.05221839305555554
0 0.552598075 0.42444618750000007 0.016828264062500063 0.03365652499999996
6 0.680913579296875 0.3590029416666667 0.00631059765624995 0.014958455555555576
0 0.18111418320312497 0.4655819409722222 0.07152011640624997 0.13462610416666665
0 0.26925220625 0.45576545208333336 0.116746075 0.17389205138888894
0 0.45399359062499994 0.4398720951388889 0.0376504609375 0.052354595833333344
0 0.5895150843750001 0.43332776875 0.07783071562500003 0.0990997708333334
0 0.0274415453125 0.5643895520833333 0.054883090625 0.17950147083333326
0 0.916436854296875 0.48324148611111106 0.16586498046874992 0.21540488055555557
6 0.735885911328125 0.14428675277777778 0.018931794531249935 0.0542244
6 0.7143246996093751 0.14428675277777778 0.019983561718749952 0.05796401666666665
7 0.906272071875 0.09785319375000001 0.04207065624999995 0.05983382361111112
7 0.865253183984375 0.08009002847222223 0.050484788281250026 0.061703631944444455
0 0.33598791953124996 0.4525475888888889 0.03008847031250004 0.04584909722222221