0 0.43312059101562495 0.4224946229166667 0.042044483593749946 0.053389820833333344
0 0.468729694921875 0.40266411874999997 0.018877114843750053 0.02593219861111109
0 0.49661634140625 0.39122344305555556 0.016302962500000007 0.024406775000000006
0 0.47516507578125006 0.3935115784722222 0.012870762499999966 0.019830506944444437
0 0.47859727929687496 0.38588446111111113 0.012870763281250053 0.013728811111111128
0 0.48202948046874994 0.37673191944444445 0.009438557812500026 0.013728811111111048
0 0.48589070859375 0.3668166652777778 0.010296607812500014 0.012203383333333307
0 0.277384390234375 0.40571496597222223 0.020593213281249988 0.019830506944444437
7 0.37176996835937504 0.3416471826388889 0.015444914843750013 0.032033895833333326
7 0.569121625 0.33096921458333334 0.012012709374999986 0.035084734722222226
7 0.43183351484375 0.3340200638888889 0.010296607812500014 0.013728811111111088
7 0.44513330039062493 0.03351164583333333 0.052341091406249964 0.03813558611111111
0 0.45609261132812495 0.39571339861111104 0.01247432734374998 0.020790544444444396