9 0.9770848960937499 0.48562465902777774 0.044824189062500075 0.1546873930555556
0 0.5143410730468749 0.39187472361111114 0.021093735156250036 0.0468749638888889
0 0.7002296167968749 0.4328903201388889 0.034277321093750056 0.13359365694444444
0 0.49522487539062504 0.3860153527777778 0.022412094531250037 0.06328120555555555
0 0.46292509296874995 0.3836716041666667 0.050097621875 0.10078118055555557
0 0.5604836203125 0.4024215909722222 0.05537105625000001 0.08671869027777777
0 0.30472207617187497 0.3883591020833333 0.11601554453124999 0.13359365694444444
0 0.40953157500000004 0.41179658541666664 0.10415031718750001 0.11953116805555557
0 0.6349708726562501 0.45632780416666663 0.14106435624999997 0.2179686
1 0.55257346875 0.34148413333333333 0.04482418750000008 0.04921871666666667
6 0.500498309375 0.23953107847222224 0.009228509375000016 0.03281247916666668
6 0.52225122421875 0.3110154041666666 0.007910151562500013 0.025781233333333337
6 0.75362313515625 0.2606248138888889 0.009228509375000016 0.03281247777777775
7 0.297471105859375 0.24539044930555556 0.014501944531250022 0.02578123194444445
0 0.094353266015625 0.4750777909722222 0.18870653203125 0.6164058263888889