7 0.336712503125 0.3483409902777778 0.016795012499999994 0.02985780000000003
1 0.36070537929687496 0.40699024027777775 0.05518361328124999 0.08744069999999995
0 0.33551285937499997 0.42725089027777774 0.02879145000000003 0.08104259999999996
0 0.26953245312499996 0.4283172402777778 0.12476295 0.15995250000000003
0 0.12336961093750001 0.5125588902777778 0.24673922187500003 0.27298560000000005
0 0.42068756601562496 0.3931276902777778 0.011996438281250032 0.017061600000000017
0 0.4296848945312499 0.40165849097222217 0.013196081250000002 0.02559240138888891
0 0.43808240156250006 0.40485754097222215 0.008397506249999954 0.0319905013888889
0 0.44767955 0.4091229409722222 0.015595368750000027 0.036255901388888866
0 0.4608756324218749 0.40912294027777785 0.022793230468750016 0.044786699999999985
0 0.47107260390625 0.4208527909722222 0.021593587499999956 0.06398100138888892
0 0.492666192578125 0.4219191402777778 0.04078788984375006 0.07037910000000001
0 0.50466262890625 0.4283172402777778 0.047985751562499956 0.06611369999999997
0 0.55384802421875 0.4571086895833334 0.07197862500000003 0.09383880138888882
0 0.627626113671875 0.4773693388888889 0.13555974453124991 0.13436009999999995
0 0.97726451875 0.6874402909722223 0.045470962499999955 0.26872020138888886
0 0.8405051304687501 0.5296204895833333 0.3189897390625 0.37535519861111105