0 0.14929719609375 0.7513109722222222 0.2985943921875 0.41762623611111116
0 0.9729763621093749 0.8997325652777777 0.054001208593749975 0.19000856388888884
0 0.82715259609375 0.660258738888889 0.34417743593750005 0.42976653333333337
0 0.4870725109375 0.7513109715277778 0.30320393125 0.40791399583333343
6 0.416734660546875 0.3919581645833333 0.009560483593750035 0.058273426388888876
6 0.625699532421875 0.42716502708333337 0.015023617968750003 0.03156477638888894
6 0.40717417578125004 0.39074413472222225 0.009560484374999945 0.07041372499999995
6 0.429709605078125 0.39560025416666666 0.008194699218750046 0.06555760555555558
6 0.81964078671875 0.38137876944444443 0.020486751562499884 0.06555760555555554
6 0.80929806796875 0.23448117083333336 0.021653849999999954 0.13597133333333336
6 0.350494163671875 0.5548115874999999 0.008194700781249998 0.029483586111111116
6 0.883832610546875 0.36472922500000005 0.023218317968749957 0.0752698444444444
6 0.646186285546875 0.5189110041666667 0.012292050781250018 0.03399283333333329
7 0.5171197472656249 0.3919581645833333 0.05189977265625005 0.019424476388888934
7 0.29517993203125 0.5376417347222222 0.01775518437499999 0.02913671388888888
7 0.52941179921875 0.5182172597222222 0.010926267187499939 0.02913671388888888
7 0.635942908984375 0.47208412847222214 0.01638940234374999 0.01456835694444444
7 0.623650858203125 0.3786038375 0.01912096640625007 0.026708655555555558
7 0.29654571562500004 0.5740626291666667 0.01775518593750003 0.009712236111111138
6 0.31225222578125 0.5692065097222222 0.005463132812500016 0.01942447777777782