7 0.65530668984375 0.5656573104166667 0.012757732812499967 0.01855670416666671
0 0.601933088671875 0.5814433944444445 0.015077321093749952 0.014432991666666655
0 0.588015560546875 0.5845361791666667 0.015077321093749952 0.012371136111111111
0 0.5462629773437501 0.5824743229166667 0.010438146874999976 0.016494848611111085
0 0.5590207109375 0.5845361784722223 0.008118557812499993 0.016494848611111085
0 0.538144419140625 0.5865980347222223 0.010438147656249975 0.0164948472222222
0 0.709214034375 0.6041238104166666 0.05335052343750002 0.0639175347222223
0 0.5021908046875 0.5886598902777778 0.019716498437500007 0.024742272222222222
0 0.490592865234375 0.5948454576388889 0.010438147656249975 0.024742270833333337
0 0.4784150273437501 0.5917526736111111 0.020876292187500044 0.030927838888888854
0 0.4621779113281249 0.5938145291666667 0.02783505546875 0.03917526111111111
0 0.43376295820312494 0.5969073145833333 0.033634025781249924 0.04948454305555556
0 0.57224237265625 0.5872165944444444 0.013917526562499916 0.020618561111111135
0 0.5258506132812499 0.5872165930555556 0.018556703124999973 0.02886598333333331
0 0.40871141757812507 0.6016495875 0.04639176015625006 0.04536083611111113
0 0.6273325890625 0.5975258736111111 0.04059279218749996 0.05773196944444447
0 0.35285283242187504 0.6065980354166667 0.04523196640624998 0.06597939027777784
0 0.30124199960937503 0.6179382465277778 0.08350516953125 0.0762886736111111
0 0.16670589453125 0.6334021659722222 0.15077322031249998 0.11134022361111112
0 0.8086518765624999 0.6849485666666667 0.2261598312500001 0.24329901111111113
0 0.9176725136718751 0.6509279423611111 0.08930413828125001 0.1051546569444445
0 0.962072205078125 0.65844083125 0.0719072289062499 0.1917526097222222