6 0.37090235078125 0.3856632409722222 0.008397506249999997 0.049052101388888915
6 0.5082615609375001 0.4112556402777778 0.009597151562500007 0.040521300000000024
6 0.45307794765625004 0.5040280895833333 0.00479857499999996 0.02559239861111114
6 0.47707082265624995 0.4890991895833333 0.00959715000000001 0.02559239861111114
7 0.17656006328125 0.3376774909722222 0.013196081250000002 0.03412320138888888
7 0.573042322265625 0.44644518958333335 0.02399287421874998 0.021326998611111096
7 0.57424196640625 0.4773693402777778 0.01439572499999997 0.03199050000000001
7 0.7169995734375 0.44857789027777784 0.02879144999999994 0.051184799999999975
7 0.7235976140625 0.4048575402777778 0.022793231249999924 0.023459700000000003
0 0.41828827890625 0.5445493902777778 0.016795012500000085 0.02985779999999999
0 0.40149326640625 0.5477484395833334 0.0215935875 0.031990498611111126
0 0.38889700703125 0.5466820902777778 0.015595368749999982 0.034123200000000034
0 0.37210199453125 0.5488147895833333 0.032390381250000023 0.046919398611111045
7 0.255136729296875 0.4400470902777778 0.021593589843749993 0.017061600000000017
0 0.28632746640624995 0.5584119416666666 0.05518361406249998 0.09170610277777777
0 0.226345278125 0.5733408402777778 0.09357221250000003 0.12582929999999995
0 0.113578765625 0.5914687916666667 0.16555083750000002 0.14928899999999995
0 0.45547723515625 0.5381512902777777 0.02879145000000003 0.034123200000000034
7 0.49026690390625005 0.49336458958333335 0.011996437499999946 0.01706159861111113
0 0.48426868476562496 0.5349522402777778 0.009597149218750012 0.014928899999999995
0 0.49446565703124995 0.5413503402777777 0.013196081250000002 0.01919429999999996
0 0.506462094921875 0.5413503402777777 0.015595369531250024 0.023459700000000003
0 0.5304549710937501 0.5456157402777778 0.02519251875000004 0.036255900000000056
0 0.5790405414062499 0.5573455930555555 0.031190737499999965 0.08104260277777774
0 0.605432704296875 0.5498811423611111 0.05038503828124998 0.09597150416666661
0 0.6828097265624999 0.5573455902777777 0.14755618125000006 0.1748814