7 0.14414255312500002 0.2930211958333333 0.00860319062499999 0.018353472222222243
7 0.24451310937499998 0.24968660555555558 0.008603190625000012 0.015294561111111094
7 0.33570692890625 0.05391622361111111 0.021221203124999997 0.029569483333333334
7 0.4286213878906249 0.4734043152777777 0.00975028359375001 0.018353472222222205
7 0.68502251953125 0.4117162513888889 0.025236024999999974 0.033648033333333334
6 0.147583828515625 0.3291256243055556 0.016632835156250005 0.05404078194444446
6 0.336280475390625 0.12121229236111111 0.026956664843750033 0.1009441013888889
6 0.0704418859375 0.45556066041666665 0.012618012499999998 0.043844406944444435
7 0.06872124921875 0.41783407638888886 0.014912196875000006 0.01733383611111113
7 0.07302284453124999 0.5421371423611111 0.018927018750000003 0.02141238472222216
6 0.16020184296875 0.3286158041666667 0.008603190625000012 0.04894259444444443
0 0.623887733984375 0.5273524 0.08086999140624992 0.06321751944444445
0 0.703037087109375 0.5191952999999999 0.029250847656250033 0.06933534444444445
0 0.4549523582031251 0.5151167520833334 0.01892701953125 0.02447129583333339
0 0.38125169375 0.5212345763888889 0.02179475000000002 0.038746222222222175
9 0.35176621875 0.5004710534722222 0.021221203124999997 0.020392745833333316
9 0.903178565234375 0.49231395555555557 0.04358949765625013 0.10400301666666663
9 0.8698346906250001 0.5268425805555556 0.038427584375000025 0.08462990555555558
9 0.4667621984375 0.5217443944444444 0.014912196875000028 0.033648033333333334
2 0.073309617578125 0.5273524 0.12273885234375 0.06321751944444445
2 0.18314368281249999 0.5186854819444444 0.06481070156249999 0.04588368333333332
2 0.27118300117187505 0.5156265694444444 0.11470920703125001 0.16008307222222223
0 0.35176621875 0.5268425819444443 0.021221203124999997 0.027530211111111116