0 0.4328360703125 0.5618202062500001 0.039001129687500045 0.06321751805555549
0 0.315450321875 0.5567220229166666 0.009176735937499991 0.030589126388888922
0 0.309714860546875 0.5638594819444445 0.013765105468749983 0.05302114444444447
1 0.3676430109375 0.5016615993055555 0.05620751249999998 0.06729606805555556
0 0.485283658984375 0.5483737243055556 0.08832608984375004 0.11012084027777773
0 0.273390271875 0.5648791201388889 0.071119709375 0.10604229027777781
0 0.8119500015625001 0.5220543465277777 0.1823876406250001 0.10604228749999997
0 0.9116370921874999 0.5047205118055555 0.032118578124999964 0.05913896805555557
0 0.1157057453125 0.6433912 0.231411490625 0.36910873888888884
0 0.363900626171875 0.5783383416666666 0.08373772265625004 0.11419938888888884
0 0.6369085417968751 0.5862915020833334 0.20074111328125 0.2345165986111111
6 0.35988580351562505 0.33036251944444445 0.013765105468750028 0.04894259444444443
6 0.209043196484375 0.43640480486111116 0.01261801328125003 0.04894259305555559
6 0.20961674179687498 0.48330812638888887 0.01147092109375003 0.02854984722222219
6 0.5984809558593749 0.24981116458333333 0.013765103906249987 0.09584591527777779
6 0.582995212890625 0.2651057236111111 0.010323828906250032 0.0530211472222222
6 0.609951875390625 0.2600075361111111 0.006882550781249996 0.05506041666666665
7 0.642643998828125 0.2936555722222222 0.04014821953125001 0.04078549722222221
7 0.27155971328125 0.3609516381944444 0.061942973437500014 0.02447129861111108
7 0.207896102734375 0.3415785298611111 0.030971485156250013 0.046903318055555546
7 0.699425058984375 0.37930511388888893 0.022941841406250062 0.016314197222222285
7 0.21305801640625002 0.5210347118055556 0.01605928593749999 0.03874622083333337
6 0.699998605859375 0.4466011805555556 0.012618014843750025 0.028549841666666728
6 0.49466912304687494 0.45169936875 0.010323828906250032 0.022432023611111164