7 0.68577731953125 0.13603985 0.0555640484375 0.03639282500000001
7 0.67944106875 0.08318360138888889 0.03509308124999997 0.07625163611111112
6 0.69406318671875 0.19929404791666666 0.019496157812500046 0.0415918013888889
1 0.41331852578124995 0.2902761138888889 0.062387701562499974 0.1473042972222222
0 0.458647091796875 0.3162709888888889 0.024370196093749998 0.05372274166666667
0 0.47424401601562494 0.31540449236111107 0.03021904296875002 0.05545573194444443
0 0.509824503125 0.3310014208333334 0.044841160937499944 0.05892171944444446
0 0.57221220546875 0.35353031319444445 0.10332963125000001 0.13863934027777775
0 0.30657706835937504 0.3084725277777778 0.04971520234375002 0.0866495861111111
0 0.2432145578125 0.3240694527777778 0.07895943593750002 0.10397950277777777
0 0.334359091015625 0.3197369715277778 0.02534500390625003 0.046790773611111114
0 0.356292267578125 0.3171374847222222 0.018521349218749972 0.04852376388888891
6 0.37822544492187504 0.27641218125 0.009748078906250023 0.032926845833333315