7 0.16464970859375 0.2081633583333333 0.030133942187500005 0.05816329166666669
7 0.640991996484375 0.29081645972222225 0.009470666406249962 0.029081647222222253
7 0.640131028125 0.32295932986111114 0.019802304687499994 0.035204098611111095
7 0.595791084765625 0.2571429715277778 0.03443879140624997 0.013775518055555559
7 0.47417910390625 0.3489797479166667 0.007748728125000071 0.012244904166666693
7 0.46255601132812496 0.3451532159722222 0.010331636718750037 0.016836743055555558
7 0.4526548589843751 0.33061239166666667 0.014636486718749975 0.021428580555555576
7 0.426395280078125 0.3375001527777778 0.010331638281249944 0.010714291666666674
7 0.42510382617187503 0.31607157291666665 0.019802305468749993 0.02602042083333333
6 0.42661052265625 0.27321440763888893 0.007748728124999982 0.02602042083333333
6 0.49634907500000003 0.3160715694444444 0.006026789062500005 0.016836741666666672
6 0.556616958984375 0.2579082763888889 0.004304849218750029 0.022959194444444442
6 0.5376756238281251 0.31836748958333333 0.004304847656250032 0.015306129166666693
0 0.7486132191406251 0.36964302361111107 0.07662631015625002 0.05663267777777775
0 0.5303573800781249 0.3622450694444445 0.010331638281250033 0.015306130555555578
0 0.498071013671875 0.3614797625000001 0.011192607031250024 0.016836744444444444
0 0.515290409765625 0.36377568125000004 0.014636486718749975 0.021428581944444462
0 0.55554074609375 0.36619914375 0.015497456250000052 0.024489804166666653
6 0.14392685390625 0.25873417847222224 0.015037134375000006 0.036280068055555545
6 0.17024183828125 0.25968891666666666 0.024703862499999986 0.045827455555555556
0 0.9115725570312501 0.3484796125 0.031148348437499963 0.03628006944444443
0 0.806849659765625 0.3580269993055555 0.042963239843750056 0.04009902361111107