6 0.484627265625 0.4649561763888889 0.00929846718749996 0.025714280555555608
6 0.41850483085937495 0.45949844375000004 0.011364792968749971 0.029492693055555543
6 0.44223068203124993 0.5090377986111111 0.009224670312500027 0.022040811111111145
6 0.47842828671875 0.5133672368055555 0.009298467187500048 0.01469387361111111
7 0.5300126429687501 0.5014284652777778 0.009298468750000044 0.01653060833333334
6 0.53586723828125 0.517959073611111 0.012397956249999975 0.014693874999999995
6 0.41247743437499995 0.4586325506944445 0.009298468750000044 0.03122448472222222
7 0.332407298828125 0.5034488701388888 0.018596935156250004 0.020204076388888915
0 0.20016242890624997 0.5592855965277778 0.055790804687499994 0.07530610694444444
0 0.42032516054687497 0.5409182520833333 0.04649233671875001 0.02755101249999999
0 0.38699783203125 0.6060344875 0.10588357343749996 0.15288551388888894
0 0.4497703082031251 0.593265179861111 0.03306121796874999 0.1028571208333333
0 0.27413258984375 0.5975508979166667 0.121913240625 0.16530608750000006
0 0.49626264375 0.6039794694444445 0.08885202187499992 0.1671428222222222
0 0.670178434375 0.5892855944444444 0.07438773906250003 0.1708162888888889
0 0.10167264140625001 0.65308949375 0.20334528281250003 0.3489795180555556
0 0.320609288671875 0.6604364305555556 0.19526781640624996 0.2204081166666666
0 0.55875336953125 0.6788037743055556 0.17563771718750001 0.2497958652777777
0 0.5804497937499999 0.5428854354166667 0.05785712968749994 0.033061218055555563
0 0.828408925390625 0.6892397659722223 0.33887747890625 0.3691835958333333