0 0.1160708640625 0.6863928777777777 0.229957584375 0.36152535555555554
0 0.95530138203125 0.547579345138889 0.08935116875000002 0.12661014583333327
0 0.8569976292968751 0.5559691750000001 0.13643005859375004 0.14338980555555556
0 0.65921694609375 0.6070708604166667 0.32605926093749993 0.23338978750000006
0 0.271378036328125 0.6253759402777778 0.10296608203124999 0.11440675833333332
0 0.212172540625 0.5849522208333334 0.03432202812499998 0.04271185555555558
7 0.06587489804687499 0.47359630763888894 0.04032838203125 0.012203387500000041
7 0.228046477734375 0.4865624083333333 0.031747875781250025 0.01677965555555553
7 0.262797530078125 0.5140200291666667 0.015444911718749977 0.010677963888888876
7 0.419391780078125 0.34164718055555554 0.042044483593750036 0.01677965833333334
0 0.506054899609375 0.5750369659722222 0.15702327578125005 0.11135590972222217
0 0.42411105859375003 0.5757996791666667 0.030889825000000037 0.09457625277777776
0 0.40223076718749995 0.5437657854166666 0.03003177500000005 0.02745762083333337
6 0.19372445 0.4827488493055556 0.006006354687499993 0.02440677361111112
6 0.10191302734374999 0.4735963069444444 0.007722456249999987 0.024406775000000006
6 0.11006450859374999 0.47130817291666666 0.006864406249999999 0.03203389027777774
6 0.20015983046875002 0.4827488493055556 0.005148304687500005 0.02440677361111112
6 0.28811002578125 0.5330878229166667 0.00943855781249998 0.015254234722222215
6 0.281674645703125 0.5315623993055556 0.006864405468749979 0.012203387500000041
6 0.265800707421875 0.5430030743055556 0.009438557031249984 0.01067796249999999