7 0.5156594316406251 0.35789037291666664 0.013183585156250021 0.02578123194444445
0 0.3772317921875 0.42351532638888884 0.015820301562500028 0.03984372222222221
0 0.363389028515625 0.41765595625 0.017138660156249985 0.04687496805555548
0 0.3528421609375 0.42468720069444443 0.027685528125000004 0.046874968055555556
0 0.33636268007812503 0.4270309499999999 0.034277321093750014 0.05624996111111113
0 0.334385142578125 0.4457809368055556 0.022412094531249992 0.07499994861111116
0 0.299448642578125 0.4446090611111111 0.055371055468750006 0.14765614722222226
0 0.243418408203125 0.4457809375 0.13051748984375003 0.1874998694444444
0 0.46424345117187504 0.42468720069444443 0.01582030078125003 0.04218747083333333
0 0.48863308320312504 0.41999970416666665 0.05141598046875 0.0656249555555555
0 0.524887941015625 0.44109343958333336 0.07910150859375005 0.12187491527777776
0 0.599375194140625 0.4610153020833333 0.15161122421875 0.16171864027777774
1 0.44117217890625005 0.42351532708333334 0.03032224531249996 0.053906212500000016
1 0.4068948578125 0.4071090895833333 0.05141597968749996 0.1101561736111111
1 0.11290092031250001 0.4821090354166666 0.2254392984375 0.28359355416666665
0 0.82283695546875 0.5319941284722223 0.35332007031250007 0.40680122361111104