7 0.10479184374999999 0.41071903819444444 0.028269426562499988 0.013863931944444453
7 0.10332963203125001 0.42978194791666674 0.015596926562500012 0.020795901388888892
7 0.28171946757812505 0.41245203055555557 0.019496157031250006 0.024261883333333383
7 0.282206871484375 0.4687742618055556 0.016571733593750037 0.012130943055555576
7 0.64191096640625 0.4037870729166667 0.014622117187500016 0.024261881944444418
7 0.61705336640625 0.40985254374999996 0.037042698437499945 0.032926843055555585
7 0.6423983707031249 0.44104639444444443 0.01949615703124996 0.012130941666666692
6 0.745728001953125 0.3162709902777778 0.013647310156250026 0.04332479444444443
6 0.7730226222656251 0.4211169888888889 0.015596925781250003 0.024261883333333383
6 0.6540960640625 0.48523768333333334 0.009748078124999981 0.017329916666666632
6 0.57074999375 0.3959886090277778 0.006823654687500014 0.02946085972222221
6 0.5624641273437501 0.39772159930555556 0.005848846875000024 0.02946085972222221
6 0.386998714453125 0.40725305555555563 0.007798461718750005 0.024261883333333303
6 0.2719713890625 0.5008346083333333 0.01169769374999996 0.017329916666666712
1 0.0696987609375 0.5389604270833334 0.139397521875 0.22528892361111114
1 0.873915233984375 0.6004816326388889 0.24857600078124992 0.40378707083333326
0 0.3696058671875 0.5519578659722223 0.07377800937500001 0.08491659305555556
0 0.43183987539062496 0.5493583763888888 0.040941930468750075 0.055455733333333354
0 0.5580774917968749 0.5441594034722222 0.04776558515625 0.0693196680555555
0 0.48954077265624996 0.5387089763888888 0.05616438593750006 0.09755043888888895
0 0.5229844085937501 0.5484918819444444 0.02047096562500004 0.04679077777777773
2 0.3616537109375 0.5086330715277777 0.056538854687499994 0.03985880972222217
1 0.40210823671874996 0.5233635013888889 0.024370196875000038 0.0589217194444445
1 0.421116989453125 0.5077665756944444 0.011697694531249959 0.031193851388888937