0 0.31442849453125 0.5572261791666667 0.006591792187500012 0.021093736111111146
0 0.2999265515625 0.5607418020833332 0.017138659374999986 0.028124981944444412
0 0.339477305859375 0.557226179861111 0.00659179296875001 0.02578123194444441
0 0.3592526828125 0.5571675868055556 0.006591792187500012 0.025664045833333343
0 0.36914037109375003 0.5607418020833332 0.013183584374999979 0.023437484722222183
0 0.37639134335937496 0.5619136756944444 0.014501942968749982 0.03046872916666664
0 0.384301493359375 0.5666011729166667 0.014501942968750025 0.0398437236111111
0 0.393530002734375 0.5677730472222222 0.017138660156249985 0.042187472222222216
0 0.40605440859374997 0.5677730465277777 0.031640603125000014 0.05156246527777779
0 0.424511426953125 0.57128866875 0.034277319531249975 0.07265619861111117
0 0.45615203007812505 0.5771480416666667 0.06064448984374993 0.07499995000000005
0 0.24982892968749998 0.5759761673611111 0.031640603125000014 0.04453122083333333
0 0.090307555078125 0.6134761416666666 0.18061511015625 0.23203109166666666
0 0.21093735546875 0.5748042923611111 0.0527343390625 0.07031245138888893
1 0.27026348632812497 0.5444527569444445 0.05009762109375 0.08671868888888888
2 0.32576637734374997 0.5500777395833334 0.022412093749999994 0.04921871527777778
0 0.34738745625 0.5594527430555556 0.011865226562499975 0.021093736111111146
7 0.5032174234375 0.4453121951388889 0.01186522656250002 0.028124981944444412
7 0.50915003671875 0.4757809229166666 0.013183584375000024 0.023437484722222183
7 0.50295375546875 0.5484371236111111 0.006591792187500012 0.03515622777777783
7 0.9260232082031251 0.14637033402777777 0.08305658359375005 0.06562495416666668
7 0.96227806640625 0.23777652083333334 0.0580077718750001 0.03749997222222221
6 0.978757547265625 0.3358233347222222 0.038232396093749975 0.11015617500000004
7 0.89174588828125 0.21160466875000003 0.03823239687500006 0.053906212499999974