0 0.572522064453125 0.8070654895833334 0.07177460078125 0.11356336527777779
0 0.60517950703125 0.8255673854166667 0.09689570781249994 0.12249531527777782
0 0.43938018359375003 0.7888188055555556 0.017943650000000044 0.02500942777777782
0 0.465745367578125 0.7852460430555556 0.012201682031250004 0.030623830555555603
0 0.46036227343749997 0.7852460430555555 0.010048443749999959 0.022967872222222258
0 0.47897585156249994 0.7890314812499999 0.035887298437500006 0.05350661527777779
1 0.51456407578125 0.7852672833333334 0.05801782968749993 0.10739605277777776
1 0.42622150078125004 0.7823963 0.01985765312500005 0.04636108611111101
6 0.45110335390625 0.7611297652777779 0.0050242218750000235 0.015737258333333337
7 0.6415453183593749 0.6265124979166666 0.009330696093749946 0.0408317708333333
7 0.638195822265625 0.7315692576388888 0.012201683593750002 0.025519856944444384
7 0.6371192031249999 0.6786155534722221 0.024403362500000015 0.01658790416666665
1 0.396195784765625 0.779631642361111 0.04665348984374997 0.08293953749999995
2 0.8223189625 0.7396753277777778 0.3541007609375 0.5188541805555555