6 0.5360939878906249 0.44578093541666675 0.011865225781250021 0.018749987499999954
6 0.4569924796875 0.32390602013888886 0.009228509375000016 0.0374999736111111
6 0.272422294140625 0.28523417222222225 0.009228507031250022 0.03984372222222221
6 0.08455621171875 0.3063279076388889 0.010546867187499998 0.03515622638888887
6 0.283628340625 0.2922654173611111 0.010546867187499975 0.044531218055555516
6 0.46688016796875004 0.3250778951388889 0.01054686718750002 0.0398437236111111
7 0.114878457421875 0.3672653659722222 0.03427732109375 0.02578123194444445
7 0.654087070703125 0.39890596874999995 0.026367169531250047 0.018749987499999954
7 0.6382667695312501 0.41179658402777775 0.026367170312499955 0.0351562236111111
7 0.11224173945312499 0.3215622715277778 0.010546867968749995 0.014062490277777803
7 0.09773979687499999 0.3426560069444445 0.031640603124999986 0.018749986111111106
6 0.140586447265625 0.29343729027777776 0.011865225781249999 0.042187469444444445
7 0.675180806640625 0.4117965847222222 0.02373045390624995 0.021093736111111146
7 0.53082055390625 0.4153122076388889 0.014501943749999935 0.014062490277777803
7 0.544004138671875 0.39773409513888885 0.01713866015625003 0.016406240277777723
7 0.22825728515624996 0.4223434527777778 0.021093734374999996 0.023437483333333377
7 0.607944524609375 0.3965622194444445 0.007910150781250014 0.018749986111111068
0 0.44560516328125 0.4945309111111111 0.018457018750000033 0.025781233333333375
0 0.46010710625 0.4968746590277778 0.013183584375000024 0.03046872916666672
0 0.41198702148437505 0.5062496520833334 0.011865225781250021 0.02578123194444449
0 0.357934324609375 0.5085934 0.03295896171874997 0.03984372222222221
0 0.49504360507812495 0.50039028125 0.01713866015625003 0.02343748472222226
0 0.5128414433593751 0.49453091041666664 0.02373045234375004 0.03046872916666672
0 0.529980104296875 0.48867153888888887 0.02109373515624995 0.018749986111111148
0 0.55305137734375 0.4945309111111112 0.04350582968749998 0.035156224999999985
0 0.58469198046875 0.49218716250000005 0.056689415625 0.04921871666666667
0 0.6275386304687499 0.49921840625 0.04482418749999999 0.07265619861111108
0 0.79251471015625 0.5184371368055556 0.06328120625000003 0.05156246527777779
0 0.847885765625 0.5442183694444445 0.16611316718750002 0.07968744444444442
0 0.104990768359375 0.5664839777777778 0.17534167734375 0.1945311138888889
1 0.40953157500000004 0.48445278472222225 0.01186522656250002 0.016406238888888838
1 0.41348665039062504 0.4774215395833333 0.014501942968750025 0.03046872916666664
0 0.38909701874999997 0.4949996520833333 0.03427732031250001 0.056249962500000014
0 0.468857705859375 0.4996871493055555 0.019775377343749945 0.03281247638888887
0 0.702207155078125 0.5102340173611111 0.13051748828125004 0.1804686263888889
0 0.24078169101562502 0.5160933881944445 0.08569330078125001 0.056249962500000014
0 0.031162693749999998 0.5102340173611111 0.035595679687500006 0.05390621249999994
0 0.97814365390625 0.5034249819444445 0.04166827031249998 0.04408680000000002
0 0.8610693503906249 0.7387494847222222 0.27685527890624995 0.42187470833333335
0 0.010637502734375 0.546562117361111 0.02127500546875 0.24374983194444438