6 0.232163751171875 0.26388625625 0.019651103906250002 0.031192229166666665
6 0.50938468515625 0.2726200798611111 0.015440153124999956 0.021210715277777778
6 0.473240690234375 0.31566535625 0.013334678906250019 0.01746764861111111
6 0.8136566003906249 0.32876609236111115 0.007018250781250046 0.023706093055555558
6 0.772599829296875 0.35496756458333334 0.006316425781249979 0.011229201388888931
6 0.49978880195312503 0.3714548833333333 0.009521639843750051 0.016754674999999962
7 0.4722155332031249 0.34124299305555555 0.01754562890624998 0.02869685
7 0.5055522277343749 0.3424906833333334 0.01122920234375 0.008733822222222227
7 0.510815916796875 0.3568391083333334 0.009123727343749976 0.012476891666666667
0 0.666220062890625 0.4159260965277778 0.05965513671874998 0.05115525416666663
0 0.732542540234375 0.41218302986111105 0.04491681015625 0.031192229166666703
0 0.7757047874999999 0.41280687430555557 0.04000403437500007 0.04491680972222222
0 0.832953664453125 0.39952789166666663 0.054040536718749976 0.06862290277777781
0 0.14075353085937498 0.4107570944444444 0.04000403359375 0.03867836388888885
0 0.11057505000000001 0.4207386090277778 0.037196734375 0.031192229166666627
0 0.0761856171875 0.4213624513888889 0.042811334374999996 0.02994453888888889
0 0.042147097265625 0.42261014097222216 0.04070585859375 0.03243991805555556
0 0.01126679140625 0.42323398472222223 0.02245840625 0.04117374166666671
0 0.30600306835937496 0.46051613055555557 0.18387818828125 0.28007650833333336
7 0.43592113554687495 0.40353831388888894 0.011931027343749978 0.014972269444444445
7 0.4636432289062499 0.3629884166666667 0.0084219015625 0.016219958333333374