7 0.7083537453125001 0.12252246597222223 0.25606277187499993 0.23811296527777778
7 0.307551875390625 0.10051351944444444 0.27587062109375005 0.1940950722222222
7 0.852956865234375 0.35266381736111113 0.035093082031249875 0.07451864583333333
7 0.5185977738281251 0.35699629513888886 0.04874039140624999 0.06585368472222225
7 0.39723419687500006 0.3734597159722223 0.01852134843750002 0.032926843055555585
7 0.36993957734375 0.35093082430555556 0.04191673750000002 0.06758667638888889
7 0.09260674531249999 0.22788841180555555 0.04484116093749999 0.08838257916666667
0 0.372864001171875 0.4488448569444444 0.024370196093749998 0.03119384999999997
0 0.5104799539062499 0.45540846874999996 0.01818525625000005 0.02352517361111113
0 0.5327324875 0.46444178263888886 0.04191673749999998 0.04852376805555557
0 0.6350873117187501 0.48523768333333334 0.10625405468749997 0.10397950277777773
0 0.30560225976562505 0.44191289027777775 0.02631981171875002 0.03119384999999997
0 0.232491671484375 0.42025049375 0.014622117968750015 0.02252889305555562
0 0.251987828125 0.42458297291666663 0.014622117187500016 0.017329918055555598
0 0.2656351375 0.4323814354166667 0.006823656250000009 0.015596926388888871
0 0.254912252734375 0.44017989930555557 0.016571733593749992 0.027727868055555563
0 0.038017505468750004 0.42458297291666663 0.015596926562500002 0.020795901388888892
0 0.05312702734375 0.4280489548611111 0.0107228859375 0.017329918055555518