0 0.95591399296875 0.36300396805555557 0.08703168906250003 0.10711592500000006
0 0.88322818671875 0.3298490375 0.175019771875 0.2006298277777778
0 0.777546850390625 0.34260093680555553 0.11094149453125005 0.10371542083333331
0 0.7201633171875 0.32729865902777777 0.06503466875 0.0799118791666667
0 0.675691080859375 0.3128465111111111 0.06407827734374996 0.07141061666666669
0 0.6259586871093751 0.3043452465277778 0.03538651015625005 0.04080606527777779
0 0.60013609765625 0.2983943625 0.03156094062500001 0.04250631944444447
0 0.578139077734375 0.290743225 0.018171452343749995 0.040806066666666675
0 0.506409663671875 0.27289057013888884 0.02390980546875001 0.03570530694444444
0 0.5432307640625 0.2992444888888889 0.05929631562500006 0.08841314444444445
6 0.5097570367187501 0.22443336666666663 0.00956392187499997 0.017002527777777762
6 0.497323937890625 0.24483639930555556 0.0076511367187499955 0.013602020833333325