0 0.34155933593750004 0.6051547388888889 0.015077321874999994 0.0412371194444445
0 0.33170108710937496 0.6051547388888889 0.020876292968749998 0.0412371194444445
0 0.309665000390625 0.6113403076388888 0.023195880468749985 0.045360831944444395
0 0.22066701171875 0.6162973930555555 0.04932364843750001 0.06018893333333332
0 0.38099233125 0.6340207222222222 0.08698454999999998 0.13402063888888882
0 0.431443369921875 0.6536083548611111 0.09510311015625002 0.1938144680555555
0 0.6612274492187501 0.7380347875 0.4871426890625 0.47856992222222217
0 0.021456189453125 0.6567011381944444 0.04291237890625 0.0804123819444445
0 0.16932992578125 0.6329897958333334 0.07190723124999998 0.06597939166666665
7 0.088724241796875 0.5092784347222222 0.04523196484375001 0.07835053055555553
0 0.9544915320312499 0.5599214930555556 0.08437494218749997 0.08671868888888888
0 0.8266107601562499 0.5470308805555556 0.06064449062500001 0.056249963888888824
0 0.9821770582031251 0.5999995888888888 0.034277319531249975 0.1453124
7 0.40869126210937495 0.5118748208333334 0.020039055468749956 0.04499998333333334
0 0.28288788125000003 0.6129115805555555 0.02321831875 0.03399283333333329
0 0.2589866703125 0.6177676993055556 0.019120968750000022 0.04370507083333332