7 0.77235875234375 0.2546386402777778 0.03076171562500001 0.05781249444444446
6 0.418599030859375 0.44838861597222224 0.007031249218750002 0.020312495833333343
6 0.558345107421875 0.43510736875 0.005273436718750002 0.021874998611111116
6 0.62030799140625 0.41010737152777776 0.00791015625 0.021874998611111116
7 0.4256302816406251 0.4733886131944445 0.017578122656250007 0.010937498611111115
1 0.4532864816406249 0.5048972423611111 0.03609383359375 0.0739547569444444
0 0.54735878125 0.5124511083333333 0.007910154687500004 0.02031249722222215
0 0.5543900300781249 0.5179198583333333 0.011425778906250007 0.02187499722222215
1 0.562739639453125 0.5085448583333333 0.01933593359375001 0.04374999444444438
0 0.58295448046875 0.515576107638889 0.03164062187500001 0.0578124930555555
0 0.6273392398437501 0.5226073548611111 0.02197265312500001 0.049999993055555574
0 0.6523880652343751 0.5163573576388889 0.03515624609375001 0.07499999027777772
0 0.67480017109375 0.5304198555555555 0.05712890000000002 0.06874999444444446
0 0.59262244765625 0.5319823555555555 0.04042968281250001 0.059374991666666606
0 0.41903848515625 0.53120110625 0.05009764999999997 0.07968748749999996
0 0.48847206992187503 0.5421386034722223 0.07294921015625003 0.11718748472222218
7 0.8233353085937501 0.33823238055555555 0.016699217187500004 0.02499999722222223
7 0.8343216355468751 0.3733886256944444 0.015820310156250093 0.032812495833333344
7 0.8136673417968752 0.36557612777777776 0.018457028906250096 0.026562497222222228
1 0.17081805703125 0.4256247041666667 0.3416361140625 0.8512494083333334
7 0.8268509335937502 0.4827636097222222 0.009667967187500005 0.02656249722222215
7 0.8316849179687502 0.43041986736111115 0.012304685937500004 0.021874998611111116
7 0.8334427296875001 0.4507323652777778 0.015820309375000008 0.018749997222222228