7 0.7594231609375 0.3628668680555555 0.037021700000000025 0.016836741666666672
7 0.73187212890625 0.3919485159722222 0.04390945781250002 0.03826532361111114
7 0.7383294015625 0.42026485416666665 0.027551032812499977 0.015306130555555578
7 0.37817021445312504 0.28010216805555554 0.014636486718750018 0.021428580555555538
7 0.657350423046875 0.4323503145833333 0.012914546093750002 0.027551029166666692
7 0.594069144921875 0.4530135895833333 0.013775516406249988 0.04132655138888887
0 0.313679984375 0.5479594298611111 0.032716851562499996 0.0459183875
0 0.1450734078125 0.5464288159722221 0.0731824328125 0.06275513194444444
0 0.056024533203125004 0.5445702236111111 0.06629467265625 0.06581635555555553
0 0.043294480078125 0.5545192076388888 0.08658896015625 0.09183677638888889
0 0.4395865671875 0.5341839243055555 0.015497456249999963 0.030174929166666607
0 0.4443219015625 0.5393224055555556 0.01635842656249995 0.022959194444444442
0 0.454653537890625 0.5400877111111111 0.01808036484375002 0.027551030555555578
0 0.4654156609375001 0.5469754722222222 0.018941334375000007 0.02908164722222229
0 0.5355846976562499 0.5462101652777778 0.03357782187499998 0.07040819444444442
0 0.7666321011718751 0.5400877111111111 0.018941335156250006 0.027551030555555578
0 0.34810574218749996 0.5431806118055555 0.04218751875 0.05969390972222226
0 0.206045729296875 0.5653744951388889 0.09728958515625001 0.08877554861111116
0 0.41138702109374997 0.5378234652777778 0.013775517187499985 0.021428583333333348
0 0.49662302890625 0.5615479624999999 0.06026788593749997 0.10867351666666668
9 0.43120235781250005 0.5426022847222223 0.012914546874999999 0.03520409722222221
0 0.8509430281250001 0.6793370347222222 0.29445166250000004 0.41785733333333325