0 0.91148146328125 0.5190871791666667 0.17551422656250004 0.3111462583333333
0 0.6233628453125 0.4765086236111111 0.09150367968750003 0.0860111222222222
0 0.5539462597656251 0.47089920486111114 0.04522595546875001 0.08227151249999996
0 0.517134435546875 0.45968036180555555 0.022087094531249997 0.044875370833333345
0 0.50135793828125 0.45874545763888885 0.011569428125000059 0.024307490277777708
0 0.07740045078124999 0.5224625618055555 0.15480090156249998 0.1362085763888889
0 0.200552741015625 0.4914670791666667 0.10622840859375 0.10096957500000003
0 0.27312462421875 0.4774435284722222 0.049433021875000004 0.0617036319444444
0 0.38198244921875 0.4596803611111111 0.025242393750000015 0.022437683333333305
0 0.35095533984375005 0.4624850729166667 0.026294159375000035 0.03178672083333333
0 0.4598131656250001 0.46061526666666675 0.02944946093749996 0.0355263361111111
0 0.478219078125 0.4409822902777778 0.013672964062500004 0.029916911111111076
0 0.42089780742187505 0.4250889305555556 0.02944946171875005 0.024307491666666674
6 0.336756493359375 0.3465570388888889 0.01893179609375002 0.0355263361111111
6 0.47006676093749994 0.35029665000000004 0.014345882812499955 0.02430748611111113
6 0.4193201578125 0.4026512479166667 0.0178800296875 0.01682826250000002
7 0.39618129609375 0.4035861527777778 0.01788002968750004 0.014958455555555616
7 0.53659211484375 0.3876927916666667 0.014724729687500026 0.01308864722222225
7 0.24893399765625 0.36525510833333336 0.0178800296875 0.02056787499999998
6 0.24367516406249998 0.40732576597222225 0.0178800296875 0.026177298611111077
0 0.395990060546875 0.44407916041666673 0.022087094531249997 0.026177298611111077
6 0.45332989765625004 0.3992193583333334 0.005738353124999929 0.01360202222222229
6 0.31034926562500004 0.42472314999999994 0.008607529687499981 0.01360202222222229