2 0.28588922226562496 0.41752584097222223 0.02667526171875001 0.04948454583333333
0 0.394909859375 0.44845368263888885 0.012757734375000052 0.045360831944444395
0 0.433183061328125 0.4443299708333333 0.08002578671875002 0.12371136111111111
0 0.47029646953125 0.48659801874999997 0.05914949531250002 0.14639177638888884
2 0.614255994921875 0.41113460277777775 0.29023863984375 0.2643289111111111
0 0.8323742230468749 0.52273786875 0.27415543359375 0.21042405416666665
0 0.574677930078125 0.5257732819444445 0.20412374609375003 0.3278351055555555
1 0.341559334765625 0.42371141111111116 0.09626290234375001 0.18556704166666668
2 0.008698455078125 0.4000000659722222 0.01739691015625 0.14639177638888887
6 0.37867274296875 0.29690726458333333 0.005798970312499962 0.03505155416666664
6 0.42332481171875 0.29484540972222223 0.006958764062499956 0.03505155277777775
0 0.20934281835937502 0.42164955347222227 0.01739691015624998 0.020618559722222173