6 0.383882239453125 0.2577636395833333 0.011425780468750002 0.042187495833333345
6 0.55219276484375 0.19916989791666664 0.008789060937500004 0.049999995833333324
6 0.6123978347656249 0.3155761326388889 0.011425780468750002 0.035937495833333305
6 0.54384315625 0.366357375 0.00791015625 0.03124999722222223
6 0.49726113125 0.3694823756944444 0.00966796875 0.024999995833333344
6 0.5332962828125 0.39135737430555556 0.006152342187500004 0.018750001388888885
6 0.54076698515625 0.20151364791666665 0.012304685937500004 0.05781249305555555
6 0.374653723828125 0.2577636395833333 0.007031249218750002 0.0484374902777778
6 0.299507250390625 0.3663573763888889 0.016699216406250005 0.018749997222222228
6 0.723140009765625 0.3233886333333333 0.009667967968750002 0.02343749722222219
7 0.299946701953125 0.3179198833333333 0.021093747656250005 0.012499997222222189
7 0.716548212890625 0.26479488819444447 0.02636718359374992 0.0781249902777778
7 0.716548213671875 0.14916990416666667 0.03515624609374992 0.04062499444444444
0 0.514839254296875 0.42416986805555557 0.021972653906250007 0.028124994444444457
0 0.4871537113281249 0.41791986875000003 0.02460937109375001 0.037499993055555576
0 0.4546341835937501 0.42260736944444444 0.05097655624999993 0.05312499166666669
0 0.551753310546875 0.4194823715277778 0.014941403906250006 0.031249998611111114
0 0.5609818265625 0.42338861944444445 0.014062498437500005 0.03906249444444446
0 0.5785599496093751 0.42260736875 0.033398432031250015 0.049999993055555574
0 0.687983762890625 0.4358886152777777 0.13974607578124995 0.2015624722222222
0 0.96044466796875 0.5694823506944445 0.07646483437500003 0.3281249597222222
0 0.85629428828125 0.4851073611111111 0.2847655890625 0.2874999638888889
6 0.56246115703125 0.20296861319444445 0.009228509375000016 0.046874968055555556