6 0.527769812890625 0.05185122083333333 0.030301542968750005 0.10370244166666666
6 0.7244823546875 0.35015116874999996 0.02479217187499998 0.09957678749999997
6 0.7240232398437499 0.4456469388888889 0.016528114062499988 0.03591293888888884
6 0.527981437109375 0.053053208333333345 0.02846508515625006 0.1028416
6 0.68683498125 0.4448307368055555 0.015609885937499967 0.0408101597222222
0 0.6116492796874999 0.5700363076388888 0.07643105468750004 0.10120919583333329
7 0.433621975 0.4827025666666666 0.008264057812499993 0.027750908333333355
0 0.317466058203125 0.539836788888889 0.025710400781249997 0.024486097222222173
0 0.357868116796875 0.5406529944444445 0.04774788671875001 0.032648127777777744
0 0.375314458984375 0.5577932590277778 0.07162183046875006 0.07019347361111107
0 0.898153812890625 0.53738818125 0.0771312023437499 0.06203144305555557
0 0.8329595828125 0.5455502104166666 0.06060308750000001 0.055501818055555596
0 0.7893437249999999 0.5398367895833333 0.054175487499999966 0.0408101597222222
0 0.7925575265625 0.5798307451388889 0.14691657343749992 0.09794438194444442
0 0.6988982101562501 0.5822793527777778 0.0899864015625 0.10610641388888888
1 0.47685280859375007 0.5746487784722222 0.20292851718750002 0.16324063750000006
2 0.19725220390625 0.5207793680555556 0.18731863124999998 0.22853689166666666
0 0.089819459765625 0.5411844472222221 0.031219772656250012 0.034280533333333335
0 0.98367030625 0.5346577256944444 0.031219771874999934 0.0783555069444444
0 0.9515323058593751 0.5387387395833333 0.0606030867187501 0.05386940972222223
0 0.9593372476562501 0.6864715180555556 0.07988588593749987 0.1795647