7 0.14722264492187498 0.2568319375 0.01836457265625 0.052237002777777757
7 0.8208963554687501 0.22663241805555556 0.03672914375000005 0.021221283333333337
6 0.2548594328125 0.03229953958333333 0.018364571875000023 0.06459907916666666
6 0.27873337695312494 0.03113474513888889 0.02020102890625002 0.060399034722222224
6 0.15708267578125001 0.30094577777777776 0.015609887499999985 0.027750911111111127
6 0.8009576839843751 0.29033513333333333 0.020201028906250064 0.032648125000000014
7 0.5125552078125001 0.33905080555555556 0.0128552 0.027750908333333355
7 0.5015364644531249 0.34884524375 0.009182285156250015 0.024486095833333325
7 0.4900586070312499 0.35619107222222224 0.010100514062499944 0.019588877777777784
0 0.08184608984375 0.42262544444444444 0.1636921796875 0.13425670277777774
0 0.9189351914062499 0.42690615000000004 0.1588535453124999 0.11916566666666668