6 0.210937355078125 0.5347652611111111 0.00527343359375001 0.025781233333333296
6 0.283447070703125 0.4761715506944444 0.00527343359375001 0.02578123194444441
6 0.4390133699218749 0.48437467013888885 0.00527343359375001 0.023437484722222183
6 0.290038862890625 0.4750777951388889 0.00527343359375001 0.03046872916666672
6 0.529320925390625 0.5428121222222222 0.009228510156250013 0.018749986111111148
6 0.106127856640625 0.5435822027777778 0.014501942968749992 0.021093736111111146
7 0.18786608242187502 0.5042965305555556 0.014501942968750004 0.011718741666666688
7 0.116015544921875 0.5007809083333333 0.02109373671874999 0.014062488888888917
7 0.565575782421875 0.4714840534722222 0.018457017968750034 0.011718740277777803
7 0.5728267546875 0.4574215638888889 0.014501943750000024 0.011718741666666688
7 0.5227291328125 0.5019527826388889 0.01186522656250002 0.011718740277777803
0 0.08521539179687501 0.609843323611111 0.09887688515625001 0.06093745833333336
0 0.336840589453125 0.5896870930555556 0.014501942968750025 0.03281247499999999
0 0.46340300117187494 0.5861714715277778 0.01713866015625003 0.02578123194444441
0 0.4469235203125 0.5849995937500001 0.018457018750000033 0.03281247638888887
0 0.256420722265625 0.5990620868055555 0.06196284765625002 0.08906244027777777
0 0.557665631640625 0.5990620833333333 0.036914036718750064 0.09374993611111111
0 0.5820552640625 0.5978902076388888 0.040869112499999985 0.12421866527777775
0 0.64599564921875 0.5904571708333334 0.11074211093750001 0.18984361944444444
0 0.8228369546875001 0.6037495840277777 0.30849588125 0.32343727916666665
0 0.30604043515625 0.6037495875 0.06328120624999997 0.07968744444444442
0 0.195298323828125 0.6142964534722222 0.04482418828124999 0.05859370972222225
0 0.9487401890625001 0.7068745138888889 0.10151360312499999 0.2953122972222222
2 0.38975619765624997 0.5439840006944444 0.098876884375 0.2226560986111111
7 0.21445772617187497 0.5571568402777778 0.009748078906250023 0.012130941666666692