7 0.42139680078125 0.3410153902777778 0.009228509375000016 0.021093736111111146
7 0.4293069519531249 0.35273413263888886 0.003955075781250006 0.021093734722222222
6 0.40425814101562507 0.3222654034722222 0.00659179296875001 0.021093734722222222
6 0.36734410390625 0.3304685229166667 0.0039550750000000075 0.018749987499999992
6 0.38909701835937505 0.3328122715277778 0.005273433593749965 0.018749987499999992
0 0.355478877734375 0.3738278673611111 0.014501942968749982 0.058593709722222206
0 0.331748425 0.39374972986111106 0.05405269687500001 0.10312492916666664
0 0.397007169140625 0.3949216034722222 0.07119135703124994 0.11953116805555557
0 0.275718190234375 0.4148434645833333 0.09228509296874998 0.1359374069444444
0 0.21441452148437498 0.3972653520833333 0.027685527343750006 0.0679687041666667
0 0.156406748828125 0.40664034513888886 0.11997062109374998 0.1476561486111111
0 0.08116968085937501 0.4335934520833333 0.16233936171875002 0.19687486527777776
0 0.02184355 0.5308590097222222 0.0436871 0.16640613611111107