6 0.314785973046875 0.5606855548611112 0.004899194531249984 0.019596776388888928
6 0.28600320625000003 0.5726613631944444 0.006123992187500038 0.01741935694444447
6 0.2615072359375 0.5683065256944444 0.006123992187499994 0.017419359722222163
6 0.24252285742187496 0.5552420076388889 0.007348791406249999 0.021774198611111076
6 0.24864685 0.5791936215277778 0.0048991937500000304 0.01741935694444439
6 0.426242638671875 0.5552420076388889 0.00979838828124997 0.021774198611111076
0 0.22721287656250003 0.5955242715277779 0.025720767187499983 0.032661293055555596
0 0.25722043984375 0.5944355618055556 0.026945567187499984 0.03048387361111114
0 0.28294121015625 0.5889920131944444 0.029395164062499958 0.023951615277777765
0 0.31478597109375 0.5998791097222222 0.053891135937499966 0.0544354916666666
0 0.349080330078125 0.5922581395833333 0.01469758203125 0.0435483930555555
0 0.41276985546875 0.5987903993055556 0.03429435937500003 0.05661291249999994
0 0.37541349921875 0.6031452388888889 0.04776714375000002 0.06096774999999997
0 0.44461461835937505 0.5911694298611111 0.034294357031250035 0.050080651388888876
0 0.49695248515625 0.5964085944444445 0.053234193750000006 0.04749446111111111
0 0.5762804609375 0.5802823319444445 0.07961190468749998 0.05008064999999999
0 0.584241651171875 0.6771775055555556 0.18371978203125003 0.20903228333333332
0 0.08329904609375 0.6292742743055555 0.12003025625 0.1393548569444444
0 0.0104171609375 0.6303629861111111 0.020834321875 0.09362904444444445