6 0.4484309109374999 0.018651316666666667 0.023980262500000026 0.037302633333333335
6 0.222682353515625 0.3641447395833333 0.017854022656250024 0.0319736819444444
6 0.41046216210937503 0.04618421111111111 0.019983553906250062 0.09236842222222222
6 0.25309168320312503 0.3694736861111111 0.016986019531250028 0.04618421111111116
0 0.631280418359375 0.5382236861111112 0.017985196093749954 0.042631577777777825
0 0.606300976953125 0.5364473708333334 0.03996710546874995 0.07105263055555555
0 0.5523453851562501 0.5335976972222222 0.0799342109375 0.11938356111111112
0 0.703720797265625 0.5435526347222221 0.020982730468749988 0.046184211111111116
0 0.729699416015625 0.5444407916666667 0.036969572656250005 0.055065788888888925
0 0.7566772125 0.5497697402777777 0.04696134999999994 0.062171052777777826
0 0.7761611765625 0.5577631604166667 0.05595394843750005 0.05684210416666665
0 0.8011406167968751 0.5817434250000001 0.049958882031250075 0.05861841944444445
0 0.516374990625 0.5675328972222222 0.10591282968749996 0.10480263055555557
0 0.8815744167968751 0.5977302659722222 0.12289884921875008 0.13322368472222226
0 0.670248345703125 0.5497697409722223 0.06194901171874996 0.08703947361111114