0 0.05065885546875 0.4232287881944444 0.1013177109375 0.1461899013888889
0 0.9139914324218751 0.5621994354166667 0.17157009296875003 0.3952541763888889
0 0.21197534453125 0.5008357722222223 0.33095769375 0.3880349222222222
0 0.5282125265625 0.42413119444444447 0.07207974218749999 0.1118984444444444
0 0.44902633124999997 0.3898397388888889 0.05786683593750004 0.08663105555555559
0 0.34242952656250003 0.39074214375000005 0.0416235140625 0.04872996805555556
0 0.40588000546874997 0.39074214305555555 0.030456229687499947 0.037901086111111065
0 0.36527169921875 0.3898397354166666 0.020304153125000023 0.04331552638888883
0 0.81094785703125 0.48188522916666665 0.19085903750000002 0.19491986944444445
0 0.7094270921875 0.45391061874999994 0.1096424265625 0.11370325416666663
0 0.6556210867187501 0.44217933125000003 0.05076038281250002 0.08302142638888886
0 0.63785495390625 0.4277408222222222 0.05583642187500004 0.08302142499999997
0 0.6139975726562501 0.4087902784722222 0.04466913749999994 0.07399735694444445
0 0.58963258984375 0.41149749999999996 0.016243323437500033 0.057754036111111164
0 0.56120677578125 0.3907421423611111 0.016243323437500033 0.034291456944444416
0 0.4962334859375 0.3907421423611111 0.01624332187499995 0.034291456944444416
0 0.47745214414062503 0.3844252958333333 0.011167285156250007 0.025267391666666663
0 0.48303578632812505 0.3862301090277777 0.012182491406249963 0.018048134722222248
6 0.33075463984375003 0.20394393819444442 0.012182492187500005 0.04331552638888887
6 0.5180604507812501 0.25628352916666663 0.009136870312500012 0.028877016666666696