0 0.06628693359375 0.5389604263888889 0.1325738671875 0.16290122222222223
0 0.20617185859374998 0.5224970055555556 0.21543253281250002 0.22008995
0 0.567825569921875 0.48523768333333334 0.15499444765625006 0.2564827777777778
0 0.7978802218750001 0.4731067402777777 0.22128138125000002 0.26688072777777777
0 0.9386398296875 0.6594033506944444 0.12067592187499994 0.35179732083333337
7 0.419167373828125 0.3517973208333333 0.007798466406249993 0.02079590000000001
7 0.41770516289062504 0.32753543611111113 0.010722888281249964 0.017329916666666632
6 0.483992095703125 0.34053287430555557 0.0048740398437500335 0.02252889305555554
6 0.5263962359375001 0.34573184930555556 0.003899229687499961 0.019062909722222247
6 0.6165659625 0.32666894027777776 0.002924423437499968 0.01906290833333332
9 0.42989025937500003 0.4185175020833333 0.009748078124999981 0.02946085972222221
6 0.43476429921875004 0.37086022916666667 0.007798462500000003 0.020795897222222238
6 0.424041412890625 0.3725932208333333 0.005848847656249934 0.017329916666666712
0 0.68675212734375 0.43324793125 0.08870751406249999 0.14557130138888885
2 0.66384414375 0.3777921965277778 0.0955311703125 0.16636720694444446
1 0.570262589453125 0.3699937340277778 0.040941930468749985 0.05718872638888889
0 0.6087674996093749 0.3933891208333334 0.012672503906250032 0.024261883333333303
0 0.6053556718750001 0.3847241631944444 0.017546540624999985 0.027727868055555563
0 0.511774119140625 0.41158553680555554 0.035093082031249966 0.02946086249999998
1 0.33143466875 0.4046535680555556 0.11307771093749999 0.17849814722222218
0 0.9678718796875 0.4115855361111111 0.060213464062499965 0.11957643055555553