7 0.796271034765625 0.2947880798611111 0.01801906328125007 0.02745762083333333
7 0.796271034765625 0.3138558736111111 0.007722457031249963 0.007627116666666664
6 0.7348346273437499 0.36305077777777783 0.0051483031250000085 0.015254233333333329
6 0.70823505546875 0.37449145347222224 0.0051483031250000085 0.013728812499999934
0 0.7526534761718751 0.40423721180555555 0.01115465859375 0.018305081944444464
0 0.7136121699218749 0.4065253465277777 0.01372881015624996 0.016779656944444415
0 0.7367795394531249 0.40576263541666663 0.015444911718749932 0.021355929166666638
0 0.6746852437499999 0.4019490743055556 0.03689617968749994 0.02288135138888892
0 0.6733981671875 0.46525414791666664 0.08923727031249999 0.12813556805555557
1 0.778114070703125 0.4040193013888889 0.028315672656249992 0.08542371388888886
1 0.8197295285156251 0.39791760625 0.06349575078124996 0.10983048749999998