1 0.05485268281250001 0.33137849375 0.1083509734375 0.6627569875
0 0.145998345703125 0.3852479034722222 0.042238514843749984 0.057134223611111104
0 0.11661503007812499 0.39912335972222224 0.04958434296874999 0.052237005555555605
0 0.093659315625 0.4064691881944444 0.02571040000000001 0.06692866250000004
1 0.23368917617187498 0.36778115972222225 0.04499320078125 0.07019347500000003
0 0.262919448046875 0.3909613256944444 0.016528114843749987 0.02122128472222226
0 0.33790812031249995 0.3836154979166666 0.01836457187499998 0.026118501388888878
0 0.35122243359375 0.38524790416666665 0.008264057812499993 0.013059252777777728
0 0.38978803515625 0.38426846319444447 0.013773429687499972 0.022853690277777776
0 0.402643234375 0.3842684625 0.021119257812500035 0.035912941666666615
0 0.461593506640625 0.4063059500000001 0.04682965859374999 0.0734582888888889
0 0.5134734226562501 0.40875455694444446 0.08080411562499998 0.1436517611111111
7 0.567261279296875 0.14811537083333334 0.029457405468749975 0.044840161111111124
7 0.580538548046875 0.21058042361111112 0.02295571484374994 0.02285368888888889
7 0.56768334765625 0.27179566250000003 0.013773429687499927 0.02448609722222221
6 0.573280708984375 0.2981862256944444 0.01101874296875005 0.02938331527777779
6 0.35702397812500003 0.07674628819444444 0.0128552 0.07835550694444444
7 0.3997216078125 0.07667208541666667 0.03213800000000004 0.040810159722222225
0 0.1868920375 0.3887847840277778 0.05179192500000003 0.06257557916666667
0 0.295057447265625 0.3898730583333333 0.011018742968750005 0.0212212833333333
0 0.31766336171875 0.38493697569444446 0.024573540624999966 0.040732434722222245
0 0.3664387921875 0.3816333013888889 0.015609885937499967 0.0212212833333333
0 0.4198928140625 0.38752162013888886 0.026235101562500064 0.036262731944444467
0 0.5697608375 0.4271463423611111 0.136816059375 0.17303507638888888
9 0.7680408226562501 0.4325876881944445 0.03948382968750001 0.18935914027777778
0 0.7105419828125 0.4684496166666667 0.03305622968749997 0.07998791111111112
0 0.725692755859375 0.4725306340277778 0.06886714296875 0.1338573236111111
6 0.95612344921875 0.1461322527777778 0.04591142968750006 0.10610641388888889
7 0.9900979070312499 0.2636655131944444 0.01836457031250003 0.053869412500000005