0 0.32854277421875 0.6126284062499999 0.04054158593749997 0.0970225986111111
0 0.355406447265625 0.5845611541666667 0.03891407421875002 0.035343947222222186
0 0.5281321132812501 0.6275283055555556 0.021050439062500016 0.05474846666666669
0 0.58621573125 0.6427747131944445 0.06471060781250007 0.09910165416666664
0 0.61233386796875 0.6607931951388889 0.07640529531249998 0.11850617361111107
0 0.92637524296875 0.8040401402777778 0.1457937796875001 0.38947643055555553
6 0.5712075488281251 0.5672356888888889 0.010525219531249963 0.01732546388888889
6 0.470633241796875 0.4698665826388889 0.002728760156250054 0.027720743055555552
6 0.466735012109375 0.4691735638888889 0.004288052343749982 0.026334705555555536
6 0.33380539023437505 0.49412223194444443 0.0027287601562500097 0.023562630555555585
6 0.596156228125 0.4557983138888889 0.00584734375 0.032571872222222235
6 0.635138523046875 0.5445046895833333 0.011304866406250013 0.018711501388888902
6 0.6242234796874999 0.5458907270833333 0.006626989062500055 0.02425564861111111
7 0.4933139824218751 0.5297631986111111 0.03508406484375 0.01801848055555553
7 0.643507212890625 0.5354558583333334 0.00857610546875005 0.015939427777777758
7 0.5626189523437499 0.5229815229166667 0.014423448437500052 0.007623204166666634
7 0.29865309921875005 0.4987258736111111 0.015982740625000026 0.011781313888888829
0 0.42462160859375003 0.7525191763888889 0.277164109375 0.41086102777777783
7 0.66024173671875 0.54377208125 0.006626989062499966 0.010395279166666663
0 0.5596674187499999 0.6213901597222223 0.019101325000000013 0.04643224722222222
0 0.8057720816406249 0.6487972569444445 0.33154655078124995 0.40010299444444447
6 0.6173912171875 0.46191311250000006 0.024169023437499958 0.015246408333333348
6 0.03016711796875 0.7623366569444445 0.0603342359375 0.07553902222222225