7 0.484348080859375 0.47211855486111115 0.012359655468749953 0.016779659722222187
1 0.090247263671875 0.46220330277777777 0.12441734921874999 0.10067794444444442
1 0.23997710859375002 0.4934744826388889 0.0446186359375 0.04728812638888892
2 0.5737588238281249 0.4881354986111111 0.06692795234375 0.09762710000000002
0 0.44376414570312495 0.5064405833333333 0.009438558593749934 0.015254233333333329
0 0.4381868167968751 0.5079660055555556 0.012012710156249985 0.024406775000000006
0 0.480660325390625 0.5072032937500001 0.009438557031250027 0.019830504166666665
0 0.489669858984375 0.50796600625 0.012012710156249985 0.021355929166666638
0 0.49910841484374996 0.5079660041666667 0.015444912500000019 0.0396610111111111
0 0.518843580859375 0.5125422756944444 0.03088982421875004 0.054915243055555625
0 0.4626412609375 0.5117795645833334 0.03518007812499997 0.05949151527777777
0 0.42059677734375 0.5087287166666666 0.028315671874999993 0.04423728055555556
0 0.395284282421875 0.5033897347222223 0.012012710156249985 0.012203386111111077
0 0.3828425484375 0.5064405819444444 0.00943855781249998 0.012203386111111077
0 0.3716878890625 0.5087287166666666 0.009438556249999985 0.013728811111111128
0 0.285024769140625 0.5011015979166668 0.028315672656249992 0.02593219861111109
0 0.32749827851562496 0.5285592208333333 0.08923727109374999 0.09915252222222222
0 0.6291030937500001 0.5316100694444443 0.1106885375 0.1418643777777778
0 0.17819745859374997 0.49576261736111116 0.05491524374999999 0.03966100972222222
0 0.02675151328125 0.6681354652777778 0.052341092187499993 0.21966097500000004