6 0.405156057421875 0.20695270138888888 0.014033627343750021 0.03234087222222222
6 0.16528496914062502 0.2928870173611111 0.024948671093750006 0.04158112083333335
6 0.41243275468749996 0.17692189166666666 0.012994103124999956 0.027720744444444438
6 0.394760778125 0.19263031597222222 0.011954571874999953 0.06283369027777776
6 0.86961242578125 0.13441674652777777 0.020790559375000052 0.06468174305555555
6 0.8490817480468749 0.14781510694444444 0.021310324218749878 0.08223821666666667
6 0.544240158984375 0.4421170381944445 0.006237169531249975 0.011088298611111153
6 0.5036985656249999 0.4527433236111111 0.004158112499999955 0.008316219444444467
7 0.305101487890625 0.16167548125000003 0.08420176953124998 0.04342917361111112
7 0.32865624374999997 0.3834414583333334 0.01403362812500002 0.03603696944444445
7 0.43130963359374996 0.4060800659722222 0.011434804687499956 0.024024648611111133
7 0.98240121484375 0.12841058541666667 0.03430442343750002 0.04527722083333333
0 0.487076610546875 0.4646532118055556 0.014553391406249982 0.016105795833333283
0 0.5347907656249999 0.4709226979166667 0.009355751562500014 0.010164273611111064
0 0.268263189453125 0.47692886180555555 0.025468436718750008 0.029568798611111113
0 0.07958885546875 0.4718467243055555 0.020270796874999997 0.019404523611111082
0 0.1029782359375 0.4769288611111111 0.0202707953125 0.024024647222222167
0 0.20073100351562498 0.4713847124999999 0.013513864843750011 0.024024647222222247
0 0.229058141015625 0.47785288819444444 0.017152213281250005 0.0314168513888889
0 0.4520740300781251 0.47890891041666667 0.04573923046874997 0.06098564305555559
0 0.5586256523437501 0.4770608597222222 0.02702772812499994 0.04065709444444442
0 0.610861934375 0.4987754451388889 0.07536577968750002 0.07854211527777777
9 0.516005003515625 0.4876871486111111 0.02183008828125006 0.06745381666666661
0 0.34735828359375 0.49804942013888887 0.12526312500000003 0.1607803291666666
0 0.8300631171875 0.5294662673611111 0.33940589687499995 0.4416839013888888
2 0.6905064812499999 0.4435319513888889 0.09043893750000001 0.16262838333333335
0 0.04410411953125 0.483573025 0.029626546875000003 0.04065709444444442