7 0.8217630140625001 0.54069341875 0.017546540624999985 0.03465983472222215
7 0.6258082796875 0.43625425625 0.115064040625 0.0649343652777778
7 0.369939577734375 0.55109136875 0.018521349218750018 0.027727868055555563
7 0.34118274648437497 0.54849188125 0.03899231484375001 0.025994876388888914
7 0.071160973828125 0.5805522284722222 0.021445772656249994 0.01039795138888885
7 0.050202603515625 0.5796857326388889 0.010722885156249995 0.012130943055555498
7 0.05605145078125 0.5632223111111111 0.0243701953125 0.017329913888888864
0 0.8027542609375 0.5926831694444445 0.034118274999999976 0.017329919444444484
0 0.8865877351562499 0.5935496659722221 0.06141289375000003 0.03985880972222217
0 0.5819602839843749 0.6048141111111112 0.03314346640624999 0.04505778333333331
0 0.26953436953125004 0.6091465916666667 0.018521350000000013 0.015596924999999985
0 0.108203670703125 0.6004816347222222 0.013647310156249981 0.015596925000000065
0 0.07067356875 0.5996151388888888 0.016571732812500007 0.013863933333333339
0 0.046303372265625 0.6013481291666666 0.020470963281249997 0.01732991388888894
0 0.028756831250000003 0.6004816340277779 0.0165717328125 0.019062906944444475
0 0.705760880078125 0.6004816333333333 0.11307771015624998 0.15423626388888884
0 0.5181103707031249 0.6039476166666666 0.10430443984375 0.16810019722222225