0 0.0377391734375 0.5602043333333333 0.075478346875 0.2540817472222222
0 0.47281589960937503 0.4714287833333333 0.02496812421875001 0.03979593611111112
0 0.48917432421875 0.46760225138888895 0.011192606250000025 0.016836744444444444
0 0.40436880234375006 0.5091839013888888 0.12742352656249994 0.21122458333333335
0 0.9050227328125 0.5061226763888889 0.061128854687500046 0.05816329166666666
1 0.8331317558593749 0.4862247076388889 0.08265309921874993 0.048979612499999964
0 0.647018785546875 0.4780104229166667 0.02669006328124999 0.035204098611111095
0 0.67284787890625 0.48030634166666664 0.0318558828125 0.03979593611111112
0 0.6956635777343749 0.4826022631944445 0.030994911718750018 0.0413265486111111
0 0.718048791796875 0.48566348819444444 0.030994911718750018 0.03826532361111114
1 0.7697069781250001 0.48642879513888887 0.06887758281250003 0.04591839027777777
0 0.826674483203125 0.5061226777777778 0.035299761718750135 0.033673486111111116
0 0.86455715234375 0.5045920638888889 0.04390945781250011 0.045918388888888884
0 0.9783570640625001 0.5129038104166667 0.04188371875000012 0.05684592638888886
6 0.421563085546875 0.38908180138888887 0.011192607031249935 0.024489808333333307
6 0.447392178515625 0.39137772291666667 0.009470667968749957 0.022959193055555556