7 0.235257513671875 0.3467649423611111 0.029779432031249976 0.021176484722222198
7 0.651425076953125 0.3679414270833334 0.031268403906249985 0.06882357638888889
7 0.370158349609375 0.3520590638888889 0.029779432031249976 0.0158823638888889
7 0.367180406640625 0.38382379097222225 0.017867658593750013 0.0370588486111111
7 0.36643592070312503 0.41558851874999997 0.013400744531250019 0.02647060694444442
6 0.36196900625 0.48838268611111113 0.025312517187499984 0.023823544444444483
6 0.25312517265625 0.2951472597222222 0.011911773437500005 0.04500003055555556
6 0.21887882578125 0.40632380625000003 0.014889715625000032 0.02382354583333329
6 0.271737317578125 0.46191207986111116 0.0044669148437499915 0.029117668055555553
6 0.431206185546875 0.26338253333333334 0.011911772656250008 0.06088239444444447
6 0.6107761703125 0.43411794374999996 0.014889715624999944 0.02117648472222216
6 0.954728610546875 0.37058848819444445 0.011911772656250008 0.052941212499999994
6 0.18239902148437498 0.43411794374999996 0.016378688281249998 0.02117648472222216
6 0.231535084375 0.45661795902777774 0.0163786875 0.02382354583333337
6 0.2650369453125 0.4063238069444444 0.01786765937500001 0.018529424999999992
6 0.414976392578125 0.2607354722222222 0.013400744531250019 0.060882394444444425
6 0.47006834218750004 0.40632380625 0.007444857812499972 0.039705909722222224
6 0.9450502953125 0.3070590326388889 0.019356631249999978 0.06882357638888889
0 0.221261183984375 0.49897092847222224 0.03871326171875 0.034411787499999964
0 0.184781379296875 0.4923532770833333 0.049136063281249996 0.037058848611111174
0 0.31432190898437506 0.5082356409722222 0.049136063281249996 0.05823533472222222
0 0.5445169109375 0.5439709590277778 0.1295405296875 0.09794124305555556
0 0.76116230234375 0.6114710055555556 0.19654425156250008 0.24882369999999995
0 0.985953803515625 0.6697063395833334 0.02809239296874999 0.11117654583333336