7 0.782311953125 0.2932517534722222 0.07515660625000012 0.10411304861111112
7 0.7823119527343749 0.3687337131944444 0.04001845390624999 0.04685087083333331
7 0.794024671484375 0.4945369791666667 0.030257855468750084 0.05205652500000003
0 0.222541641796875 0.6463685083333334 0.05075511171874998 0.06073261111111113
0 0.399208469921875 0.6871461208333333 0.037090274218749955 0.062467830555555534
0 0.5431772953125 0.6880137284722222 0.030257854687499995 0.08155522083333343
0 0.55684213203125 0.6914841638888889 0.02440149531249993 0.0954369611111111
1 0.7779255464843751 0.758164670138889 0.44314288671875 0.4786692875000001
1 0.47924537539062495 0.6177374194444444 0.06051571015624999 0.09023130833333334
0 0.31429126484375003 0.7192476430555556 0.12298353749999999 0.1336117444444444
0 0.460212209765625 0.7287913388888888 0.12786383671875004 0.20822609722222218
1 0.08638129492187499 0.5873711159722222 0.17276258984374998 0.2793700152777778
0 0.020497256250000002 0.9073933729166667 0.040994512500000004 0.18021188750000003