0 0.532143365625 0.5255014381944445 0.016389401562500083 0.02428059583333335
0 0.545118308984375 0.5255014381944445 0.015023617968750003 0.02428059583333335
0 0.56082481875 0.5279294965277778 0.019120968750000068 0.029136712499999995
0 0.5731168699218749 0.5279294972222223 0.016389400781249997 0.024280594444444463
0 0.51643685546875 0.5218593486111112 0.015023618749999912 0.0364208916666667
0 0.508242154296875 0.52671546875 0.017755185156249985 0.03156477361111109
0 0.49731588671875004 0.5279294972222223 0.023218318750000043 0.038848952777777786
0 0.491852752734375 0.5412838243055555 0.03414458671875007 0.050989248611111135
0 0.4618055160156249 0.5437118847222222 0.031413019531249996 0.0801259638888889
0 0.380541400390625 0.5752766576388889 0.16116244921874995 0.22095341527777776
0 0.592237838671875 0.5376417347222222 0.030047235156250008 0.04370506944444443
0 0.0684598765625 0.5412838236111112 0.13521256406249998 0.11411879722222219
0 0.14562664296875 0.541283825 0.06555760625 0.07526984444444448
1 0.88314971796875 0.40045637222222225 0.23218319062499998 0.789119338888889
6 0.129920132421875 0.4550877118055556 0.02868145234374999 0.04370507083333332
6 0.36415199882812505 0.34218294513888886 0.008194700781249998 0.046133131944444454
6 0.38395585859375 0.34010175972222223 0.009560484374999989 0.04127701388888892
6 0.37371248203125 0.3433969736111111 0.010926268749999978 0.04370506944444443