6 0.23253173632812502 0.2997457041666667 0.01201271171874998 0.03508473888888892
6 0.31576265195312503 0.33864400208333334 0.005148303906250007 0.02745761805555556
6 0.3599522625 0.36457620347222225 0.006006354687499993 0.02135593194444441
6 0.38097450546875 0.28525418333333336 0.005148307812499997 0.03050846944444443
6 0.1703230609375 0.4011863645833333 0.007722456250000009 0.018305081944444388
6 0.48479863671875006 0.38211856875000005 0.008580506249999953 0.013728806944444472
6 0.074221383984375 0.4065253451388889 0.012870760156249994 0.02593219583333332
6 0.222235126171875 0.30050841666666667 0.006864405468749979 0.03355931388888891
6 0.32219803203124997 0.33940671250000004 0.006006354687499993 0.025932194444444473
6 0.372393996484375 0.2852541826388889 0.006864403906249983 0.03355931527777775
0 0.16989403476562498 0.4431355076388889 0.05148303984375 0.04118642916666665
0 0.1497298453125 0.48813550208333334 0.054057195312500014 0.07016948194444442
0 0.10296608203124999 0.49805075277777777 0.0720762578125 0.08999998333333331
0 0.36510056640625 0.43322025694444444 0.019735165624999995 0.03050846944444443
0 0.38740988515624997 0.44694906805555557 0.018019067187500015 0.021355927777777752
1 0.435889747265625 0.4553388944444445 0.07379235859374997 0.11440675277777777
0 0.037754230078125 0.5018643125 0.07550846015625 0.1311864166666666
0 0.28444380117187495 0.5514405729166667 0.21537071953124998 0.2974575708333333
7 0.962017843359375 0.058220322222222225 0.07293430859375008 0.11440675555555554