6 0.33684588515625 0.30862312638888884 0.014212907812499998 0.057754038888888894
6 0.5782814585937499 0.38262048125 0.009228509374999926 0.05053477916666667
6 0.760187476171875 0.5053478055555556 0.008121661718750062 0.021657763888888897
6 0.394712721484375 0.5224935354166667 0.008121661718749973 0.02707220416666674
6 0.44496549921875 0.5288103840277778 0.005076037499999941 0.02165776250000001
6 0.34293713085937505 0.5134694680555556 0.006091244531250028 0.019852950000000015
6 0.3505511890625 0.3113303451388889 0.007106454687499974 0.05594922083333331
6 0.321110166796875 0.31042793750000003 0.011167283593750011 0.050534780555555554
6 0.74698977578125 0.5062502145833333 0.014212907812499953 0.034291456944444416
6 0.15207809375 0.29508702291666666 0.014212907812499998 0.03429145694444446
7 0.6398853687500001 0.3853277041666667 0.070049328125 0.041510713888888835
7 0.7393757191406249 0.3799132611111111 0.03147143828125003 0.0451203388888889
7 0.15715413203125 0.4512034 0.0284258140625 0.057754033333333316
7 0.151570490234375 0.5558825881944445 0.015228114843750019 0.02165776250000001
0 0.353926750390625 0.5402838493055555 0.012182491406250006 0.01985294861111113
0 0.37930694257812503 0.5493079180555556 0.012182491406250006 0.019852947222222164
0 0.06916100546875 0.54376455625 0.0314714375 0.0412528736111111
0 0.200122791796875 0.5420886645833333 0.011167285156250007 0.01985294861111113
0 0.243776720703125 0.5258453402777779 0.01522811328125 0.01624332499999994
0 0.337175825390625 0.5445380451388888 0.013197700781249998 0.018048134722222248
0 0.26509608125 0.541830825 0.013197698437500006 0.019852950000000015
0 0.308750011328125 0.5436356388888889 0.013197699218750003 0.023462577777777778
0 0.094541194921875 0.5382211979166667 0.015228114843750007 0.01985294861111105
0 0.11433774609374998 0.5562693354166667 0.05076038281249999 0.055949223611111085
0 0.027727851171875 0.5526597083333333 0.05545570234375 0.10287437499999999
0 0.5112839371093749 0.5743174701388889 0.02436498359375001 0.04512034027777771
0 0.5346337125 0.58063431875 0.03451705937499998 0.04692515416666668
0 0.9408944363281251 0.8870658826388889 0.11776408828125007 0.22199207361111112
0 0.18541063515624998 0.5451558777777779 0.014501943750000001 0.023437483333333297
0 0.170908691796875 0.5451558777777779 0.014501942968749982 0.023437483333333297