0 0.127880771875 0.5947261541666666 0.04218747187499998 0.025781233333333375
0 0.103491139453125 0.5935542791666667 0.02241209296875 0.018749988888888916
0 0.08503412109375 0.6052730222222222 0.022412093750000008 0.014062491666666687
0 0.173364138671875 0.6052730222222222 0.014501942968750004 0.014062491666666687
0 0.21686996914062498 0.6017573986111111 0.014501942968749982 0.016406238888888917
0 0.23862288281249996 0.6041011472222222 0.013183584374999979 0.011718741666666688
0 0.25839826015625 0.6052730236111111 0.01318358593750002 0.018749988888888916
0 0.039550755078125 0.5947261541666666 0.02636716953125 0.025781233333333375
0 0.027685527734375 0.6439448701388889 0.05537105546875 0.10546867638888892
7 0.2663084109375 0.5736324194444445 0.018457018749999988 0.030468730555555525
0 0.251147287890625 0.6380854993055556 0.03295896171875001 0.07031245138888885
0 0.201708845703125 0.6369136256944444 0.055371055468750006 0.058593709722222165
0 0.27685527890625006 0.6052730222222222 0.015820301562499983 0.014062491666666687
0 0.371777088671875 0.5900386555555556 0.02636716953125 0.021093736111111146
7 0.40012179453124996 0.5595699277777778 0.04350582968750003 0.035156224999999985
0 0.415942096875 0.6216792597222222 0.02241209375000004 0.03281247777777775
0 0.37836888007812497 0.6310542548611112 0.023730452343749996 0.046874968055555556
0 0.39616671953125 0.6099605194444444 0.011865226562499975 0.018749986111111068
0 0.7481684312500001 0.5839839854166666 0.13051748749999997 0.18984362083333325
0 0.3126322265625 0.6832026555555555 0.1555663 0.1898436194444444
7 0.4602883765625 0.5917964680555555 0.007910151562500013 0.025781233333333375