0 0.3660403453125 0.4821182930555556 0.010722885937500015 0.027727866666666677
0 0.3748136171875 0.4838512840277778 0.012672501562499994 0.03119384861111109
0 0.31535033828125 0.4829847895833333 0.012672501562499994 0.02252889305555554
0 0.308039278515625 0.48471778055555553 0.011697694531250002 0.022528891666666735
0 0.29439196953125 0.48991675625000003 0.019496156250000007 0.025994873611111066
0 0.278795043359375 0.49338273888888895 0.011697692968750006 0.03639282777777776
0 0.25734927109375 0.48818376388888884 0.042891545312500015 0.057188727777777774
0 0.23395388242187504 0.5055136805555556 0.035093082031250014 0.060654711111111065
0 0.196911184765625 0.5107126548611112 0.06238770234375 0.07105265972222223
0 0.023882792187499998 0.5445059944444444 0.047765584374999996 0.20795900555555555
1 0.43281468359374997 0.49858171597222223 0.12087617343750004 0.18543011527777778
0 0.461084111328125 0.5549039437500001 0.10917847890624995 0.1871631069444444
0 0.6448353902343749 0.6242236152777778 0.35775447890624995 0.3951221138888889