6 0.49699480781250005 0.4986469909722222 0.011597940625000015 0.04123712361111108
6 0.10208495 0.5532861743055555 0.022036085937499995 0.03917526527777777
6 0.08410814296875 0.5522552472222222 0.01855670468749999 0.032989697222222246
6 0.60427575390625 0.5893686513888889 0.012757732812500056 0.02474226944444445
6 0.58571904921875 0.5893686548611111 0.015077321875000039 0.028865984722222196
6 0.22734270117187502 0.6110181423611111 0.010438144531250027 0.01443299027777777
7 0.6048556515625 0.5615335972222222 0.020876292187499958 0.018556702777777743
7 0.6048556515625 0.5419459659722222 0.020876292187499958 0.02061855972222225
7 0.6089149296875 0.5244201895833334 0.010438145312500069 0.014432993055555541
7 0.6193530765624999 0.5161727652777778 0.03131443906250002 0.014432991666666655
7 0.6506675140624999 0.5089562694444445 0.022036085937499995 0.037113408333333334
0 0.0217576765625 0.6367913423611111 0.043515353125 0.045360831944444395
0 0.062072055859374996 0.6491624777777777 0.12293816328125 0.06185568333333333
0 0.136878769921875 0.6419459819444444 0.035953614843749995 0.026804127777777766
0 0.161234443359375 0.7151418708333334 0.12177837109374998 0.13608249722222224
0 0.7341726828124999 0.787306829861111 0.30502582343749995 0.37525779305555557
0 0.39493293671874996 0.7481315666666666 0.4291237828125 0.49896915555555565
1 0.37231695273437504 0.49039956458333334 0.16121136640625006 0.07422681805555556
7 0.601456441015625 0.4800387083333334 0.00974807890624998 0.017329916666666712