0 0.19544897265625 0.6342749722222222 0.0828586640625 0.06931966944444447
9 0.6170533671875 0.5796857319444444 0.021445771874999943 0.08491659444444445
7 0.5458923941406251 0.5216305097222222 0.007798463281250001 0.02079590000000001
7 0.5473546062500001 0.5406934208333334 0.012672501562499949 0.020795902777777778
7 0.564413743359375 0.5216305097222222 0.00974807890624998 0.02079590000000001
7 0.465958151171875 0.5415599145833333 0.007798464843749997 0.015596926388888871
7 0.465958151171875 0.5597563277777777 0.007798464843749997 0.017329916666666712
0 0.532732487890625 0.5814187229166666 0.030219042968749932 0.05025675972222222
0 0.5039756578125 0.5857512041666666 0.03314346874999998 0.04505778611111116
9 0.36019149960937497 0.6637358319444444 0.10235482421874997 0.3015405611111111
0 0.58049807265625 0.5883506916666666 0.051664817187500045 0.046790777777777806
0 0.41565806015624995 0.5892171861111112 0.02339538750000001 0.04159180000000002
0 0.44051565898437506 0.5944161631944443 0.018521349218749972 0.02426188472222219
6 0.7328339609375 0.4427252319444444 0.02047096406249995 0.03465983611111112