0 0.3989716171875 0.3739144756944444 0.006994243749999995 0.030197368055555528
0 0.589314958984375 0.38013158194444446 0.013988486718750082 0.01421052777777771
0 0.57732482578125 0.39256579236111105 0.019983553125000064 0.0213157902777778
0 0.6043026218750001 0.3863486861111112 0.02597861875000005 0.026644736111111043
0 0.46991322890625 0.3827960548611111 0.02098272968749999 0.030197368055555607
0 0.45092885429687496 0.38013157986111107 0.014987664843750003 0.028421051388888844
0 0.40846380390625 0.38546052847222223 0.009991776562499943 0.02486842083333332
0 0.30854604257812496 0.3819078972222222 0.05595394765625002 0.10302631666666666
0 0.21812046640625 0.37569079166666663 0.06694490156249999 0.05861842222222226
0 0.18664637109374999 0.36148026319444443 0.0199835515625 0.01953947361111111
0 0.14817803125 0.37036184375 0.076936678125 0.07638157916666664
0 0.11420599140625001 0.33128289652777776 0.0969202296875 0.08348684305555558
1 0.27207605859374995 0.3481578979166666 0.0549547703125 0.09236842083333331
0 0.7821562417968749 0.39523026527777777 0.029975328906250008 0.04085526388888891
0 0.8261200566406248 0.39523026527777777 0.051957238281250005 0.055065788888888925
0 0.883572771875 0.39967105486111115 0.050958059374999996 0.03552631527777782
0 0.744687080859375 0.39611842430555555 0.014987664843750003 0.017763156944444504
0 0.350511503125 0.3943421090277778 0.11590460624999999 0.16697368472222227
0 0.5028860925781251 0.3970065798611111 0.05095806015625 0.07993420972222225
0 0.42544982539062504 0.3810197381944444 0.02597861796874996 0.040855265277777796
0 0.076836754296875 0.46006579305555556 0.15367350859375 0.45118421111111107
6 0.06025039960937499 0.15986842152777778 0.008992599218750008 0.04263157916666665
6 0.2206184109375 0.20516447361111112 0.007993421875000007 0.037302630555555535