6 0.45501494179687507 0.21960921527777774 0.00527343359375001 0.021093736111111108
6 0.475449498828125 0.21374984583333329 0.006591791406249925 0.018749986111111106
6 0.48929226249999996 0.06609369791666667 0.010546868750000016 0.046874968055555556
6 0.509726818359375 0.12234365833333334 0.011865225781250021 0.04687496666666667
6 0.634311694140625 0.24656232361111113 0.013183585156249933 0.023437483333333335
6 0.791855530859375 0.19382798541666668 0.02768552734374996 0.03515622361111112
6 0.48138211132812503 0.06726557152777778 0.010546867968749929 0.04921871527777778
6 0.49852077148437496 0.12585928194444446 0.010546867968750017 0.04453121944444444
6 0.45831083867187505 0.21726546805555552 0.006591791406250014 0.025781230555555566
7 0.46094755468750004 0.10007804861111111 0.08305658281249997 0.10078117777777776
7 0.35416051875 0.2617966881944444 0.014501942187499983 0.02578123194444445
7 0.3548196984375 0.23484358263888888 0.018457018749999988 0.01874998750000003
7 0.335044321484375 0.20906234999999998 0.023730452343749996 0.04687496666666667
7 0.336362679296875 0.17156237430555554 0.03955075390625003 0.02343748472222222
7 0.317905661328125 0.09304680416666668 0.023730452343749996 0.021093736111111115
7 0.30472207578125 0.11648428819444444 0.0448241859375 0.02578123194444443
7 0.408213215625 0.24539044930555556 0.009228509375000016 0.02578123194444445
7 0.6231056468749999 0.21726546666666663 0.022412093749999952 0.016406238888888876
7 0.631015797265625 0.18562486666666667 0.01713866015624994 0.018749986111111127
7 0.7641700027343751 0.1645311298611111 0.01713866015625003 0.03281247638888887
7 0.8498633035156249 0.19734360833333334 0.014501942968749936 0.018749988888888878
7 0.878208009765625 0.12234365902777777 0.02900388671875014 0.0374999736111111
0 0.50643092265625 0.31218727916666666 0.015820303125000025 0.042187469444444445
0 0.51829614921875 0.2805466743055556 0.023730451562499956 0.03046872638888887
0 0.524228762109375 0.3192185236111111 0.03032224609374996 0.06093745833333332
0 0.54730003515625 0.3391403840277778 0.07119135624999995 0.09140618472222227
0 0.4543557625 0.3555466243055555 0.11997062031250003 0.1992186125