7 0.5171355625 0.17503216388888887 0.0965059765625 0.06585368333333332
7 0.387973521875 0.18283062847222226 0.10527924687499998 0.036392826388888896
7 0.17156618046875 0.04679077569444444 0.009748078125000004 0.010397951388888884
7 0.26309398125000005 0.08924907291666667 0.01733826718749998 0.00866495694444444
0 0.285131294921875 0.37692570000000003 0.20568445546875003 0.2200899472222222
0 0.514698541796875 0.3803916854166666 0.08188385859374998 0.11957642916666668
0 0.43525170312500006 0.34399885694444443 0.03606789062500004 0.03985880833333333
0 0.47326920820312496 0.35439680625000003 0.03021904296875002 0.046790776388888886
1 0.484479498828125 0.31280500625 0.035093082031250056 0.032926843055555585
1 0.045815968750000005 0.2278884125 0.09163193750000001 0.2443518333333333
1 0.17936464375 0.2573492722222222 0.24565157812500002 0.16116823055555557
0 0.12623761640625 0.3266689409722222 0.11015328593750003 0.04332479305555555
0 0.2237184 0.1230424138888889 0.07700981874999997 0.03119384999999999
0 0.331434667578125 0.12737489236111113 0.08188385859374998 0.025994873611111104
0 0.437201319140625 0.13517335416666668 0.07506020390624997 0.03465983333333335
7 0.5848847074218749 0.02512837986111111 0.011697694531250047 0.012130943055555555
0 0.40649487148437496 0.33100141805555555 0.011697692968749961 0.024261883333333303
1 0.46449593945312506 0.32666894027777776 0.010722886718750057 0.01906290833333332