0 0.8360750921874999 0.43561429930555556 0.32527567968749993 0.5463781097222222
0 0.377460300390625 0.47622060624999996 0.02272146328125002 0.02976379305555557
0 0.39001689765625003 0.4804725743055555 0.016742129687500017 0.02551182083333335
0 0.40376936289062504 0.4815355673611111 0.017937997656250017 0.02763780694444446
0 0.415728027734375 0.4868505284722222 0.017937997656250017 0.029763787500000027
0 0.436057757421875 0.48366155069444444 0.027504928906249938 0.04464568194444449
0 0.35832643671875 0.47728359652777774 0.010762798437499966 0.01913386527777779
0 0.340986373046875 0.4666536722222222 0.016742130468750015 0.019133863888888828
0 0.26086331953125 0.46240170208333337 0.011958665625000009 0.019133862499999942
6 0.346965705078125 0.41988200625 0.009566930468750012 0.019133862500000022
7 0.50721181328125 0.40053554375000006 0.011958665625000009 0.03401575972222217