7 0.9514762078124999 0.7217718527777778 0.022721464062499842 0.0361417416666667
7 0.9497742375 0.7510800756944443 0.03228839531250003 0.02551181805555558
6 0.123686759765625 0.5533634847222222 0.011958664843750012 0.04251969722222218
6 0.19125321484375 0.6189652993055555 0.008371065625000007 0.02551181805555558
6 0.23848993945312502 0.5764456013888889 0.007175199218749961 0.03826772777777773
6 0.24745893984374998 0.5788753034722222 0.008371065624999962 0.02551182083333335
6 0.380798051953125 0.6160800368055556 0.014350397656249968 0.031889770833333365
7 0.612796146875 0.6756076131944444 0.03348426093749994 0.0616535597222222
6 0.67976466953125 0.6734816277777778 0.011958665625000009 0.040393711111111154
6 0.6845481359375001 0.7085603784722222 0.011958665625000009 0.0255118180555555
7 0.73896006015625 0.7138753402777778 0.010762796875000013 0.03614174166666662
7 0.73955799296875 0.7425761354166667 0.009566931250000011 0.02551181805555558
0 0.36405592109375 0.7308832173611112 0.019133865625000013 0.03188977361111114
0 0.320406794140625 0.7361981791666666 0.027504928906250024 0.042519697222222264
0 0.30007706328125 0.7276942409722222 0.015546264062500014 0.02551182083333335
0 0.33415925859374995 0.7223792805555556 0.014350398437499967 0.03614174166666662
0 0.34432412421874997 0.7245052638888888 0.005979332812500004 0.023385833333333356
0 0.37900425078125 0.7266312479166667 0.008371067187500003 0.019133862500000022
0 0.054326503906250004 0.7436391270833334 0.10523625 0.10417325694444446
0 0.017852575390624997 0.6979304520833334 0.03468012734375 0.03401575416666663
0 0.10634669609375 0.7191903020833333 0.044247060937500006 0.04677166527777775
0 0.131459891796875 0.7096233708333333 0.01793799609375 0.023385833333333276