0 0.459071461328125 0.48309087013888885 0.014338650781250007 0.04180513472222221
0 0.47111592890625004 0.48767923888888887 0.020074110937499955 0.05098187222222224
0 0.49405776953125 0.4861497819444444 0.034986307812499985 0.0662764305555556
0 0.5258895746093749 0.5014443423611111 0.043589499218750036 0.07239425416666663
0 0.5766483996093751 0.5070523479166666 0.09578218828125004 0.1447885125
0 0.41105001796875007 0.4820712319444444 0.007456098437500014 0.019373108333333357
0 0.40416746601562503 0.4810515965277778 0.009750283593749964 0.023451659722222237
0 0.3972849140625 0.48003195624999995 0.012044467187500008 0.02753020972222223
0 0.385527219921875 0.4810515951388889 0.021794750781249973 0.03364803472222222
0 0.36229860468749997 0.48665959999999997 0.03498630937499998 0.04894259444444447
0 0.338079327734375 0.4886988763888889 0.024088933593750018 0.06525679166666667
0 0.305387201953125 0.4953265208333333 0.053913327343749984 0.09482628055555556
0 0.198759773046875 0.5034836166666666 0.19271146953125 0.21106494166666662