0 0.565710996484375 0.585849582638889 0.010029488281250032 0.02037737638888891
0 0.574307702734375 0.5909439284722222 0.01289506171874999 0.020377373611111062
0 0.585053584375 0.5934911020833333 0.014327845312500021 0.0254717208333333
0 0.595799465625 0.5934911020833333 0.01576062656249997 0.0254717208333333
0 0.615142054296875 0.5909439298611111 0.022924549218750024 0.015283031944444442
0 0.666005897265625 0.5934911020833333 0.03008847109375008 0.0254717208333333
0 0.5026684859375 0.5833024125 0.015760628125000054 0.025471722222222267
0 0.443207937890625 0.585849582638889 0.02579011796874999 0.02037737638888891
0 0.462550525 0.5998590305555556 0.04441631406250002 0.058584958333333347
0 0.40738832968749994 0.585849582638889 0.03438682343749995 0.02037737638888891
0 0.34649499609375 0.6244816875 0.10172768593749999 0.16556618888888888
2 0.31927209453125 0.5251419743055555 0.05587858593749999 0.09933971249999997
2 0.8357908359374999 0.6113213006944445 0.22924548906250006 0.3260380291666667
2 0.15068114570312502 0.6024062006944444 0.30136229140625004 0.5527363458333332
0 0.421716172265625 0.6189628222222222 0.06590807734375007 0.09679254166666666
0 0.666005897265625 0.6202364048611112 0.03008847109375008 0.05858495694444446
0 0.629469896875 0.6406137840277778 0.07737035156249998 0.10443405694444444
0 0.54565201484375 0.5985854430555555 0.027222901562499936 0.04584909722222221
0 0.510548801171875 0.5922175111111111 0.020058980468749966 0.02801889444444446
7 0.7025418976562501 0.5132551756944445 0.020058979687499968 0.017830206944444486
7 0.6960943671875001 0.5400004881944445 0.018626195312500027 0.02037737638888891
7 0.67603538671875 0.523443867361111 0.015760628125000054 0.043301926388888905
7 0.802836797265625 0.45212304722222224 0.020058980468749966 0.03311323611111116
6 0.49908652539062504 0.5387269 0.008596707031249994 0.022924552777777763
6 0.31927209648437505 0.4194343326388889 0.012895058593750041 0.04075475416666663
6 0.6122764859375 0.45254757152777775 0.011462274999999966 0.0458490986111111
6 0.705407465234375 0.5557080409722222 0.017193413281249993 0.022924551388888877
6 0.6215895847656251 0.4483022888888889 0.01289506171874999 0.04075475277777782
6 0.33073436953125 0.41773622569444446 0.01576062812500001 0.04584910138888887