0 0.236390902734375 0.42544946874999995 0.12769982734375002 0.1369063458333333
0 0.353855248046875 0.44191289027777775 0.10332963203125005 0.1490372888888889
0 0.49666459765625 0.4393134027777778 0.10040520781249995 0.16463421388888888
0 0.438663530859375 0.4011875854166667 0.03119385078125001 0.05372274583333329
0 0.404057851953125 0.40205408125000003 0.018521349218750018 0.04852377083333334
2 0.33874572656249996 0.34573184930555556 0.05361443124999998 0.04332479305555559
6 0.068236549609375 0.24955080763888887 0.025345005468750004 0.10051351805555556
6 0.510799311328125 0.06585368472222222 0.015596925781250003 0.06931966666666667
7 0.5975572093749999 0.340532875 0.013647309374999939 0.012130944444444462
7 0.53224508359375 0.3647947583333333 0.007798462500000003 0.015596924999999985
7 0.372864001171875 0.32580244375 0.012672502343749992 0.03465983194444442
6 0.04825298828125 0.24348533749999998 0.012672501562499994 0.08838257777777779