0 0.365347079296875 0.5645238361111111 0.01775518515625003 0.031564774999999975
0 0.325056466796875 0.5712010013888889 0.013657836718750005 0.024280594444444463
0 0.314130199609375 0.5699869680555556 0.013657833593750012 0.026708652777777786
0 0.293643446484375 0.5699869715277777 0.030047236718750002 0.04613313194444441
0 0.14682172421875 0.55663264375 0.025949885937500007 0.033992831944444406
0 0.183458865234375 0.5687729416666667 0.07668873984374999 0.05827342777777776
0 0.08317621328125 0.6213404291666667 0.1625282328125 0.1675361083333333
0 0.015569933203125 0.5608817472222222 0.024584102343749997 0.03399283333333329
0 0.26223042734375 0.5705939847222222 0.04370507031250002 0.05827342777777776
0 0.38310226484375 0.5693799534722221 0.028681451562500015 0.036420893055555584
0 0.34895767695312496 0.5742360756944445 0.023218319531249997 0.0364208930555555
0 0.23457331171874998 0.5681659256944445 0.02868145156249997 0.05341730972222223
0 0.5848967734375 0.5681659256944445 0.26223042812499997 0.32535997361111113
6 0.37320033476562503 0.4916820520833333 0.013657833593749969 0.02428059861111112
6 0.281692842578125 0.500180257638889 0.008194702343749994 0.02670865138888882
7 0.153992085546875 0.4346226527777778 0.03687615234375001 0.024280597222222235
6 0.42510010585937497 0.16389401597222222 0.01638940234374999 0.07769790416666669
7 0.531631217578125 0.18453252291666666 0.09833641015625005 0.04613312916666666
7 0.647039921875 0.2136692361111111 0.053265557812500045 0.06555760833333335
7 0.748790788671875 0.20759908888888887 0.049168203906249985 0.02913671666666669
7 0.761765733984375 0.17603431458333335 0.017755185156249985 0.03399283194444443
7 0.7733748914062499 0.2610163972222222 0.03551037031249997 0.02913671388888888
7 0.754253923046875 0.29743728888888893 0.02731566953125002 0.03884895277777775
7 0.754253923046875 0.3484265388888889 0.030047236718750002 0.06312954722222225
7 0.75493681640625 0.41034205625 0.02321831718750005 0.04613313194444449
6 0.789081402734375 0.4218753388888889 0.025949886718750113 0.04977521944444448
6 0.7726919992187501 0.4145911611111111 0.01775518437499999 0.05705939999999998
7 0.23389041875 0.5086784680555556 0.03551037031250002 0.01942447499999997
9 0.9249768578124999 0.6282603993055556 0.04097350312500012 0.2221674458333333
7 0.43843199843749997 0.43938718541666666 0.06017694062499999 0.03820758194444444