6 0.53157893671875 0.3795409861111111 0.02531249687499999 0.05249999722222225
6 0.422735196875 0.4612909777777778 0.01856250156249999 0.04499999444444443
6 0.327391452734375 0.4260409826388889 0.020249997656249973 0.03449999861111116
7 0.347219576953125 0.27304099375 0.031218747656250035 0.04649999583333333
7 0.377172698046875 0.40879098263888886 0.018562496093750002 0.017999998611111085
6 0.3991101984375 0.3555409875 0.0118125015625 0.03150000000000005
6 0.4096570703125 0.3750409819444444 0.0092812484375 0.025499991666666628
6 0.40206332109375004 0.3975409840277777 0.0092812484375 0.0224999986111111
0 0.6205945546875 0.5572909680555556 0.04303124687500004 0.1079999888888889
0 0.21853123203124997 0.5092499576388889 0.124874990625 0.07949999305555558
0 0.271687478125 0.5114999583333333 0.040499996875000034 0.06299999166666671
0 0.95050407421875 0.7470819736111112 0.09365624062500011 0.3344999777777778
0 0.099160392578125 0.6000819826388888 0.19321873515625002 0.46349996527777765
0 0.34469162343750004 0.5655819861111111 0.13078124062499996 0.13949998888888893
0 0.5260978578125 0.6053319840277778 0.1797187328125 0.2549999791666666
0 0.6914728453125 0.5715819840277777 0.13584373906249994 0.15149998472222223
2 0.803269709765625 0.4793319923611111 0.26831247578125 0.32099997361111116