0 0.216894745703125 0.4869706743055555 0.12185098046874998 0.11437745138888888
0 0.412343719140625 0.44364588125 0.02144577265625003 0.03119384861111109
0 0.59024615078125 0.4618422951388889 0.04386635312499996 0.05372274305555559
7 0.51957258203125 0.4271824604166667 0.011697693750000049 0.025994876388888914
7 0.651659044921875 0.3656612527777777 0.02047096484375004 0.03812581388888891
7 0.9129075480468749 0.33793338680555557 0.026319813281249972 0.04852376805555557
0 0.54832941328125 0.3916561298611111 0.008773270312499993 0.017329918055555518
0 0.47668103671874995 0.43064844375000005 0.01169769374999996 0.019062909722222247
0 0.4596218992187501 0.4323814361111111 0.010722885937499971 0.008664958333333316
6 0.37627582890625 0.40811955138888895 0.007798464062499999 0.01906290833333336
6 0.2281050359375 0.4072530555555555 0.009748078124999981 0.017329916666666632
6 0.9314288968749999 0.18456361944444444 0.034118274999999976 0.0814506111111111
6 0.9324037042968751 0.2755456840277778 0.02631981171875015 0.048523768055555534
6 0.8924365832031249 0.18802960277777778 0.020470964843749863 0.08491659444444445
6 0.510799311328125 0.40811955138888883 0.00974807890624998 0.015596924999999985
6 0.45426045624999994 0.41158553472222226 0.007798462500000003 0.012130941666666692
6 0.487891326953125 0.41245203055555557 0.006823655468749923 0.02079589999999993
6 0.46498334257812496 0.4107190388888889 0.005848847656249934 0.024261883333333303