7 0.4342108632812501 0.3779261840277778 0.011434807812500036 0.014784398611111114
7 0.450323546875 0.3631417861111111 0.01247433593749996 0.022176597222222188
7 0.63062966171875 0.347895375 0.010915042187500034 0.013860372222222219
7 0.64440340859375 0.34050317569444444 0.011434807812499947 0.013860373611111103
7 0.696795613671875 0.32618078958333335 0.011434808593750035 0.014784398611111114
7 0.6923906265625 0.3783222104166667 0.007796459374999998 0.011088298611111153
6 0.59055586953125 0.3178645666666666 0.005197640625000055 0.022176597222222188
6 0.5133709144531251 0.3150924916666667 0.005717403906249974 0.02402464722222221
6 0.518828436328125 0.3150924916666667 0.005197639843749968 0.02402464722222221
6 0.596273273828125 0.3178645666666666 0.005197639843749968 0.022176597222222188
7 0.18166767265625 0.27190876319444446 0.03794277343749999 0.07669406527777779
0 0.5867323492187501 0.4127311173611111 0.007796459374999998 0.014784398611111114
0 0.595568337890625 0.41642722013888894 0.009875517968749924 0.014784398611111114
0 0.5737382492187499 0.4118070958333334 0.011954571875000042 0.02032854722222221
0 0.5581453296875 0.4141171548611111 0.012994100000000054 0.013860373611111103
0 0.54437158203125 0.41226910763888885 0.01559292031249999 0.028644770833333333
0 0.526439723828125 0.42381941597222217 0.03274513203125 0.03696099583333334
0 0.6137600773437499 0.41319313194444446 0.027547492187500033 0.04527722222222223
0 0.476022616015625 0.44137588888888896 0.023389380468749988 0.049897344444444436
0 0.46042969609375 0.4478440659722222 0.027547492187500033 0.05544149305555553
0 0.4302833828125 0.4543122388888889 0.055614748437499986 0.07207394444444443
0 0.307619078515625 0.4829570180555556 0.10551209296875004 0.15523618333333336
0 0.1377428703125 0.5359344402777778 0.2744353953125 0.26981526944444445