7 0.0815118984375 0.25896826805555556 0.0515365546875 0.022437683333333347
7 0.1099095921875 0.2846781138888889 0.03260475937499999 0.014958455555555538
7 0.10885782578125 0.3912571125 0.024190628125000002 0.048614980555555576
6 0.089400146484375 0.3547958763888889 0.014724730468750002 0.031786719444444445
6 0.403878308203125 0.19212266805555558 0.012621197656249982 0.054224402777777785
7 0.7141494054687499 0.17435950069444445 0.035760059375 0.04861497916666667
7 0.672078748046875 0.17248969374999998 0.03996712421875 0.04861497916666667
6 0.6568281347656251 0.1594010451388889 0.013672963281250006 0.05609420972222223
6 0.6273786749999999 0.16220575624999997 0.024190628125000037 0.09162054305555553
7 0.78304010703125 0.3145950256944445 0.03260475937499994 0.022437684722222233
7 0.7777812746093751 0.33796761180555557 0.013672963281250006 0.013088651388888905
7 0.774625976171875 0.3744288479166667 0.011569432031250049 0.04861497916666669
7 0.778833041015625 0.4398720930555555 0.030501225781250075 0.044875366666666694
6 0.8030236687500001 0.40060614513888887 0.024190628125000037 0.02243768472222219
7 0.49380433945312496 0.39312691666666666 0.011569430468749965 0.011218841666666653
7 0.583204484765625 0.3865825951388888 0.013672963281250006 0.020567876388888903
7 0.583204484765625 0.4090202784722222 0.011569430468749965 0.01682826250000002
7 0.580049185546875 0.4370673840277778 0.013672963281250006 0.01682826250000002
6 0.47329489296875 0.39219201736111114 0.00841413124999999 0.016828265277777713
6 0.40913714140625 0.3856476916666667 0.01051766562499994 0.0186980694444445
6 0.76700066875 0.2706545618055556 0.021035328125000065 0.07666208750000002
1 0.40931244140625 0.42849744375000004 0.026294160937500033 0.03552633194444444
1 0.39090652851562496 0.4384697388888889 0.012621197656250027 0.0430055611111111
0 0.41772657265625 0.4599725194444444 0.04101889062499997 0.0785318944444445
1 0.3579511765625 0.4353534 0.052588321874999976 0.08040170277777779
1 0.31482875429687496 0.4222647493055556 0.03576005859375 0.03926594583333332
0 0.281172228515625 0.4400279145833333 0.04838125546875003 0.05983382083333334
0 0.21876741757812498 0.46527031041666667 0.11148724140624999 0.12527706805555552
0 0.3139522796875 0.4820985729166667 0.07677895000000001 0.09536015694444444
0 0.4575183976562499 0.4288090736111111 0.012621196874999985 0.014958455555555538
0 0.4575183964843751 0.49892683611111105 0.08834838046874997 0.13275629722222224