6 0.48606815117187496 0.2587675895833333 0.01319608203125 0.07251179861111111
6 0.56704410390625 0.2097154916666667 0.011996437500000035 0.0725118
6 0.111179477734375 0.3739333902777778 0.011996438281249988 0.05545020000000002
6 0.092584998828125 0.4283172402777778 0.02279323046874999 0.03625589999999998
6 0.6468204140625 0.46137409027777776 0.015595368750000027 0.025592399999999946
7 0.10758054648437501 0.3248812902777778 0.03598931328124999 0.025592399999999987
7 0.12197627109375 0.28435998958333336 0.028791449999999986 0.04691940138888889
7 0.348708941015625 0.36007084027777775 0.026392163281250002 0.014928899999999995
7 0.34630965351562504 0.3931276902777778 0.02159358828125 0.04265399999999996
7 0.85675807109375 0.3547390909722222 0.029991095312499993 0.04265400138888889
7 0.856758070703125 0.2918244381944444 0.039588244531250004 0.019194298611111115
7 0.848960386328125 0.2619666388888889 0.016795013281249993 0.023459700000000003
7 0.87955130234375 0.21398088958333333 0.03239038124999993 0.0255923986111111
7 0.85795771484375 0.1361373402777778 0.06358112031249999 0.04478670277777778
6 0.47107260390625 0.26303298888888893 0.011996437500000035 0.06398099999999998
6 0.555647487890625 0.22037898888888888 0.010796792968749979 0.06398099999999998
7 0.6378230859375 0.43578169166666664 0.02879144999999994 0.012796199999999973
7 0.75418853046875 0.4325826395833333 0.01199643906250003 0.057582898611111155
0 0.36910288476562503 0.5200233409722222 0.04078788828125002 0.06611370138888885
0 0.51725888828125 0.5818716409722222 0.36349205781250005 0.5182461013888888
0 0.85490085546875 0.6671796409722223 0.2901982890625 0.43720350138888886