0 0.41796250351562503 0.48719764375 0.0076549914062500335 0.02177419583333331
0 0.412986759765625 0.4844758694444445 0.014544482031250005 0.029939522222222258
0 0.40303527109375 0.48787808680555556 0.022199473437499995 0.036743956944444434
0 0.47116469062499994 0.49264119375 0.014544482812500004 0.02449597083333338
0 0.375860054296875 0.4878780875 0.03980595234374999 0.06123992777777782
0 0.271369427734375 0.46270167222222225 0.04516444609374996 0.03266129444444448
0 0.529444709375 0.49967245 0.05659591093750001 0.0739415555555556
0 0.324380240234375 0.48209431597222224 0.07884640703125001 0.10342743194444447
0 0.444372222265625 0.4923009708333333 0.04516444609374996 0.08029235000000001
0 0.5923049214843751 0.5242818222222222 0.09492188671874997 0.13336695277777785
7 0.478513486328125 0.34294359236111105 0.10181137890625003 0.09798388194444445
7 0.37494146875 0.30824096875 0.09492188749999997 0.1374496152777778
0 0.487367769921875 0.5005797159722222 0.03215096171875 0.04490927916666673
0 0.134168666796875 0.5430206034722223 0.26639368359375 0.4055444069444445
7 0.291782734765625 0.3238911708333333 0.06506742265624998 0.07620968611111113