0 0.569324565234375 0.5851469361111111 0.11838298359374999 0.18195264166666666
0 0.577782842578125 0.5011317493055556 0.08537351015625001 0.08670332916666668
0 0.08194678046875 0.4969329347222222 0.101349840625 0.14289939166666668
0 0.279655890625 0.5062524604166667 0.07238867500000001 0.07100590972222223
0 0.1695669609375 0.4978205090277778 0.07688608593750001 0.1109467319444445
7 0.77580057109375 0.46375734166666666 0.02346523281249997 0.016863902777777814
7 0.81324509296875 0.4619821930555555 0.009485945312500021 0.025739641666666636
7 0.8020117359375 0.4624259798611111 0.008986685937500027 0.023076918055555576
7 0.8129954625 0.4988165097222222 0.01198224687499998 0.00887573888888882
0 0.627070931640625 0.5338882784722222 0.015976328906250004 0.0257396430555556
0 0.658025069140625 0.5330007048611112 0.019970411718749935 0.02396449583333333
0 0.6442954125 0.5223498180555555 0.01947115156250003 0.038165675
0 0.6867325378906249 0.5330007048611112 0.013480027343749956 0.02396449583333333
0 0.6772465921874999 0.5316693437500001 0.013480028124999955 0.02485206805555554
7 0.59556487734375 0.4489043479166666 0.023465234374999967 0.00710059027777774