7 0.713400642578125 0.26872020138888886 0.021593586718749957 0.017061600000000017
7 0.6936065203125 0.30924150347222223 0.06598040625000001 0.05971560138888891
6 0.5538480234375001 0.22286714999999996 0.01439572499999997 0.0575829
6 0.80577321171875 0.20900460208333335 0.01439572499999997 0.05971560138888891
0 0.48846743789062497 0.46919400208333334 0.027591805468749973 0.04265400138888885
0 0.43268400429687504 0.5182461013888889 0.09837078671874999 0.1535544
0 0.694047046484375 0.48838830138888895 0.021912178906250013 0.04691939999999993
0 0.858557537109375 0.53850675 0.09117292578124996 0.15142169999999996
0 0.7661849683593751 0.5427721506944445 0.12716223828124998 0.17274870138888884
0 0.225745455859375 0.4841229020833333 0.03239038203125002 0.04691940138888889
0 0.262334591015625 0.4819902013888889 0.040787888281249976 0.04691940000000001
0 0.11537823164062502 0.4627959020833333 0.05878254453125 0.04265400138888885
0 0.15616611953124998 0.48625560208333335 0.11876473125 0.06398100138888892
0 0.064393371484375 0.47665844999999996 0.04318717578125 0.07464449999999997
0 0.027398110546875 0.47665845138888885 0.05479622109375 0.0917061
0 0.334010219140625 0.5326062743055555 0.21414258515625 0.25478654861111116
0 0.5906871148437499 0.5438918111111111 0.22963187187500003 0.30721541944444447