0 0.559967626953125 0.3907180881944444 0.03538651171875005 0.04080606527777775
0 0.6407827660156251 0.3915682118055555 0.06886023671875004 0.0527078347222222
0 0.734987396875 0.38901783472222223 0.14250243593750006 0.07821162777777779
0 0.8347391191406249 0.3856173277777778 0.04781960859374994 0.054408088888888845
0 0.44357470039062497 0.3881677076388889 0.0076511367187499955 0.015302273611111162
0 0.2864394609375 0.4238730236111111 0.07172941562499999 0.07651137499999999
0 0.4934983687500001 0.45532770138888884 0.12815655312500002 0.21763235555555555
0 0.13246031796875 0.5388101215277777 0.2649206359375 0.3723553597222222
7 0.19366941796875 0.3438761256944444 0.012433098437500002 0.023803540277777754
7 0.194147613671875 0.3591783986111111 0.009563921093749993 0.010201516666666698
7 0.30652369765625 0.3557778944444444 0.016258668749999972 0.027204044444444422
7 0.26587702890625 0.34897688402777777 0.013389490624999967 0.023803540277777754
7 0.344779383984375 0.35662802083333334 0.008607528906250028 0.028904297222222257
7 0.141067848828125 0.3481267576388889 0.012433099218749999 0.018702781944444486
7 0.12146180703125001 0.3438761256944444 0.021040628125000006 0.023803540277777754
7 0.589137588671875 0.29771426041666665 0.015302275781250074 0.0221032875
7 0.5900939808593749 0.32491830624999996 0.015302275781249985 0.0221032875
7 0.21710102578125 0.3851072534722222 0.007651137499999993 0.018702781944444444