6 0.28042987421875 0.3790919395833333 0.007798465624999995 0.04072530694444446
6 0.33703981328125 0.42458297083333335 0.006823659375000002 0.025994874999999952
6 0.390654245703125 0.39942751319444453 0.00877327109374999 0.03460567916666667
6 0.40040232187499997 0.39336204305555555 0.008773268749999997 0.0398046527777778
6 0.442319061328125 0.4236893979166666 0.0068236601562499995 0.034605676388888895
6 0.4749751218749999 0.42544946805555556 0.007798462500000003 0.03465983333333335
6 0.5709936964843749 0.4236893979166667 0.006823653906250016 0.027673712499999996
6 0.6153474531249999 0.42542239097222223 0.005848848437500021 0.03113969861111106
7 0.49983272187499994 0.4323814354166667 0.006823654687500014 0.031193851388888857
7 0.38041876171875 0.3821246777777778 0.015596926562500002 0.03465983611111112
7 0.560270809375 0.49216964722222223 0.008773270312499993 0.015596919444444444
7 0.669449287890625 0.4904366597222222 0.012672502343750036 0.01906290833333328
0 0.2227435921875 0.5158538819444445 0.012672501562499994 0.013863938888888958
0 0.24077753710937505 0.5149873826388889 0.02729461953125001 0.02252889305555554
0 0.3728639984375 0.5331837958333333 0.0165717296875 0.03119384999999997
0 0.35824188125 0.5297178138888889 0.0243701953125 0.04505778611111116
0 0.306089662890625 0.5470477305555556 0.046790775781249974 0.06931967222222224
2 0.28025725664062506 0.5106549027777778 0.03606788984375 0.041591805555555555
0 0.197398587109375 0.5245188381944444 0.016571733593749992 0.020795901388888892
0 0.182289065234375 0.5210528548611111 0.011697689843750015 0.01732992083333329
0 0.145246369140625 0.5037229409722223 0.025345002343750013 0.010397951388888929
0 0.16717954570312502 0.5167203736111111 0.04191673828125 0.025994874999999952
0 0.147195983984375 0.5236523402777777 0.06043808515625 0.043324794444444516
0 0.12185098046875001 0.5323173020833333 0.09358155624999999 0.05025676249999999
0 0.071160972265625 0.5097884076388889 0.03314346640625001 0.032926843055555585
0 0.043866352734375 0.5089219076388889 0.03704269765625 0.024261881944444418
0 0.58049807265625 0.5531132027777778 0.05946327968749996 0.09184856388888889
0 0.66498143828125 0.5955714972222221 0.1276998265625 0.16636720555555554
0 0.616241046484375 0.5409822583333334 0.018521349218749972 0.0398588055555556
0 0.76928587734375 0.5635111506944445 0.0887075125 0.0953145430555556
0 0.855556371484375 0.7122595979166667 0.28464389140624996 0.3847241625000001
0 0.33777091757812505 0.5534020423611111 0.061412894531249984 0.08664958749999999
0 0.42859052148437493 0.5300066520833334 0.031193852343750005 0.0398588069444444
0 0.501213705859375 0.609724275 0.14329675546875 0.22702191666666668
0 0.21055849570312501 0.5785304243055556 0.11502732578125 0.10224651249999997