6 0.325915709375 0.29644530138888886 0.00959715000000001 0.03412319999999999
6 0.398494157421875 0.34443105138888885 0.00839750703124995 0.027725099999999968
6 0.37630074765625 0.3486964513888889 0.004798575000000005 0.01919429999999996
6 0.35950573515624995 0.3497628013888889 0.007197862500000029 0.025592400000000026
6 0.2677329890625 0.3646917006944444 0.0131960828125 0.021327001388888867
6 0.4758711789062501 0.37002345208333337 0.011996437499999946 0.019194298611111153
7 0.45427759140625 0.3689571013888889 0.011996437500000035 0.02132700000000006
7 0.30132301406249995 0.30817515208333335 0.03718895625000003 0.01492890138888888
7 0.2779299609375 0.33590025208333335 0.014395725000000015 0.01492890138888888
7 0.470472782421875 0.3497628013888888 0.010796792968749979 0.01706159999999998
0 0.385298076171875 0.3710898013888889 0.008397507031249996 0.017061600000000017
0 0.36610377578125003 0.37215615138888897 0.013196081250000002 0.014928899999999995
0 0.34271072226562505 0.3774879020833333 0.019194299218749978 0.012796198611111089
0 0.34570983203125005 0.4041466513888889 0.03718895781250002 0.03625589999999998
0 0.399693801171875 0.3945495006944445 0.025192517968749994 0.029857798611111104
0 0.41888810039062496 0.4009476027777778 0.010796792968749979 0.025592399999999946
0 0.42848525078125005 0.40308030208333334 0.015595368749999939 0.029857798611111104
0 0.4434807976562499 0.4094784013888889 0.02879145000000003 0.02985779999999999
0 0.466274028515625 0.4169428520833333 0.02159358828125004 0.05331750138888888
0 0.48306904140625007 0.4169428520833333 0.031190737499999965 0.05331750138888888
0 0.514859601171875 0.42334095138888883 0.06118183203124996 0.08744069999999995
0 0.54605033984375 0.43400445069444443 0.061181831250000054 0.09597149861111108
0 0.6006341296875 0.4531987513888888 0.10796793749999996 0.11729849999999994
0 0.69660562890625 0.4809238513888889 0.19434228906249995 0.1898103
0 0.10837406406250001 0.49158735 0.21674812812500002 0.3305685
0 0.9402021671874999 0.39945459305555553 0.041916737500000065 0.06758667777777781
0 0.903646873046875 0.40898604722222226 0.06628693359375007 0.0623877027777778