0 0.5848847078125001 0.5259629888888889 0.04094192968749999 0.0745186444444444
0 0.538581334765625 0.5198975173611111 0.010722886718749968 0.045057784722222195
0 0.526883641015625 0.5224970055555556 0.01267250078125004 0.0537227444444444
0 0.5161607546875 0.5268294840277777 0.018521350000000058 0.06238770138888883
0 0.503000848828125 0.5311619638888888 0.027294621093750047 0.08145061111111107
0 0.491303154296875 0.5450258979166667 0.027294619531249963 0.09878052916666667
0 0.43427689492187505 0.5424264097222222 0.09455636015624998 0.15596925555555557
0 0.36262851875 0.5900836826388889 0.14817079218750004 0.19236208194444443
0 0.15986848671874998 0.6048141125000001 0.3158377421875 0.3985880972222223
0 0.617053366015625 0.5233635000000001 0.017546539843749986 0.02772786388888883
0 0.631675483984375 0.5320284604166667 0.017546541406249984 0.034659834722222234
0 0.646297601953125 0.5354944430555555 0.02924423515625003 0.04505778333333331
0 0.66286933515625 0.5380939305555555 0.044841160937500034 0.07105266111111111
0 0.68577731953125 0.5502248736111112 0.04971519999999998 0.09184856388888889
0 0.754988676953125 0.6108795847222223 0.16669214296874993 0.19929405
6 0.625339233203125 0.45664331874999997 0.00877327109374999 0.019062906944444395
6 0.5541782601562499 0.44971135277777785 0.002924423437499968 0.01906290833333336
7 0.21786955351562504 0.2642812375 0.02631981171875002 0.05372274166666667