6 0.428649080859375 0.168403425 0.042100857031249994 0.0318788361111111
6 0.59315427890625 0.15800815347222222 0.043660146875000014 0.03326487361111111
6 0.7529816046875 0.14830589791666668 0.04366014843750001 0.036036948611111105
6 0.8449797726562501 0.3569043791666667 0.017152200000000128 0.03187883611111112
6 0.7167280890625 0.3527462708333333 0.014813264062499965 0.023562619444444426
6 0.521816716796875 0.3312627055555556 0.017931846093750002 0.024948655555555553
6 0.36549779648437497 0.3555183430555556 0.007796453906250012 0.015246399999999995
6 0.32612569921875 0.34928117847222223 0.010135392187499991 0.0166324347222222
6 0.136282022265625 0.37977398124999995 0.015592910156250018 0.02217658194444449
6 0.7034741164062501 0.3977924541666667 0.010135392187499991 0.016632436111111086
6 0.8547253527343749 0.2189937548611111 0.02260971953124997 0.03326487361111109
6 0.94243546953125 0.1469198597222222 0.024948654687500137 0.03880901944444444
7 0.46597624140625005 0.09702255069444443 0.03430440156249999 0.07207389305555555
7 0.591109342578125 0.08662727569444445 0.03352475703124993 0.07068785694444443
7 0.7462587949218751 0.08246916805555557 0.03196546484375 0.05682749444444445
7 0.8269521031250001 0.3305696888888889 0.029626529687500104 0.023562622222222194
7 0.15723662734375 0.3361138326388889 0.023389364062500008 0.020790545833333358
7 0.16503308203125 0.38739718194444445 0.012474326562499981 0.03742298333333333
7 0.566940332421875 0.3943273638888889 0.016372555468749984 0.020790547222222244
7 0.9841806109375 0.11157593125 0.03118581875000004 0.03465090972222223
7 0.64369481953125 0.33779687708333334 0.03430440156249999 0.0166324347222222
7 0.369649430078125 0.3433410229166667 0.01949113828125002 0.01663243750000001
7 0.5552050554687501 0.39739644513888883 0.010135390624999996 0.027720729166666618
7 0.585221407421875 0.404326625 0.020270783593749987 0.013860363888888906
7 0.60705148125 0.38215004375 0.009355745312499941 0.013860365277777792
0 0.6904735484375 0.42581019236111106 0.012474328124999979 0.01801847361111118
0 0.58639087578125 0.43204735625 0.028846882812499964 0.02217658194444441
0 0.665524891796875 0.4303643215277778 0.017152200781250036 0.023562620833333308
0 0.5544254109375 0.44353166597222216 0.03508404687500004 0.030492801388888876
0 0.08251653984375 0.4925049465277778 0.1650330796875 0.13583156805555552
6 0.3612877203125 0.40125754374999995 0.007796456250000005 0.01524640138888892
7 0.697935858203125 0.38145702708333334 0.015592910156250018 0.0180184736111111