6 0.1346643078125 0.21308168402777777 0.012668862500000011 0.052006379166666665
6 0.147559494140625 0.21524861736111112 0.010683713281249996 0.043338651388888864
6 0.077694337109375 0.25208647083333335 0.012345747656250006 0.05200638055555555
7 0.06481751601562499 0.29000778819444445 0.013407894531249997 0.02383625694444444
7 0.05911878515625 0.3659981583333334 0.019075026562499996 0.01920692777777783
0 0.223883905078125 0.47528051944444444 0.03900478515625001 0.056340244444444444
0 0.14160818671875003 0.4871986465277778 0.0621638765625 0.06284104305555552
2 0.41037553359374995 0.4557781243055556 0.348605265625 0.7107538625
2 0.813710315625 0.44711039513888884 0.3703035328125 0.8927761930555556
9 0.19385380625 0.48120217916666663 0.023401403125000032 0.07072424166666665
6 0.046424964843750006 0.39383694027777777 0.014040840625 0.02080124722222223