0 0.43875020234375006 0.5655614798611112 0.006887759374999991 0.01071429305555556
0 0.433153898828125 0.5663267840277778 0.004304847656250032 0.012244901388888884
0 0.410732849609375 0.5791943111111111 0.01456481796875 0.03185750833333335
0 0.40086753320312496 0.5793369944444444 0.015497458593750003 0.03520409722222221
0 0.38795298593750005 0.5823982201388889 0.022385215625 0.03826532638888891
0 0.373201705859375 0.5877553659722222 0.03248726328124998 0.0397959375
0 0.44598234179687496 0.5757291256944445 0.020663274218750072 0.030612256944444503
7 0.21265953515625 0.4326532625 0.025829093749999997 0.015306127777777808
7 0.94999406953125 0.32196742847222226 0.03960460937499999 0.025249129166666665
7 0.8385240281249999 0.3708398569444444 0.047934790625000015 0.029347836111111057
7 0.8365367140625001 0.29715515416666666 0.07487728750000003 0.11802156944444447
7 0.24649564570312502 0.4881124659722223 0.024968122656250015 0.047449001388888946
0 0.418113955078125 0.5522497125 0.008612952343750013 0.017863902777777774
0 0.5030694109375 0.5735018833333333 0.012341767187499996 0.016877630555555516
0 0.48218334296875 0.5760335270833333 0.012341767187499996 0.01518986805555558
7 0.9469932882812501 0.36084373958333327 0.03132910156249995 0.03375525972222222