0 0.108203670703125 0.7347884923611111 0.21640734140625 0.33966637638888897
0 0.6540960648437499 0.6767332694444446 0.21835695781249997 0.23395388333333333
0 0.299266008203125 0.6308089888888888 0.05653885390625 0.07971761944444443
0 0.219819169140625 0.6654688229166666 0.10235482421875002 0.19062909027777772
0 0.54394277734375 0.6516048902777778 0.06238770312500001 0.14210532222222222
0 0.506412676171875 0.6464059138888888 0.04971520078124998 0.07971761944444443
0 0.476193633203125 0.6429399305555555 0.04191673828124998 0.07278565277777777
0 0.468882573828125 0.6455394180555556 0.029244235156249944 0.05372274444444448
0 0.32753543671875 0.6256100131944444 0.01754654218749998 0.05198975138888894
0 0.336796110546875 0.6195445409722222 0.012672502343749992 0.046790776388888844
0 0.34751899765625 0.6160785590277779 0.014622118750000013 0.04332479305555555
0 0.349956016796875 0.6082800951388888 0.017546541406250026 0.03465983194444446
0 0.357754480078125 0.6082800951388888 0.009748078906250023 0.02426188472222219
0 0.363115923046875 0.6082800958333334 0.012672502343749992 0.027727866666666597
0 0.456210071875 0.6247435180555556 0.03899231406249992 0.03985881111111114
0 0.434764299609375 0.6247435180555556 0.023395388281250006 0.03985881111111114
0 0.4225792011718751 0.6160785597222221 0.016571733593749992 0.02599487777777772
0 0.41234371875000003 0.6065471027777778 0.019496156250000053 0.02079590000000001
0 0.40357044804687503 0.6030811201388889 0.01559692578124996 0.01732991527777775
0 0.395771985546875 0.6030811201388889 0.01559692578124996 0.020795898611111124
0 0.373351405078125 0.6048141111111112 0.011697694531250002 0.017329916666666632
7 0.49032834648437496 0.5536908562499999 0.01949615703124996 0.032926843055555585
7 0.46790776640625004 0.5571568388888889 0.013647309374999939 0.015596924999999985
7 0.467907766015625 0.5779527402777778 0.011697694531249959 0.015596924999999985
7 0.425503624609375 0.5883506916666666 0.010722886718750057 0.012130944444444462