6 0.7126112992187499 0.09955099375 0.02272958593750003 0.09551018472222224
6 0.41970957656249996 0.1803673027777778 0.02169642500000002 0.06612243333333331
6 0.5535041902343749 0.3842448118055556 0.00826530546875004 0.01469387638888888
6 0.5870819898437499 0.37689787777777783 0.009298468750000044 0.018367341666666686
0 0.522091720703125 0.40102032708333335 0.020663261718750013 0.029387748611111104
0 0.49367973710937496 0.41295910069444447 0.04029335859375003 0.03857142083333337
0 0.46991698671875 0.43408154513888886 0.03409438124999999 0.06244896527777778
0 0.44460449257812495 0.43408154513888886 0.02892856484374997 0.07346937083333331
0 0.41360960078125003 0.4460203180555556 0.06405610937500002 0.0973469166666667
0 0.366084101171875 0.4359182791666667 0.04752550078124997 0.08448977777777782
0 0.3077103875 0.4662243958333333 0.120880075 0.13775507222222222
0 0.09426321640625 0.4632243854166666 0.09195151093750001 0.08081630972222224
0 0.187247890234375 0.5284284597222222 0.19113516328125 0.2259183194444444
0 0.600784312109375 0.40714276944444444 0.009298467968749956 0.022040811111111145
0 0.54705983359375 0.4098978701388889 0.017563771875000002 0.023877545833333298
0 0.570822583203125 0.4043876701388888 0.01343111953124998 0.027551015277777837
0 0.593035589453125 0.41357133819444447 0.020663261718749926 0.031224481944444448
0 0.6193812457031249 0.41265297222222225 0.013431121093749976 0.018367341666666606
0 0.6421108328125 0.4154080743055556 0.01963009843750001 0.020204076388888915
0 0.66174093125 0.41265297222222225 0.02169642499999993 0.018367341666666606
0 0.8957911031249999 0.4279590937500001 0.12707905468750003 0.09918365138888885
0 0.680666609765625 0.41297822986111105 0.014464282031249987 0.02571427916666672