0 0.9482627820312501 0.6185800222222222 0.02523602500000006 0.0407854944444444
0 0.9597337046875 0.6457703569444444 0.029824393750000056 0.05438066111111116
0 0.9708222593750001 0.6702416506944444 0.032118578124999964 0.06253776250000002
0 0.8457892230468751 0.6002265493055555 0.01911819921875004 0.03398791250000007
0 0.817876650390625 0.60702413125 0.030589122656249933 0.05574017638888888
0 0.7620515019531251 0.6015860645833333 0.07647280390625007 0.04214501249999998
0 0.729168195703125 0.6695618930555556 0.13918050390624997 0.14818730277777778
0 0.615223715625 0.6009063090277778 0.10859138124999994 0.05438066249999996
0 0.567045849609375 0.7062688388888888 0.23247732734375007 0.1916918305555555
0 0.9907051886718751 0.6994712569444443 0.01682401640625013 0.11012083888888885
0 0.9092616515625 0.61314195625 0.058884060937500135 0.06253776249999995
7 0.33942770039062503 0.30996976875 0.04817786640624999 0.04622356250000001