1 0.291757995703125 0.5405682340277778 0.03356353515624999 0.07955800694444445
1 0.24001421171874998 0.5455406104166667 0.033563534374999995 0.06961325416666662
1 0.112752478515625 0.5442975159722222 0.09789364296875 0.10193369583333337
1 0.1693909421875 0.5442975166666667 0.02097720781250001 0.06712706666666664
1 0.416922008203125 0.5480267993055555 0.08810427734375001 0.07458563194444438
0 0.36308050625000005 0.5542422680555555 0.01678176874999999 0.0422651916666667
0 0.56795791328125 0.5418113291666666 0.01258632500000001 0.017403313888888917
0 0.58473968046875 0.5480267965277777 0.020977209374999983 0.014917123611111076
0 0.5938298039062501 0.5592146430555556 0.02517264999999993 0.04723756666666661
0 0.61480701328125 0.5542422666666666 0.02517265000000002 0.03232044166666665
0 0.65046826875 0.5455406083333334 0.04335289843750001 0.01491712499999996
0 0.7476626703125 0.5368389541666667 0.04754834062500004 0.012430938888888932
1 0.6938211671875 0.5529991743055556 0.054540743749999974 0.05966850694444443
0 0.7882186078125001 0.5331096722222223 0.022375689062500027 0.019889502777777797
0 0.8231806226562501 0.5355958590277778 0.06712706874999999 0.019889498611111143
0 0.730181663671875 0.5492698916666667 0.048946821093749995 0.032320438888888955
0 0.765842918359375 0.5480267986111111 0.04195441796875006 0.024861877777777704
0 0.802203414453125 0.5617008305555555 0.06712706953124989 0.0522099416666666
0 0.8406616308593751 0.5592146430555556 0.06293162578124996 0.052209941666666676
0 0.93296135 0.5952643645833333 0.13005869531250003 0.16408839027777777
0 0.9028940179687499 0.6313140861111111 0.17900551718749985 0.136740325
0 0.458177186328125 0.5567284541666667 0.06433010859374999 0.03232043888888888
0 0.486846037109375 0.5691593944444444 0.12446477265624996 0.07707181944444447
0 0.63858118359375 0.57661795625 0.06712706874999999 0.0720994430555555
0 0.760248996484375 0.6188831493055555 0.1845994398437501 0.12679557361111116
0 0.52110881328125 0.5840765194444445 0.125863253125 0.07707181944444447
0 0.109256274609375 0.5915350826388889 0.09649516171875001 0.09198894583333331