0 0.10322166640625 0.42680419305555556 0.2064433328125 0.2226804472222222
0 0.19832477539062499 0.38144336111111116 0.044072172656249985 0.05773196666666666
0 0.37345366953125 0.36907222708333337 0.016237115624999986 0.022680418055555564
0 0.319523248828125 0.36804129722222223 0.010438146093749979 0.01649484722222228
0 0.349097995703125 0.36690727847222226 0.018556703906250017 0.030721656944444495
0 0.42506450312500005 0.343299025 0.04291237812499995 0.008247422222222254
0 0.282989736328125 0.3995876930555556 0.08814434296875003 0.1072165111111111
0 0.41288666562500004 0.4046392430555556 0.08582475625 0.11237115277777782
0 0.585116076953125 0.4649485277777778 0.26095365234375006 0.29690726111111115
7 0.393109804296875 0.18364982638888885 0.10574502578124996 0.10118065833333333
7 0.5213274046875 0.3082474722222222 0.028994848437499953 0.03298969444444444
0 0.33344077734375005 0.36783511666666663 0.012757734375000006 0.024742272222222184
7 0.413523967578125 0.12058516944444443 0.05925305703124999 0.022176583333333333
7 0.211283927734375 0.33126270625 0.006237163281249991 0.01663243750000001
7 0.2681980484375 0.3305696875 0.010915037500000002 0.029106763888888863
7 0.35045064765625 0.32225346875 0.03664333750000002 0.01801847361111114
7 0.46778729375 0.3305696875 0.009355745312499941 0.03187883888888889
0 0.35305758710937496 0.5798252416666667 0.008576100781250017 0.002772072222222259