7 0.2429756078125 0.30538140138888886 0.01089737500000001 0.021412386111111126
7 0.23035759531249997 0.27326282222222226 0.014338649999999963 0.012235649999999983
7 0.27566773203125 0.2549093493055556 0.016632834375000006 0.02447129583333335
7 0.305664191796875 0.3680891041666666 0.01147091953124999 0.010196374999999987
7 0.8521962249999999 0.12694485625 0.030397940625000074 0.017333834722222226
7 0.840151758203125 0.14172959930555556 0.01204446640625001 0.014274923611111115
7 0.8298279285156251 0.22177113541666668 0.016632835156250005 0.0479229597222222
7 0.69074301640625 0.17537763402777778 0.014912196875000028 0.03670694583333335
6 0.07664725624999999 0.22381041041666666 0.0200741109375 0.10502265416666666
6 0.0445286796875 0.3069108576388889 0.025809571875000003 0.03874622083333333
6 0.293160886328125 0.24828170555555557 0.012618013281249984 0.035687308333333334
6 0.30577889921874996 0.24420315694444447 0.008029643749999992 0.0336480333333333
6 0.31925723046875004 0.2472620701388889 0.01089737500000001 0.03568730694444445
6 0.369327803125 0.35840254791666665 0.005735460937499992 0.0214123847222222
6 0.618820328125 0.315577775 0.008029643749999949 0.04180513333333336
6 0.60046685390625 0.19679001805555554 0.012618012499999942 0.0469033222222222
6 0.635166390625 0.19984892986111114 0.015485743749999958 0.05302114583333331
6 0.618820328125 0.19933911041666666 0.009176737499999987 0.05200150694444443
6 0.854583596484375 0.2967144826388889 0.02753021015624988 0.040785495833333324
0 0.44478495156250003 0.42280964861111114 0.008603190624999969 0.0224320222222222
0 0.44163044921875 0.4034365368055556 0.01835347343749998 0.0101963736111111
0 0.43618176171874995 0.42128019166666664 0.018927018750000003 0.029569483333333344
0 0.4241372957031251 0.4217900097222222 0.014338650781250007 0.02651057222222227
0 0.41668119609374993 0.42331946666666664 0.010897374999999964 0.033648033333333334
0 0.344127623046875 0.42382928541666665 0.05964878828125002 0.048942595833333276
0 0.45855005820312494 0.44371221388888893 0.02925084921875003 0.08870845277777772
0 0.38880048476562495 0.4271785020833333 0.05506042109374998 0.07647280416666662
0 0.5592711125 0.5023484444444445 0.22483004687500002 0.3425981666666667
0 0.14513321875000001 0.4220516729166667 0.11872402968749998 0.07137461805555555