0 0.031402973828125 0.4881359402777778 0.06280594765625 0.16640998055555561
0 0.1236495953125 0.4357861347222223 0.16849010312499998 0.16016960555555554
0 0.23246612187500001 0.4160249472222222 0.0865851921875 0.12480748333333334
0 0.492806733984375 0.40042401111111114 0.07605456015624998 0.17265034999999998
0 0.9216374507812499 0.5096305618055555 0.15210912031249996 0.39106345138888887
0 0.804630433203125 0.45138706944444446 0.26209571640624996 0.28289696666666664
0 0.6817730656250001 0.40978457222222225 0.12870771874999995 0.195531725
0 0.6174192070312501 0.40458426249999996 0.07020421093749993 0.1102466111111111
0 0.5793919261718751 0.3931435743055556 0.050313017968750005 0.08320499027777781
0 0.563010944140625 0.3910634513888889 0.029251753906249966 0.07072423888888887
0 0.5495551367187501 0.3817028881944444 0.025741543749999974 0.06032361805555553
0 0.541364645703125 0.37650257569444445 0.018721122656249988 0.06656399305555555
0 0.527908840234375 0.35674139375 0.01755105234375005 0.031201873611111115
1 0.524398628125 0.3172190222222222 0.022231334374999977 0.04368261944444443
0 0.5091877160156251 0.3026581493055555 0.008190489843750015 0.022881373611111124
0 0.5039224003906251 0.29953796180555553 0.011700700781250007 0.016640998611111138
0 0.436046149609375 0.2991912756944445 0.018721122656249988 0.01456087361111113
0 0.44482167695312497 0.28879064930555554 0.015210911718749998 0.01456087361111109
0 0.46237273007812496 0.28879065069444443 0.012870772656250029 0.022881373611111124
0 0.489869378125 0.2815102125 0.011700701562500004 0.016640997222222214
7 0.345901975390625 0.28586855902777775 0.014040842968750012 0.012480748611111123
7 0.25229636171875003 0.2817083111111111 0.01872112187499999 0.016640999999999986
6 0.32250057343750005 0.28794868472222224 0.009360560937499995 0.02080124722222219
6 0.5114669042968749 0.2796281861111111 0.008190489843749926 0.02080124722222223
6 0.5565146042968749 0.30874993125000005 0.009360561718749948 0.012480748611111123
0 0.48631039570312495 0.3100871625 0.01872112265625008 0.027041619444444442
7 0.26809230976562504 0.27680516666666666 0.017551052343750005 0.04368261944444443
0 0.388024501953125 0.4720397243055556 0.21061263046874998 0.34738083194444447
7 0.16278599296875002 0.34203192847222225 0.017551053125000004 0.012480748611111123
7 0.1200784328125 0.3472322409722222 0.011700701562500004 0.018721120833333375
7 0.715059112890625 0.023772844444444448 0.029251753906250056 0.04576274444444445
7 0.712718971875 0.060175025 0.0269116140625 0.018721122222222223
7 0.7144740781250001 0.09865733541666667 0.028081684375000027 0.054083243055555556
7 0.7138890421874999 0.14650020277777778 0.026911612500000005 0.029121747222222223
7 0.719154358203125 0.17354182291666664 0.02106126328125004 0.020801245833333325
7 0.5816711140625 0.22242475486111113 0.010530631249999978 0.01456087083333332
7 0.5845962890624999 0.24426606458333333 0.014040842187500058 0.012480748611111083
7 0.583426218359375 0.26090706458333335 0.011700700781250007 0.016640998611111138
2 0.289153572265625 0.3482723020833333 0.08073484140625001 0.08736523749999997