6 0.33174842578125 0.39304659791666663 0.006591792187500012 0.02578123194444441
6 0.239463331640625 0.3989059680555556 0.009228508593750018 0.023437483333333297
6 0.24605512499999999 0.40464199513888893 0.006591792187500012 0.02506631805555557
6 0.33702185898437503 0.39656222152777776 0.006591792968749966 0.02812497916666664
6 0.43194366796875006 0.4574996777777778 0.017138657812499947 0.023437483333333377
6 0.171567871484375 0.4504684340277778 0.010546867968750017 0.023437484722222183
6 0.16102100351562498 0.4492965597222222 0.010546867968749995 0.016406236111111066
7 0.1728862296875 0.42703094861111107 0.013183584375000001 0.023437483333333297
7 0.20386765390625 0.43992156527777776 0.014501942187499983 0.016406238888888838
7 0.379868509375 0.4680465458333333 0.01054686718750002 0.021093736111111146
7 0.43128448906249994 0.4282028236111111 0.013183584374999936 0.016406238888888917
7 0.582895712890625 0.31453102638888886 0.034277321093749966 0.07499994722222224
7 0.62574236328125 0.4996871493055555 0.00922850781249993 0.02343748472222226
0 0.27637736953125 0.4949996534722222 0.022412093749999994 0.03281247916666664
0 0.319224019921875 0.4938277784722222 0.010546867968750017 0.02109373472222218
0 0.42271516015625005 0.5254683833333333 0.05668941406250001 0.08906243888888889
0 0.1583842859375 0.5160933875 0.04218747031249999 0.1031249277777778
0 0.34427283046875 0.49734340138888894 0.018457018749999988 0.028124980555555526
0 0.255283633984375 0.5020308972222223 0.02504881015625 0.03749997222222221
0 0.478745394140625 0.5524214888888889 0.10546867734374991 0.14296864999999995
2 0.30340371835937496 0.4879684076388889 0.023730452343749996 0.046874968055555556
1 0.07523706757812501 0.48914028055555553 0.15047413515625002 0.2601560694444444
0 0.8366797191406251 0.7141401256944445 0.32563454296875005 0.5414058791666666