6 0.310399835546875 0.3714406062500001 0.016302961718749964 0.02745762083333329
6 0.40735956289062497 0.4888982111111111 0.009438558593750025 0.012203388888888849
6 0.475574592578125 0.4843219423611111 0.008580508593749947 0.015254234722222215
6 0.42409155078125005 0.5079660041666667 0.006864404687499981 0.010677963888888876
6 0.46484895898437506 0.5041524472222223 0.006006355468749991 0.012203388888888927
6 0.57167626796875 0.3256779034722222 0.03432202656249998 0.06406778194444442
7 0.6253044359375 0.3485592548611111 0.05319914375000003 0.02745762083333329
7 0.666061844921875 0.3264406159722222 0.030031774218749963 0.04728812638888888
7 0.49359365546875 0.48355922916666666 0.01630296093750001 0.013728808333333278
0 0.1894146875 0.5575422673611111 0.07808261093750002 0.06101693749999997
0 0.24003968007812498 0.5560168430555555 0.042044483593749994 0.05186439722222226
0 0.2953839484375 0.5499151506944445 0.025741520312500033 0.024406776388888888
0 0.4772906933593751 0.5377117618055556 0.00858050703125004 0.015254234722222293
0 0.4699972625 0.5346609159722222 0.007722456249999965 0.012203387500000041
0 0.513328821875 0.5422880333333333 0.013728810937500047 0.021355930555555524
7 0.15766681328125 0.3302541763888889 0.030031775000000004 0.045762702777777754
7 0.159811939453125 0.4156778868055555 0.018877114843750008 0.03661016249999997
7 0.15895388984375 0.36533891458333334 0.0223093171875 0.018305081944444464
6 0.627492455859375 0.43733889444444446 0.009438557031249939 0.013728808333333278
6 0.6661047363281251 0.46098295763888886 0.006006355468749991 0.03661016249999997
6 0.677259394921875 0.4319999138888889 0.016302963281250006 0.027457622222222255
0 0.452879140625 0.5349659958333334 0.008580507812500037 0.01983050555555555
0 0.46145964726562505 0.5334405708333333 0.010296608593750011 0.01983050277777778
0 0.271830447265625 0.54869480625 0.020593216406250024 0.0411864319444445
6 0.10294254218750001 0.04523108125 0.03976649218749999 0.0904621625
6 0.687239531640625 0.4621888881944445 0.015596925781250003 0.02252889305555554
7 0.03174422890625 0.5393808840277777 0.012621196874999996 0.03739614027777781
0 0.48899626171875 0.5351654729166667 0.015776496874999955 0.020567876388888826
0 0.500565692578125 0.5351654729166667 0.013672963281250006 0.024307490277777788