6 0.296005356640625 0.37281455625000004 0.009052152343749986 0.04470198750000003
6 0.14664485 0.5078145513888889 0.014081125000000005 0.021456955555555546
6 0.699831915625 0.3084436972222222 0.010057946875000034 0.05543046111111111
6 0.6887681734375001 0.5024503125 0.010057946874999946 0.017880794444444428
6 0.9829631136718749 0.4380794541666667 0.023133277343749904 0.04649006388888889
6 0.24219534296875 0.37102647708333336 0.016092714062499968 0.051854304166666684
6 0.17883027812500002 0.5024503125 0.010057946875000012 0.021456952777777774
6 0.6842420984375 0.31559601527777775 0.009052151562499944 0.06258278055555554
6 0.71793621953125 0.3191721736111111 0.014081124999999962 0.05900661944444446
6 0.9397139429687501 0.2556953548611111 0.027156456250000006 0.08940397083333337
6 0.947257403125 0.4461258111111111 0.030173840624999927 0.048278144444444455
6 0.7058666835937499 0.4622185256944445 0.014081124999999962 0.04827814305555557
6 0.3030459203125 0.3772847541666666 0.0030173843750000095 0.046490063888888856
7 0.16776653828125002 0.47294700208333335 0.016092715624999986 0.016092715277777832
7 0.160862107421875 0.4398675340277778 0.014353389843749986 0.010728476388888847
7 0.26432282578125 0.3701324368055556 0.02011589374999998 0.04649006527777782
7 0.36892547109375 0.40857614375 0.014081124999999962 0.01966887361111118
7 0.624397315625 0.3978476673611111 0.016092714062500058 0.026821190277777796
7 0.6249002124999999 0.4514900486111111 0.023133276562499992 0.023245030555555483
7 0.631437878125 0.4139403819444445 0.014081126562499957 0.008940397222222254
7 0.62339152109375 0.504238392361111 0.018104304687500062 0.014304637499999965
7 0.509233825390625 0.509602629861111 0.011063741406249949 0.053642381944444394
7 0.826562043359375 0.2798344263888889 0.10460264453124993 0.03397350833333333
7 0.9799457289062501 0.31380793541666663 0.025144867187499996 0.03754966805555557
7 0.9703906800781251 0.3710264763888889 0.05632450078124993 0.03397350833333333
9 0.19341430195312498 0.6258277909722223 0.061353474218749995 0.2217218458333334
9 0.6922884554687501 0.6329801097222222 0.06537665312499996 0.2002648944444445
0 0.0420288578125 0.5854557749999999 0.0744554984375 0.04140628888888887
0 0.115968112890625 0.5873840840277778 0.06135347421875 0.04827814305555557
0 0.21000991328125 0.5847019659722222 0.02413907343749997 0.039337748611111084
0 0.290976383984375 0.5838079256944444 0.031179633593750023 0.04470198472222222
0 0.52733813046875 0.5945364020833334 0.029168045312500012 0.08403973194444442
0 0.60277273046875 0.58649004375 0.1297475125 0.0929801263888889
0 0.8863428531249999 0.7064130263888889 0.22617585468749998 0.34306792222222227
0 0.40463118124999997 0.7152317611111111 0.32286008749999995 0.43271521388888884