0 0.8311020917968751 0.749845704861111 0.33524756015625 0.35759739583333333
0 0.9554555468749999 0.6077769722222223 0.0865406484374999 0.10118065833333334
0 0.9047785906249999 0.5564936243055556 0.04443979218749998 0.05405541805555553
0 0.125912746484375 0.6708416298611111 0.24558832890625001 0.23285411805555548
0 0.24363921562500002 0.6050048993055556 0.13020079687500002 0.16493833472222225
0 0.31224801796875 0.60292584375 0.022609718749999973 0.07484596805555555
0 0.32745110625 0.5890654798611111 0.038982275 0.08593425694444443
0 0.42373732382812507 0.5918375527777778 0.05223624765624999 0.06652974722222227
0 0.535226629296875 0.6050049 0.06159199453125001 0.08177614999999999
0 0.50637974453125 0.6008467888888889 0.019491137500000023 0.059599563888888936
0 0.49312577187500006 0.5932235895833333 0.02105042812500004 0.04989730972222222
0 0.479481975390625 0.5814422819444445 0.01403361796875 0.04296713055555554
0 0.46856693828125007 0.5710470083333334 0.014033617187500003 0.03326487500000002
0 0.45726207968750004 0.5655028618055556 0.005457518750000024 0.030492801388888876
0 0.37539930390625004 0.57243304375 0.030406175000000025 0.05544145694444451
0 0.39333114999999996 0.5613447548611111 0.017931846875 0.038809020833333346
7 0.20738570039062498 0.4664012583333333 0.021830074218749985 0.018018474999999985
6 0.4260762609375 0.5093683881944445 0.007016809375000044 0.01524640138888892
6 0.45102491562499997 0.5107544243055555 0.007016809374999955 0.020790545833333358
7 0.24909673398437499 0.48857784027777773 0.014813266406250003 0.012474327777777777