6 0.41849663593750003 0.3549263993055556 0.006401478125000004 0.029873562499999985
6 0.451304212109375 0.3503676215277778 0.009602217968750004 0.02761070694444443
6 0.47931067890625007 0.34894507152777776 0.008001848437500047 0.024765606944444428
6 0.514118716015625 0.3515394965277778 0.010402402343750072 0.025266959722222242
0 0.43850125546875 0.39404654652777776 0.019204434375000013 0.028451015277777714
0 0.46170661523437495 0.39546909722222223 0.019204436718750006 0.0256059138888889
0 0.48211132578125 0.3904901673611112 0.013603142187499983 0.02133825694444443
0 0.501715852734375 0.39546909583333334 0.01600369609375001 0.022760811111111126
0 0.276463839453125 0.40684950416666665 0.03920905390625 0.03983142222222224
0 0.22645229101562503 0.40542695277777785 0.03680850078125002 0.03983141944444439
0 0.19204434531249998 0.4061382270833333 0.032007390625 0.03556376805555562
0 0.148034183984375 0.4203637326388889 0.04320997890624998 0.04125397083333332
2 0.52412102734375 0.38693379236111114 0.014403328124999958 0.028451015277777793
0 0.539724628515625 0.3968916472222222 0.016803878906249993 0.0256059138888889
0 0.57013165 0.401870575 0.031207206250000043 0.04409907222222221
0 0.5993383957031251 0.4153848076388889 0.036808500781250066 0.06828243750000003
0 0.64494892578125 0.42961031250000004 0.08802032499999993 0.12233935833333334
0 0.7987342914062501 0.41609608263888886 0.08511936406249995 0.0810853902777778
0 0.8798031570312499 0.5249212104166667 0.239255246875 0.3186513569444444