0 0.07232495312500001 0.7295480180555556 0.14464990625000002 0.13487382777777784
0 0.420201430859375 0.7512221895833333 0.12753764765625003 0.12064723472222225
0 0.276867836328125 0.7460218791666667 0.09594575390625 0.0894453638888889
0 0.36754827343749996 0.7335411305555555 0.01755105156250001 0.02288137222222212
0 0.334786309375 0.7439417548611111 0.015210912499999996 0.022881370833333393
0 0.349997220703125 0.7449818173611111 0.03159189453125002 0.03744224583333341
0 0.20549355546874998 0.7543423777777778 0.023401403124999987 0.027041622222222214
0 0.16964486171874998 0.7568402784722222 0.029574862499999986 0.03452656805555547
6 0.19218402460937498 0.6625197284722222 0.007020421093750007 0.029121745833333375
6 0.20154458593749996 0.6635597916666667 0.011700701562499981 0.035362119444444395
6 0.26940865546875 0.6396383576388889 0.009360560937499995 0.020801248611111114
6 0.42327288203125 0.6240374236111111 0.008190490625000013 0.027041622222222214
6 0.253612708984375 0.6437986069444445 0.005850350781250002 0.024961497222222247
6 0.371204759765625 0.65419923125 0.00468028046875002 0.024961498611111133
6 0.19159898984375 0.6937216006944444 0.008190490624999991 0.029121745833333375
7 0.40806197187500004 0.6539274541666666 0.026911614062500044 0.013595163888888904
7 0.45486477812500004 0.6427585444444445 0.024571473437500036 0.0228813722222222
0 0.528044718359375 0.7422960277777779 0.036706946093749956 0.035347430555555566
0 0.97772273671875 0.7301134840277778 0.04282477031249989 0.1631419847222222
0 0.740657040625 0.7573038159722223 0.041295314062499956 0.048942595833333276
0 0.7773639855468749 0.7627418819444444 0.04129531484374995 0.06525679444444453
0 0.83357149921875 0.7688597055555555 0.06653134062500002 0.06933534444444452
0 0.9127208515625 0.7776965645833334 0.05964878750000011 0.06525679305555564