0 0.511045176953125 0.7399213597222223 0.014501942968750025 0.030468730555555604
0 0.503135026171875 0.7375776111111111 0.014501942968750025 0.030468730555555604
0 0.492588159375 0.7446088555555556 0.02241209375000004 0.04453121944444452
0 0.47874539453125 0.7516401006944445 0.018457018749999943 0.049218715277777866
0 0.449082329296875 0.7492963541666667 0.05668941484375001 0.08671869444444434
0 0.4345803859375 0.7703900868055555 0.05932613125000001 0.06796870416666663
0 0.549936751953125 0.7340619881944443 0.010546867968750017 0.02343748472222226
0 0.55718772265625 0.7399213597222223 0.01713866093750003 0.030468730555555604
0 0.5749855625 0.7375776111111111 0.031640603124999965 0.05859370833333336
0 0.5795998179687499 0.7551557236111112 0.01713866093749994 0.05624996111111105
0 0.5947609390625 0.7563275979166666 0.03427732031249997 0.06796870416666663
0 0.61189959921875 0.7657025916666665 0.036914037500000066 0.1054686777777778
0 0.6666114761718751 0.7657025895833333 0.10942375234375001 0.14765614861111112
0 0.6956153625 0.8078900625 0.12260733750000004 0.16171863888888885
0 0.3027445390625 0.8301556715277779 0.17797839375 0.18749987361111112
0 0.529502194921875 0.7352338625 0.011865227343749929 0.025781233333333375
1 0.873593755859375 0.7492963534722221 0.25180646796875 0.4992184041666667