0 0.154019639453125 0.8032416659722222 0.30803927890625 0.3899231402777778
0 0.330947263671875 0.8370350027777776 0.17059137265625002 0.21142498888888892
0 0.392847562109375 0.7876447381944445 0.11697694140624995 0.1611682291666667
0 0.45426045625 0.7755137972222224 0.048740392187499995 0.10224651111111108
0 0.46205891914062497 0.7547178965277779 0.07018616484375002 0.10571249583333334
0 0.503488251953125 0.7538514013888888 0.030219044531250017 0.048523766666666766
0 0.507874887890625 0.7417204583333333 0.013647310156249936 0.048523766666666766
0 0.518597774609375 0.743453451388889 0.011697694531250047 0.04159180000000002
0 0.8042164734374999 0.7703148222222223 0.015596926562500002 0.03639282499999991
0 0.78130848828125 0.7599168715277778 0.053614431250000025 0.05718872638888889
0 0.622902213671875 0.752984904861111 0.03704269765624994 0.04332479305555555
0 0.602431248046875 0.748652425 0.00974807890624998 0.034659833333333424
0 0.593657977734375 0.7443199465277778 0.013647308593750029 0.03639282638888896
0 0.583422495703125 0.74345345 0.00877327109374999 0.034659833333333265
0 0.57513662890625 0.745186442361111 0.007798462500000003 0.027727868055555563
0 0.559052299609375 0.7382544756944444 0.03606788984374996 0.05198975138888894
0 0.5332198921875 0.7399874680555556 0.015596926562500002 0.020795900000000086
7 0.636549523046875 0.6264765083333333 0.03314346640625008 0.015596924999999985
7 0.6750544328125001 0.6559373694444445 0.012672501562499949 0.015596924999999985
6 0.6107171160156251 0.6195445423611111 0.006823653906250016 0.025994876388888914
6 0.49617719296875 0.5926831694444445 0.00974807812500007 0.03465983333333335
6 0.48496690390624997 0.5900836826388889 0.008773270312499993 0.03639282638888888
6 0.6029186523437501 0.6186780458333333 0.008773270312499993 0.02772786944444445
6 0.732568095703125 0.68973070625 0.016571732031250085 0.02772786527777779