0 0.324703985546875 0.35923485069444444 0.07748727890625 0.0719388069444444
0 0.6727043921875 0.3477042395833333 0.013775515625000078 0.02908164583333333
0 0.7006859089843751 0.34693893124999997 0.016358425781249953 0.021428581944444424
0 0.80012791875 0.3477042361111111 0.012053576562500012 0.013775513888888863
0 0.7643976730468751 0.3461736236111111 0.011192607031250024 0.010714288888888864
0 0.963138192578125 0.3806124152777777 0.027551033593750062 0.052040838888888885
0 0.934295705078125 0.37295935069444447 0.03357782265624998 0.05510206805555558
0 0.9885889824218751 0.3908324458333333 0.019802305468749993 0.0811224861111111
0 0.6640033773437499 0.36022018819444446 0.023246184374999944 0.032142873611111136
0 0.709634774609375 0.36328141388888885 0.024968122656250015 0.03520410277777775
7 0.39489813515625 0.22244907083333335 0.024107153124999982 0.015306130555555578
7 0.515433901171875 0.21377560694444442 0.010331635156250041 0.01836735555555558
7 0.7047037335937499 0.2667252458333333 0.007748726562499986 0.015306130555555538
7 0.755447166015625 0.2788776722222222 0.01635842578125004 0.01224490555555554
7 0.6473606390625 0.29877564027777775 0.005096178124999984 0.01224490555555554
6 0.53822448984375 0.2153572340277778 0.005165818750000018 0.035204098611111095
6 0.6906161421875 0.26586746250000004 0.006887757812499995 0.026020422222222214
7 0.45169702851562493 0.30030625069444444 0.01119260859375002 0.018367354166666693
0 0.689206303515625 0.3448470909722222 0.006026788281250006 0.02295919583333329
0 0.7279499445312501 0.34561239791666665 0.00947067031250004 0.021428581944444424
0 0.735698671875 0.34331647916666663 0.007748728125000071 0.026020419444444404
0 0.7783166757812501 0.3456124020833334 0.015497456250000052 0.01836735138888892
6 0.72684138671875 0.2678226138888889 0.005358493750000015 0.019052422222222237