0 0.799293112109375 0.5371356895833332 0.18399645703125006 0.12289530972222222
0 0.24600430546875002 0.5602363131944444 0.09199822968750002 0.12659141250000003
0 0.092985780078125 0.5579262534722222 0.058733333593750006 0.10164274027777777
0 0.052963951953125 0.5094149430555556 0.028587021093749998 0.039733069444444484
0 0.009225810546875001 0.5502568263888888 0.01715221171875 0.07114991944444442
0 0.01253929921875 0.5194340215277778 0.0213103234375 0.053593443055555585
6 0.073286725390625 0.44741286736111113 0.006237167968750001 0.012936348611111094
6 0.027027727734375 0.44510280625 0.004158111718750001 0.010164273611111064
6 0.507939374609375 0.26288508402777777 0.015592919531249994 0.07577004027777777
6 0.50845913828125 0.4051849180555556 0.013513864062500058 0.03696099722222223
6 0.036591387109375 0.4706058979166667 0.006237167968750001 0.012012323611111084
6 0.53322590546875 0.4040760902777778 0.025468437500000007 0.037885019444444466
0 0.027612455078124997 0.49171325972222224 0.016112683593749996 0.01663244722222225
0 0.02582035625 0.47556481736111117 0.0114348078125 0.011088298611111153