6 0.5130227144531251 0.4938277770833333 0.007910150781250014 0.02109373472222218
7 0.55125511015625 0.5207808854166667 0.007910151562500013 0.01874998750000003
7 0.500498309375 0.49499965277777785 0.01186522656250002 0.018749986111111068
0 0.452378225 0.5418746194444444 0.013183584375000024 0.018749988888888916
0 0.535434808984375 0.5453902430555555 0.03164060390624997 0.0539062138888889
0 0.5571877234375 0.5442183708333334 0.01186522656250002 0.028124983333333298
0 0.43392120703125003 0.5500777402777778 0.023730451562499956 0.03984372222222221
0 0.397666348828125 0.5547652368055556 0.03559567890625002 0.04921871527777771
0 0.329770887109375 0.5758589729166667 0.07119135703124999 0.07734369861111116
0 0.491269800390625 0.5535933618055555 0.06987299765625003 0.1218749180555556
0 0.578281458984375 0.5571089840277778 0.038232396093749975 0.049218718055555555
0 0.9263280941406251 0.607499575 0.14633778984374998 0.42187470833333335