6 0.34071168203125 0.34645232916666663 0.013092676562499994 0.0590848944444444
6 0.856865223046875 0.3867374826388889 0.016114061718749895 0.06445624583333334
6 0.8412547257812498 0.38942315902777774 0.013092676562500039 0.06982759861111111
6 0.9611030578124999 0.6168104743055556 0.0191354484375001 0.03759947638888895
7 0.9434783039062499 0.5720491937500001 0.032228123437499964 0.023275865277777776
7 0.936428401953125 0.5469828743055555 0.02215683515625013 0.019694962499999965
7 0.9565709800781249 0.5290783597222222 0.02215683515625013 0.023275866666666742
7 0.788884024609375 0.587268029861111 0.013092675781249952 0.021485418055555528
7 0.48624180234375 0.5639921618055556 0.0181283203125 0.02506631805555557
7 0.092957982421875 0.3607759388888889 0.03524951015625001 0.026856769444444477
7 0.082383128515625 0.5084881708333333 0.02215683515625 0.03580902499999997
6 0.059219164843750005 0.45835553611111113 0.024171092187500003 0.032228125
6 0.500341605859375 0.5675730645833333 0.008057030468749993 0.01790451250000002
6 0.4006358488281251 0.5514590034722222 0.004028514843750042 0.017904515277777793
0 0.388046738671875 0.6123343472222221 0.023163963281250012 0.02864722222222227
0 0.41171426640625003 0.6203913770833334 0.024171092187499976 0.03759947638888887
0 0.43487823007812504 0.6203913770833334 0.022156835156250044 0.0447612819444445
0 0.48473110859375 0.6248675076388889 0.015106932812499974 0.01432361249999998
1 0.46962417578124993 0.6132295729166667 0.011078417187499934 0.019694965277777737
0 0.34725801875 0.612334348611111 0.014099804687500005 0.04297083055555559
0 0.331647521875 0.6033820909722222 0.015106932812499974 0.028647220833333382
0 0.3175477171875 0.6078582194444444 0.0312209953125 0.06266579722222221
0 0.29589444765625 0.6141248 0.034242382812499986 0.08952256666666669
0 0.2374809734375 0.6051725423611111 0.08661308281250002 0.11458888749999994
0 0.529548344140625 0.6311340868055555 0.01409980546875005 0.019694962500000045
0 0.5929974605468751 0.6535147277777777 0.010071289843750008 0.032228125
0 0.620189941015625 0.6624669833333333 0.04632792734374993 0.07161805000000002
1 0.703278072265625 0.6570956305555555 0.10172001484375004 0.16114061944444438
0 0.8160765039062501 0.7152852979166665 0.11380556093749998 0.10921752916666666
7 0.6755820269531251 0.6669431124999999 0.03625663828125001 0.03759947777777776
7 0.975706427734375 0.7269232305555555 0.024171092968749974 0.025066319444444377