6 0.216392058984375 0.3707809875 0.00527343359375001 0.023437483333333377
6 0.26451214414062496 0.3696091138888889 0.00659179296875001 0.021093736111111146
6 0.16431689960937498 0.36609349166666666 0.006591792968749987 0.023437483333333335
0 0.11356009921874999 0.4317184458333333 0.021093735937500014 0.028124980555555526
0 0.18738817343749997 0.4270309493055556 0.010546868749999994 0.01874998750000003
0 0.1972758609375 0.43523406805555553 0.022412095312500012 0.035156224999999985
0 0.25792035156250004 0.4317184458333333 0.014501943749999979 0.028124980555555526
0 0.23880415312499997 0.4340621930555555 0.015820301562499983 0.023437483333333297
0 0.27044475703125004 0.44109343888888886 0.0263671703125 0.042187469444444445
0 0.33899939609374996 0.4340621930555555 0.018457018749999988 0.023437483333333297
0 0.357456415234375 0.43640594236111113 0.03955075390625003 0.028124981944444412
0 0.383164405078125 0.43992156597222226 0.04086911171875003 0.03046872916666664
0 0.44446807460937504 0.4481246840277778 0.10283196171875 0.07499994583333332
0 0.041709562109375 0.43523406875000004 0.011865225781249999 0.02109373472222218
0 0.0318218734375 0.4375778180555555 0.0158203015625 0.025781233333333296
0 0.014683213281250001 0.44109344166666664 0.0237304515625 0.028124983333333298
0 0.131357937890625 0.43523406875000004 0.017138660156249985 0.02109373472222218
0 0.154429210546875 0.4305465715277778 0.01845701796874999 0.02578123194444441
0 0.169590333203125 0.4293746979166667 0.014501942968749982 0.01874998750000003
0 0.221006312890625 0.44812468333333333 0.03559567890624997 0.0515624638888889
0 0.07005426953125 0.4586715534722222 0.06328120781250002 0.06796870416666663
0 0.300107821484375 0.46218717569444445 0.059326130468750016 0.07031245138888885
0 0.6488136367187499 0.5864058395833334 0.42714814374999993 0.4874996652777778
0 0.022502729296875 0.5371871236111111 0.04500545859375 0.17343738055555555