0 0.38261207929687496 0.40292057708333334 0.02631981171875002 0.04679077916666669
0 0.360191498828125 0.4055200652777778 0.014622117968750015 0.041591805555555555
0 0.3367961109375 0.41245203125 0.039967121875 0.05545573750000001
0 0.2748958125 0.44191289027777775 0.04094192968749999 0.0831836027777778
0 0.223230996875 0.44884485625 0.08578309062500003 0.1109114680555556
0 0.14183454140625001 0.46964075694444446 0.1413471375 0.1525032694444445
0 0.04435375703125 0.47570622916666666 0.08675789843750001 0.25128380000000006
9 0.304627451953125 0.41245203055555557 0.012672502343749992 0.06585368611111117
0 0.45182343671874997 0.4115855354166667 0.04386635312499996 0.05372274583333336
0 0.42355400898437506 0.3916561298611111 0.012672502343750036 0.031193851388888857
0 0.404057851953125 0.4297819486111111 0.05946327890624996 0.08318360277777773
0 0.556127876171875 0.42458297291666663 0.10625405546874997 0.12130942083333333
0 0.656533084375 0.4367139152777778 0.17838983593749996 0.15943523888888894
6 0.603406056640625 0.34053287430555557 0.02144577265625003 0.025994876388888876
6 0.19057493398437503 0.3318679159722222 0.02437019609375002 0.02946085972222221
6 0.289030526171875 0.3595957833333333 0.010722886718750014 0.022528891666666655
6 0.36701515390625 0.2590822631944444 0.006823654687500014 0.039858809722222215
6 0.45328564843749997 0.26948021319444443 0.009748078124999981 0.03639282638888888
6 0.375788425 0.2625482465277778 0.006823656250000009 0.032926843055555544
7 0.598532017578125 0.30673953541666665 0.015596925781250003 0.020795901388888892
7 0.594632786328125 0.29200910555555554 0.023395388281250006 0.022528891666666655
7 0.605355672265625 0.2582157680555556 0.015596925781250003 0.01386393611111111
7 0.59609499765625 0.24088585 0.010722885937499971 0.013863933333333339
7 0.531270276171875 0.3119385104166667 0.017546541406249984 0.01732991805555556
7 0.497152001171875 0.36306176597222223 0.015596925781250003 0.02946085694444444
7 0.48252988359375004 0.3500643284722222 0.005848846875000024 0.027727868055555563
7 0.29731639257812503 0.2668807263888889 0.01949615546875001 0.01386393611111111
7 0.29098014179687504 0.3110720152777778 0.014622117968750015 0.012130941666666652
6 0.25003821249999997 0.2174904618055556 0.012672501562499994 0.046790776388888886
6 0.41575554609375 0.3465983451388889 0.008773270312499993 0.020795901388888892
6 0.44256276250000004 0.3422658659722222 0.007798464062499999 0.025994876388888876