0 0.2593167828125 0.40235554444444444 0.05148308749999999 0.07488449166666666
0 0.351752326171875 0.4158763583333333 0.044462666406250004 0.06864411666666667
0 0.4997662015625 0.39923535694444445 0.03393203593749998 0.04368261944444451
0 0.450038219921875 0.3909148604166666 0.016380982031249935 0.022881373611111085
0 0.42956199257812494 0.39715523333333336 0.012870772656250029 0.0228813722222222
0 0.38392925624999996 0.3971552340277778 0.03159189531249997 0.04784286805555556
0 0.46583416757812496 0.39091485972222223 0.017551052343749964 0.03120187222222223
0 0.4073306589843749 0.3940350479166666 0.017551052343749964 0.02496149583333336
6 0.21719425664062503 0.19850331944444446 0.009360561718749993 0.04992299444444443
6 0.7209094632812499 0.21098406944444442 0.012870771874999942 0.05408324444444447
6 0.74138569140625 0.3149903076388889 0.014040842187500058 0.024961495833333323
7 0.7420415605468749 0.3160370645833333 0.015069246093749999 0.022300426388888895
6 0.724268075 0.3160370631944444 0.012567573437500012 0.022300429166666667
7 0.180337047265625 0.22480204930555558 0.04563273671874999 0.01456087361111109
7 0.163371028515625 0.33267136736111114 0.018721122656250012 0.018721120833333337