7 0.08129897460937499 0.2509372006944444 0.07408539609375 0.06238770138888887
7 0.240290133984375 0.3344674034722222 0.016571733593749992 0.02426188472222219
7 0.27099658125000003 0.3336009076388889 0.017546542187500024 0.02252889305555554
7 0.315837741796875 0.3344674034722222 0.023395388281250006 0.031193851388888857
7 0.3655529421875 0.3587292875 0.009748078125000026 0.010397950000000005
7 0.38894833046875 0.3483313361111111 0.009748078124999981 0.013863933333333339
7 0.40259563984374996 0.33533389930555557 0.011697693750000005 0.025994876388888876
7 0.347031593359375 0.22182294027777777 0.02729461953125001 0.02079590000000001
7 0.329972455859375 0.24868431319444445 0.06531212578125004 0.032926843055555585
7 0.34995601640625 0.33706689027777775 0.009748078125000026 0.012130941666666652
0 0.20617185937500002 0.4046535680555556 0.036067890625 0.057188727777777774
0 0.280257255859375 0.4141850222222222 0.055564047656250004 0.07625163611111113
0 0.06872395312499999 0.4540438326388889 0.127699828125 0.1282413875