0 0.4464619914062499 0.4271824590277778 0.007798464062499999 0.015596929166666643
0 0.4386635312499999 0.4263159631944445 0.0077984609375000066 0.013863937499999994
0 0.48399209296874995 0.42978195138888886 0.010722885937499971 0.01732991388888894
0 0.41965477968750003 0.4306484444444444 0.008773268749999997 0.012130944444444383
0 0.410881511328125 0.4315149416666667 0.0048740398437500335 0.01386393888888888
0 0.40552006210937497 0.4306484444444444 0.007798461718750005 0.015596927777777835
0 0.3913853515625 0.4367139097222222 0.010722885937499971 0.017329913888888864
0 0.401035939453125 0.43619401319444445 0.00974807890624998 0.012130940277777806
0 0.43028017734374996 0.42926204583333333 0.01169769374999996 0.0190629138888889
0 0.45757479492187497 0.43186153263888893 0.017546539843749986 0.020795904166666664
0 0.35668219804687495 0.45179093680555554 0.05751366171875003 0.07451864583333337
0 0.09748078476562501 0.48038529722222223 0.11502732734375001 0.11091146944444448
0 0.31252340078124996 0.45057784930555556 0.03899231249999997 0.05545573750000001
0 0.28474137578125003 0.44364588472222216 0.028269428124999996 0.05892172222222227
0 0.24623645976562497 0.4419128861111111 0.056538855468749996 0.08318360000000004
0 0.221866262890625 0.456643320138889 0.04484116015625002 0.06412069583333332
0 0.18189914023437498 0.4696407527777778 0.06238770078125 0.08318360000000004
0 0.634697394921875 0.44797836041666667 0.06336251015624991 0.09878053194444444
0 0.6722274957031249 0.44797836041666667 0.06628693359374997 0.11264445694444447
1 0.498516741796875 0.4219834833333333 0.015596925781250003 0.04332479444444443
1 0.55076643359375 0.39772159930555556 0.10332962968750001 0.1923620819444444
0 0.83375316875 0.4919963534722222 0.33045985937500005 0.38299116805555555
6 0.39187275390625 0.31384480138888887 0.0038992328124999977 0.0259948777777778
6 0.476193632421875 0.3424391652777778 0.004874036718750041 0.024261886111111113
6 0.27635802421875 0.3907896347222222 0.010722885937499971 0.01906290833333328
6 0.39820900507812496 0.3145379958333333 0.004874042968749981 0.022528894444444426
6 0.482529887109375 0.3422658659722222 0.005848847656250022 0.022528895833333312
6 0.42062958632812497 0.3821246763888889 0.0048740398437500335 0.015596927777777757
6 0.41673035585937496 0.3821246763888889 0.002924421093749974 0.015596927777777757
7 0.309014087890625 0.38299117013888884 0.013647311718750022 0.006931968055555555
7 0.30414005078125 0.3734597131944445 0.011697696874999997 0.008664956944444432
7 0.835800271484375 0.27554568333333335 0.03899231171875002 0.06585368611111113