7 0.466203150390625 0.2802122618055556 0.032224410156250015 0.03487085972222223
7 0.43537980117187497 0.27647609930555556 0.029422286718750003 0.03736163749999998
7 0.84540039453125 0.2714945451388889 0.016812735937499924 0.05479706249999998
7 0.30529126015624997 0.2851938145833333 0.015411673437500006 0.03736163472222225
0 0.6224214867187501 0.35057667430555556 0.03922971718749997 0.07223249583333333
0 0.668656509765625 0.3630305527777778 0.09247004609374994 0.1320111111111111
0 0.751319128125 0.40910990416666665 0.14290825468750007 0.12952033611111105
0 0.923649667578125 0.46017080347222217 0.15131461953124994 0.2714945458333333
0 0.130859126171875 0.4012639604166667 0.26059740234374995 0.4159595375
0 0.506343556640625 0.5220665784722223 0.29422287578125006 0.4084872097222223
7 0.06329585546875001 0.16314580694444444 0.018213795312499993 0.017435430555555558