7 0.60662616640625 0.27234355625 0.015820301562500028 0.014062490277777763
7 0.61717303359375 0.24304670069444445 0.015820301562500028 0.021093734722222222
7 0.60627311328125 0.21931263888888888 0.015114195312500023 0.023459700000000003
7 0.55652854453125 0.29343729097222226 0.010546868750000016 0.018749987499999992
0 0.553232648828125 0.36140599444444443 0.032958961718750054 0.037499975000000026
0 0.416782545703125 0.3438278833333333 0.026367169531249957 0.04453121944444444
0 0.33899939648437505 0.34851537847222225 0.02900388515625001 0.03046872916666664
0 0.38448276484375 0.3379685118055556 0.022412093749999994 0.02812498194444445
0 0.29219767070312497 0.3508591277777777 0.009228508593750018 0.021093736111111108
0 0.27967326601562503 0.35437474861111107 0.01582030234374998 0.018749988888888878
0 0.26912639765625 0.3555466243055555 0.015820301562500028 0.03046872916666668
0 0.25001019921875 0.3520310013888889 0.019775376562499992 0.037499974999999984
0 0.30538125625 0.34851537708333336 0.02241209531249999 0.02578123194444441
2 0.484678006640625 0.3227341458333333 0.11733390390625002 0.24140608333333333
2 0.126653048046875 0.31570290069444445 0.25330609609375 0.5132808958333334
7 0.21177780468750002 0.14109364583333334 0.03295896250000001 0.08437494166666666
7 0.39173373515625 0.28992166736111114 0.013183584374999979 0.03046872638888891
7 0.38975619765624997 0.24187482708333335 0.009228509374999971 0.02812498194444445