7 0.35161981796874997 0.6079590534722222 0.012397954687500023 0.033061218055555563
7 0.351103237109375 0.6391835368055556 0.019630097656250012 0.029387748611111104
7 0.35007007421875 0.6841835284722222 0.017563771875000002 0.0642857013888889
7 0.9759946964843749 0.5424488645833333 0.04545917421875014 0.03306121527777779
7 0.9796107667968752 0.5026529486111111 0.038227033593750015 0.0404081555555556
7 0.981160512109375 0.60948966875 0.03512754296875009 0.08999997916666666
7 0.16565047109375 0.6722447534722222 0.018596935937500003 0.036734684722222175
7 0.60061211328125 0.6318366 0.02066325937499993 0.025714277777777756
0 0.11244257265624999 0.7751018743055554 0.02996172812500001 0.03306121527777779
0 0.253469328515625 0.8017345222222221 0.06612243359374999 0.08632651111111124
6 0.544821307421875 0.705305973611111 0.00826530546875004 0.022040811111111145
0 0.139304812109375 0.7695916729166665 0.013431119531250002 0.018367343055555648