7 0.089682321875 0.3925226256944444 0.027294620312500007 0.015596926388888871
7 0.258324079296875 0.4228499819444445 0.013647310156249981 0.010397952777777735
7 0.575136629296875 0.43324793194444444 0.015596925781250003 0.013863933333333339
6 0.28318167890625 0.2937420986111111 0.008773271874999988 0.05025675833333333
6 0.46449593867187494 0.34139936944444443 0.010722886718750057 0.041591802777777784
6 0.21884436132812501 0.4488448569444444 0.016571733593749992 0.024261883333333383
6 0.5875889828125 0.44344369166666664 0.011257396874999959 0.021456952777777774
6 0.43135247226562495 0.45057784861111116 0.0068236554687500115 0.02079590000000001
6 0.29487937343750004 0.3006740659722222 0.008773270312499993 0.05372274305555555
6 0.47521882499999996 0.34659834513888893 0.008773270312499993 0.03465983472222219
6 0.6448353906250001 0.42631596458333326 0.024370196874999993 0.020795901388888892
0 0.010235482421875 0.5294289722222222 0.02047096484375 0.11264446111111105
0 0.07798462734375 0.5259629881944444 0.11112809375000002 0.12997437916666665
0 0.8968232183593748 0.5476253854166667 0.20276003203124998 0.6204110374999999
0 0.7033238609374999 0.5770862444444445 0.18228906718750001 0.20449302222222215
0 0.612179326171875 0.5441594020833334 0.06628693359375007 0.13170737083333336
0 0.5761114371093751 0.5337614513888889 0.06043808671875004 0.09011556944444439
0 0.53760652734375 0.5155650368055557 0.024370196874999993 0.03985880972222217
0 0.522009601171875 0.5094995673611111 0.022420580468750017 0.0415918013888889
0 0.508362291796875 0.5120990541666667 0.014622117968749926 0.03292684444444439
0 0.49861421328125 0.5112325583333334 0.012672501562499949 0.017329916666666632
0 0.30608966249999997 0.5138320465277778 0.042891545312500015 0.05025675972222222
0 0.337770919140625 0.5120990541666667 0.01462211796874997 0.03292684444444439
0 0.35288043984375 0.5051670888888888 0.015596926562500002 0.04332479444444443
0 0.3884609265625 0.5008346090277779 0.03801750625000002 0.04852376805555557
0 0.464008533984375 0.5051670868055556 0.05069000703124997 0.039858809722222256
7 0.7737578230468751 0.3003973402777778 0.02514486640625 0.03933774722222224