0 0.030817938671875 0.6458787319444445 0.06163587734375 0.2142528472222223
0 0.13301015664062502 0.5418724986111111 0.26209571484375 0.2308938527777778
0 0.25586752578125 0.4836290020833333 0.1427485609375 0.16016960416666667
0 0.33075201484375 0.4555473180555555 0.06786406875000002 0.1123267361111111
0 0.36643915859375 0.4586675055555555 0.04563274062499998 0.07696461666666662
0 0.38925552343750003 0.457627442361111 0.021061260937500003 0.05824349305555556
0 0.40739161093750004 0.4690681305555556 0.02457147343749999 0.043682622222222196
0 0.417337206640625 0.4690681284722222 0.021061261718750047 0.039522370833333376
0 0.43371819062500006 0.48050881458333333 0.011700701562500004 0.02496149583333336
0 0.44717399843750005 0.4815488777777778 0.015210914062499992 0.022881369444444508
0 0.45711959414062503 0.48466906388888886 0.011700702343750003 0.02080125
0 0.48520127890625 0.48258894097222227 0.0070204187499999906 0.01664100416666664
0 0.491051629296875 0.4805088159722222 0.009360563281249946 0.016640995833333328
0 0.496901980078125 0.46698800555555553 0.01872112265625008 0.043682622222222196
0 0.51211289140625 0.4721883152777778 0.023401403125000008 0.03744224722222222
0 0.529078908203125 0.4659479416666667 0.019891188281250027 0.07488449166666673
0 0.5641810140625 0.46074763125000007 0.06669400000000003 0.1268876125
0 0.60747361015625 0.49402962708333337 0.111156665625 0.2017721013888889
0 0.6630519433593751 0.5283516819444445 0.16146968359375 0.2412944694444444
0 0.8403175749999999 0.5397923680555555 0.31708901718749993 0.5720343