7 0.04995386328125 0.49782797361111114 0.0315821328125 0.05739370277777777
7 0.2183918984375 0.5115525520833333 0.03719673281249998 0.04990756250000001
7 0.5057892972656249 0.5521024520833333 0.014036502343750002 0.01621995694444449
7 0.46403070195312496 0.5689462534722223 0.009123725781250069 0.01247689027777778
7 0.48999823203125 0.5570932076388888 0.007720078125000018 0.011229201388888931
7 0.988177125 0.5078094868055556 0.021054754687499865 0.1297596736111111
0 0.12715463046875 0.5911967111111112 0.0357930828125 0.04865987500000005
1 0.62580139921875 0.5518945020833333 0.129135828125 0.24205169583333333
0 0.21312821054687497 0.6504619479166667 0.18808913984374998 0.2096117763888888
0 0.426833968359375 0.5993066895833334 0.04140768515625002 0.062384456944444444
0 0.499121958984375 0.6080405145833333 0.05404053515624998 0.0848428625
0 0.5468460695312499 0.6011782256944445 0.03017848125000002 0.03867836250000004
0 0.33594761171875 0.5911967131944444 0.029476654687500003 0.031192229166666627
0 0.400164613671875 0.5943159361111111 0.013334678906250019 0.017467647222222223
0 0.46999621640625 0.5955636229166666 0.015440153125000045 0.02495378472222222
0 0.453854237109375 0.5974351576388889 0.023862055468750042 0.03618298472222226
0 0.8333077046875002 0.6155266513888888 0.04351315781250005 0.034935294444444445