1 0.4680900453125 0.4839878861111111 0.017588745312500008 0.035347430555555566
1 0.44782475117187504 0.4928247465277778 0.030589122656250023 0.050302115277777816
0 0.398193905078125 0.5138972506944444 0.04053058828125002 0.05438066249999996
0 0.501049827734375 0.49418425972222224 0.006117824218750023 0.012235650000000061
0 0.489196542578125 0.4901057104166666 0.01147091953124999 0.020392748611111164
0 0.4773432578125 0.49078546875 0.01070619218749993 0.019033231944444475
0 0.35162195976562505 0.5295316902777778 0.05811933203125004 0.07749244166666666
0 0.43704208242187503 0.5050603916666667 0.028294939843750023 0.042145013888888944
0 0.5154267062500001 0.5003020847222222 0.0244712984375 0.02990936388888888
1 0.57086948984375 0.46359513888888887 0.048177867187500036 0.10604228888888893
1 0.9531909183593751 0.42240179236111114 0.09322910859375 0.6952567680555556
1 0.6875191933593751 0.48521145069444443 0.08947318203124999 0.06389727638888887
0 0.834220756640625 0.5068872472222222 0.19915701796875 0.33622671666666665