6 0.538945124609375 0.31374988125 0.006328122656250023 0.026249993055555542
0 0.51574200703125 0.33624987222222225 0.006328123437499933 0.02249999166666667
0 0.510600775390625 0.33718737291666667 0.01713940234375002 0.031874990277777786
0 0.534726375390625 0.34579821527777777 0.03164061328125003 0.04909667499999999
0 0.552128712890625 0.35031236875 0.015820307031250015 0.058124981944444445
0 0.5652113359375 0.35652765138888887 0.025113195312500024 0.08291340833333337
0 0.610056329296875 0.38537991944444444 0.10523624921875001 0.13576008333333334
0 0.45720687031249996 0.4159373458333333 0.12550776718749995 0.20812492777777775
7 0.644413837109375 0.31843737777777775 0.010546872656250006 0.0318749888888889
0 0.054461403124999995 0.5056873152777778 0.1065234 0.39187486111111114
7 0.768339573046875 0.08593745833333333 0.03269530078124996 0.02062499166666666
6 0.7840549011718749 0.17050786805555557 0.027504928906250024 0.05101585555555555
6 0.73083884296875 0.07589765208333334 0.031092528124999942 0.10417325694444443
7 0.7330075558593749 0.16406244236111112 0.01687499453125003 0.0693749763888889
6 0.75475617265625 0.17475594791666668 0.03109252812500003 0.06803151527777779