0 0.692110776171875 0.5463133888888889 0.009560485156249942 0.01942447500000005
0 0.684598966796875 0.5499554798611112 0.010926267968750025 0.01699641805555553
0 0.674355590234375 0.5475274194444444 0.017755185156249985 0.02185253611111114
0 0.6606977562499999 0.5487414493055556 0.01502361875 0.019424476388888934
0 0.647722812890625 0.5499554798611112 0.01638940234374999 0.01699641805555553
0 0.6333820859375001 0.5487414486111111 0.012292050000000021 0.024280594444444463
0 0.623138710546875 0.5475274201388889 0.02185253671874996 0.0364208930555555
0 0.6115295507812499 0.5523835375 0.02048675156249997 0.03156477222222228
0 0.59855460703125 0.5608817472222222 0.02731566875000002 0.03884895277777771
0 0.6914278839843749 0.5778781625 0.03277880234374999 0.053417308333333344
0 0.6668437812500001 0.6531480076388888 0.07375230781250001 0.09226625972222224
0 0.572604721875 0.5657378673611111 0.03551037031249997 0.0388489513888889
0 0.49748663046874997 0.5839483131944445 0.06009447187500001 0.07526984305555552
0 0.46197626015625 0.5985166694444445 0.06009447187500001 0.08498208333333332
0 0.42373432265625005 0.6058008479166668 0.06555760625000003 0.06070148750000005
0 0.35544515 0.6009447291666666 0.09833641093749997 0.06555760833333327
0 0.259840306640625 0.6458638291666667 0.10926267734374999 0.09712238055555554
0 0.41144227187500004 0.7672668055555556 0.554508090625 0.3010793805555556
7 0.6052839304687501 0.47225757499999993 0.012292051562500017 0.021852536111111064
0 0.731618900390625 0.5693799555555555 0.016389400781249997 0.021852536111111064
0 0.71044925703125 0.5560256277777778 0.02048675156250006 0.033992833333333375
7 0.05597853671874999 0.46501522152777774 0.0327451109375 0.12890138750000005