6 0.41673035429687494 0.37432621250000003 0.02242058046874993 0.07278565277777779
6 0.724282229296875 0.21662396527777777 0.023395388281250006 0.07971761944444444
6 0.697475013671875 0.21835695694444443 0.02047096484374995 0.08318360277777778
6 0.768148582421875 0.4930361465277778 0.021445772656249938 0.032926843055555585
6 0.7330555000000001 0.37605920416666666 0.013647309374999939 0.0866495861111111
6 0.43817612695312497 0.38039168402777773 0.014622117968750015 0.06412069305555555
0 0.653121256640625 0.5944161618055556 0.03119385078125001 0.04505778472222228
0 0.6726174140625 0.5883506909722223 0.007798464062499999 0.03639282638888888
0 0.68382770390625 0.582285220138889 0.010722885937499971 0.027727868055555563
7 0.618028174609375 0.5398269229166666 0.02144577265625003 0.03639282638888888
7 0.557590087890625 0.5285624763888889 0.011697694531249959 0.017329916666666632
0 0.5127489269531249 0.5701542777777777 0.017546541406249984 0.024261883333333383
6 0.7462154058593751 0.4878371708333333 0.014622117968750015 0.0329268416666667