8 0.499262348046875 0.23320296319444445 0.99852469609375 0.2742185625
6 0.378368880859375 0.17203112708333335 0.023730453906249994 0.08437494305555557
6 0.35529760742187505 0.17695300277777776 0.022412094531249992 0.08671868888888888
6 0.7270746953125 0.05039059027777778 0.040869112499999985 0.10078118055555556
7 0.665111847265625 0.15585926805555556 0.04350582890625008 0.09140618888888888
7 0.526684208203125 0.32109352916666667 0.014501942968750025 0.018749986111111106
7 0.4726315109375 0.44882781666666666 0.019775376562500037 0.030468730555555604
6 0.2438963171875 0.4664059277777778 0.010546868749999971 0.06093745833333336
6 0.25114728867187497 0.4828121680555556 0.00659179296875001 0.03281247777777775
6 0.5247066699218751 0.3785153638888889 0.013183583593750025 0.04921871666666667
7 0.340795663671875 0.5390621291666666 0.009228508593749973 0.037499974999999984
7 0.5286617460937499 0.5050777763888888 0.018457018749999943 0.035156224999999985
7 0.5280025667968751 0.582421475 0.011865225781250021 0.016406238888888917
7 0.5715083953125 0.53554650625 0.009228509375000016 0.021093737500000032
0 0.1272215921875 0.5835933486111112 0.030322245312500006 0.042187469444444445
0 0.21489243046875 0.5824214743055556 0.05537105625000003 0.053906212500000016
0 0.176660034375 0.5871089715277777 0.023730451562499998 0.0398437236111111
0 0.1516112234375 0.5718746069444445 0.023730451562499998 0.018749986111111068
0 0.15886219609375002 0.5999995874999999 0.040869112500000006 0.03281247777777775
0 0.44758270039062503 0.5929683423611111 0.05141598046875 0.07031245138888885
0 0.286083787109375 0.5824214756944445 0.03164060390625001 0.06796870416666663
1 0.355297607421875 0.5660152368055555 0.11469718671875002 0.11015617638888883
0 0.0566894140625 0.5765621034722221 0.1107421109375 0.13124990972222222
7 0.7475092515625 0.3878903583333333 0.015820301562499937 0.10078118055555553
7 0.50559047265625 0.12421866458333333 0.014501943750000024 0.09374993472222223
6 0.770580523828125 0.36562474930555555 0.032958961718750054 0.08437494305555554
6 0.8495501890625 0.4886715381944444 0.013183584375000024 0.0351562236111111
6 0.87670838125 0.4886715395833333 0.013183584375000024 0.0398437236111111
0 0.685546404296875 0.6339839381944444 0.22939437265624996 0.1992186152777778