7 0.323148801171875 0.3812581805555556 0.010722885156250018 0.031193852777777822
7 0.28025725625 0.40378707222222227 0.012672501562500039 0.03119384999999997
7 0.23297907578125 0.37605920555555555 0.01754654218749998 0.010397950000000043
7 0.55076643359375 0.26861371666666667 0.015596925000000006 0.034659833333333306
7 0.5366317191406249 0.2634147416666667 0.014622117968750015 0.03465983333333335
6 0.341670150390625 0.38125817986111105 0.008773271093750035 0.02426188472222219
6 0.219819169140625 0.4306484430555555 0.010722886718749968 0.019062911111111133
6 0.33338428320312496 0.3795251881944444 0.007798463281250001 0.027727868055555563
0 0.3353338984375 0.5112325590277778 0.03704269687499999 0.06931966805555557
0 0.35824188359375003 0.5207640138888889 0.020470965624999993 0.09531454444444441
0 0.304627451953125 0.5017011055555555 0.03411827421874998 0.06412069166666667
0 0.273433601171875 0.47310674236111117 0.032168660156249994 0.02426188472222219
0 0.255399655078125 0.5736202638888889 0.14622117578125 0.19756105833333334
0 0.572212205078125 0.5857512027777777 0.4464619945312499 0.578819236111111
0 0.8631923468749999 0.5294289722222222 0.2719713890625 0.42458297222222224
1 0.10625405507812499 0.6169450534722222 0.21250811015624999 0.7417204569444444