6 0.232422718359375 0.3134021138888889 0.01252577421875003 0.024742272222222222
6 0.759665091015625 0.3020619048611111 0.014845385156249957 0.02680412916666669
6 0.5848841386718749 0.14845363402777778 0.017396910156249935 0.05773196805555555
6 0.65505167578125 0.26597942569444444 0.009278351562499943 0.03711340972222222
6 0.24193303164062502 0.2742268493055556 0.011597939843750016 0.04123712361111108
6 0.768363528515625 0.25505158819444446 0.01507732109375004 0.04742268750000002
6 0.948363572265625 0.23546395763888886 0.03363402578125001 0.05360825694444446
6 0.889793975390625 0.02824742847222222 0.020876291406250046 0.05154639861111111
7 0.093943314453125 0.2505155055555556 0.025515467968749993 0.018556705555555553
7 0.6011212542968749 0.14536084930555557 0.01971649765625001 0.051546398611111106
7 0.391198539453125 0.2927835541666667 0.019716497656250054 0.012371136111111111
7 0.65064443828125 0.14123713611111113 0.051030937500000026 0.02268041666666666
7 0.9306187386718751 0.1195876486111111 0.057989700781249987 0.09484537777777778
7 0.34063149609375004 0.3134021138888889 0.010438146875000021 0.037113408333333334
6 0.371134082421875 0.2884536590277778 0.006958764843750043 0.018556704166666667
7 0.9337936429687501 0.02680412986111111 0.051030935937500035 0.04123712361111111
0 0.557512993359375 0.3783505777777778 0.01739691015625002 0.04329897499999997
0 0.5795490792968749 0.37628872083333337 0.042912378906250034 0.059793822222222244
0 0.36521914296875 0.3742268666666667 0.03363402656250001 0.055670113888888845
0 0.472268114453125 0.4123712013888889 0.17396910078124997 0.28453612777777776
0 0.09729382695312501 0.5114906305555555 0.19020621796874998 0.40618563611111114