6 0.545118121875 0.18341220069444444 0.02879145000000003 0.05545019861111111
6 0.38316621562500003 0.47452575208333336 0.007197862500000029 0.019194301388888845
6 0.24940593671875 0.4766584506944445 0.013196081250000002 0.019194301388888925
6 0.580763137109375 0.22270556527777777 0.03955075390624998 0.1432140722222222
0 0.32930220976562496 0.5033171999999999 0.00839750546875 0.017061599999999937
0 0.320904702734375 0.50651625 0.013196080468750005 0.023459700000000003
0 0.367690809765625 0.5171797527777777 0.015595367968749985 0.027725099999999968
0 0.250725544140625 0.5299759513888889 0.026392163281250002 0.04052129999999994
0 0.22373355898437497 0.5289096006944445 0.027591807031250016 0.04265400138888885
0 0.148755826171875 0.5459712006944445 0.03838859921875 0.06398100138888892
0 0.1991408640625 0.5374404006944444 0.04798575156249998 0.04691940138888889
0 0.281916281640625 0.5267769020833334 0.03119073828125001 0.04265400138888893
0 0.390484041796875 0.5427721506944445 0.056383255468750004 0.07037910138888889
0 0.083375241796875 0.5559948847222222 0.09717114453125 0.07464449999999997
0 0.34489757890624995 0.5122745361111112 0.017994656250000008 0.017061597222222245
7 0.42527371093749994 0.4542651006944445 0.013196079687500006 0.03412320138888892
7 0.46066320156249996 0.40734570277777776 0.016795012499999994 0.06398100000000002
7 0.259123051171875 0.4888148451388889 0.011996436718750036 0.013649281944444485
7 0.59898212890625 0.31969173611111107 0.06358111874999998 0.02772510000000001
6 0.31970192890625004 0.48281215 0.006591792187499968 0.018749986111111148