7 0.563120336328125 0.1375780236111111 0.02900388671875005 0.016406238888888897
7 0.5400490640625 0.18562486527777777 0.08041986718750005 0.08437494166666666
7 0.697592900390625 0.2676560576388889 0.02900388671875005 0.02812497916666668
0 0.6883643898437499 0.2957810402777778 0.015820301562499937 0.018749988888888878
0 0.6758399859375 0.2910935423611111 0.01186522656250002 0.014062490277777763
0 0.6646339382812501 0.29226541666666667 0.015820301562500028 0.011718741666666649
0 0.64683609921875 0.2957810402777778 0.014501943750000024 0.018749988888888878
0 0.6217872886718749 0.2887497944444445 0.011865227343750017 0.018749986111111106
0 0.58157735546875 0.3004685368055556 0.013183585937499931 0.018749987499999992
0 0.5117043566406251 0.2840622986111111 0.03164060390625005 0.018749988888888916
0 0.3864603015625 0.29578104027777774 0.018457018749999988 0.042187472222222216
0 0.33240760468749997 0.28171855069444446 0.03427732031250001 0.046874968055555556
0 0.30406289765625 0.3121872784722222 0.0250488109375 0.06562495416666667
1 0.5637795156250001 0.2875779201388889 0.027685528125000046 0.04921871527777778
1 0.43655792421874995 0.25242169444444446 0.08701165937499997 0.1617186388888889
0 0.353507564453125 0.3185558770833333 0.07911395703125002 0.09242464305555557
0 0.49654323359374997 0.4270309493055556 0.1964354109375 0.27656230972222223
0 0.060075945312500004 0.3367966375 0.12015189062500001 0.17578113055555558
0 0.02052519140625 0.5770308465277777 0.0410503828125 0.30937478749999997
0 0.203036563671875 0.35021048402777777 0.22114040078125 0.2401087986111111