7 0.45133603242187503 0.3994545944444444 0.04289154609374997 0.057188727777777774
7 0.538093930078125 0.3543968076388889 0.02144577265625003 0.050256759722222176
6 0.23541609453125 0.34486535277777774 0.006823654687500014 0.017329916666666674
6 0.0716483765625 0.3266689409722222 0.006823654687500002 0.02252889305555554
6 0.1096658828125 0.38645715486111115 0.006823654687500014 0.017329918055555598
6 0.10820367109375 0.34313236180555556 0.009748078125000004 0.027727868055555525
6 0.09309414882812499 0.34313236180555556 0.008773271093750002 0.027727868055555525
0 0.048740392968750004 0.4540438319444445 0.02924423593750001 0.03812581944444449
0 0.093581553125 0.43758040902777773 0.05069000781249999 0.032926843055555585
0 0.17302839296875 0.4540438319444445 0.03606788906249998 0.04159180000000002
0 0.1988608 0.45577682430555555 0.019496156250000007 0.031193851388888857
0 0.22225618867187497 0.44624537013888893 0.04484116015624999 0.02946085972222221
0 0.154994447265625 0.44364588125000004 0.015596925781249982 0.020795898611111124
0 0.338258321875 0.4809052027777778 0.02924423437499999 0.046790775000000034
0 0.304627451953125 0.4497113534722222 0.03606788984375 0.025994873611111143
0 0.36116630703124997 0.4687742618055556 0.022420579687500018 0.0329268430555555
0 0.340207938671875 0.44537887499999995 0.029244236718750028 0.017329916666666712
0 0.380662462890625 0.4540438319444445 0.032168658593749996 0.027727866666666677
0 0.8843101902343751 0.5640888083333334 0.23037359921874997 0.18889609722222225
0 0.7384169425781251 0.5207640125 0.29146754609375 0.1334403638888889
0 0.631188080078125 0.49130315208333336 0.16084329453125 0.07451864305555553
0 0.614616346875 0.48003870902777773 0.16474252656250005 0.06931967083333326
0 0.508362291796875 0.46790776458333333 0.07116097265625002 0.0415918013888889
0 0.454260456640625 0.46704126874999996 0.03899231484375001 0.03985880972222217
0 0.42404141328125 0.46704127152777775 0.02339538749999992 0.03639282638888888
7 0.551253836328125 0.4141850208333333 0.018521349218749972 0.06585368333333332
7 0.16376771679687502 0.4037870729166667 0.011697692968750006 0.034659834722222234
0 0.5605145113281249 0.4713737506944445 0.017546541406249984 0.020795901388888892
0 0.578061052734375 0.46357528680555554 0.025345003906249986 0.015596926388888871
0 0.900235045703125 0.4904366597222222 0.07895943515624992 0.04159180000000002