7 0.44458771328125 0.1810996840277778 0.03479382031250004 0.022680415277777793
7 0.60231969765625 0.17800690138888892 0.03479382031249996 0.024742272222222243
7 0.42429131835937495 0.22130587708333335 0.08466496328124999 0.061855679166666636
7 0.5721650527343749 0.22130587569444446 0.10206187109375006 0.0659793902777778
7 0.6666882656249999 0.3164948951388889 0.022036085937499995 0.04742269027777779
7 0.6829253808593749 0.3061856145833333 0.012757733593749964 0.026804129166666652
7 0.499871215625 0.3604811631944444 0.009278349999999946 0.010309279166666643
7 0.54394338828125 0.3532646666666666 0.006958764062499956 0.020618558333333325
0 0.167372413671875 0.40627395 0.08046142421875002 0.0687736472222222
0 0.039929909765625 0.43173239861111107 0.07985981953125 0.08408322222222221
0 0.4411083324218749 0.40687292291666666 0.044072172656249985 0.1360824958333333
0 0.483247527734375 0.4075602041666667 0.044072172656249985 0.05773196944444447
0 0.51340216953125 0.4065292798611111 0.013917528125 0.026804129166666652
0 0.5360181535156251 0.4137457708333333 0.035953614843749995 0.049484544444444445
0 0.6278351671875 0.43367705069444445 0.1716495125 0.18144332638888888
0 0.807023341015625 0.43367705069444445 0.1867268351562501 0.14020620972222228
0 0.899806859765625 0.43470798125000004 0.028994850781250036 0.07216496250000001
0 0.9618950878906251 0.49553273402777775 0.07275894296874999 0.13608249583333326
0 0.318363455078125 0.4364261930555555 0.23543818359374996 0.3697595166666667
0 0.20760312656249996 0.4120275583333334 0.01159794062499997 0.047422688888888904
7 0.24259025234375003 0.22714780347222224 0.08234537343750001 0.04742269027777775
7 0.46510047421875 0.33498716875 0.024355674999999976 0.028865984722222234