6 0.215964491015625 0.3494671236111111 0.017755185156249985 0.08498208611111112
6 0.20230665703125 0.3664635402777778 0.02048675156249997 0.05584536944444444
6 0.22825654218749997 0.3676775694444444 0.012292051562499972 0.05827342777777776
6 0.36346910703125 0.48543845694444443 0.01775518437499999 0.031564774999999975
6 0.810763194140625 0.32518652847222224 0.03551037109374997 0.06555760694444442
7 0.71089029765625 0.21407390694444445 0.03960771874999995 0.12868715555555557
7 0.35783527070312504 0.4253150861111111 0.021852536718750003 0.016996416666666646
7 0.46982951562499997 0.4423115027777778 0.010926268750000023 0.021852536111111064
7 0.206233304296875 0.5224374652777778 0.010926267968750025 0.016996416666666646
7 0.080581225390625 0.5588583652777778 0.010926267968750004 0.012140297222222231
0 0.011609158984375001 0.594874579861111 0.00956048515625 0.019424476388888855
0 0.026632778906249998 0.6106569666666666 0.0314130203125 0.06070148611111116
0 0.066923391015625 0.5851623423611111 0.016389400781249997 0.019424476388888934
0 0.093556168359375 0.5863763708333334 0.01775518515625001 0.02185253333333337
0 0.079898333203125 0.5875904013888888 0.01775518515625 0.02913671388888888
0 0.146821723046875 0.5754501034722223 0.025949886718750002 0.033992831944444406
0 0.45070854765624996 0.5098924965277778 0.016389401562499996 0.029136712499999995
0 0.40836925859375006 0.5305310020833334 0.04097350468750003 0.050989248611111135
0 0.6148302019531251 0.5244608534722223 0.11882316171875003 0.09712237916666666
0 0.9412524507812499 0.4188402652777778 0.02868145156249984 0.031564772222222204
0 0.869548819921875 0.46618742569444444 0.11745737890625012 0.10197850138888892
0 0.9316919671874999 0.4540471277777778 0.015023618750000089 0.048561188888888926
0 0.7807728921875 0.48196981319444443 0.07375230781250011 0.07041372638888888
0 0.7104350441406251 0.5183907069444444 0.12974943046874995 0.10440656111111113
0 0.9740312550781249 0.42612444374999997 0.05053398828124998 0.08983820138888884
0 0.23218319140625 0.6264393541666666 0.11199424531250002 0.12140297500000001
0 0.1167744875 0.6021587604166667 0.05326555624999999 0.06798566805555556
0 0.043705070703125 0.6179411458333333 0.05463133828125 0.07526984444444448