7 0.7781814046875 0.3550945513888889 0.055183612499999944 0.06611370000000005
7 0.95752814453125 0.22499985138888887 0.07317826875000008 0.12369660277777776
7 0.63809051328125 0.3218244340277778 0.008397506250000042 0.019194301388888887
1 0.55927391953125 0.34123199930555553 0.035509457812500055 0.0938387986111111
2 0.5800277546875 0.35189549999999997 0.010796793749999978 0.03412319999999999
0 0.5392398675781249 0.3582936020833333 0.01319608203125 0.02559240138888891
0 0.588425259765625 0.3657580513888889 0.017994655468750054 0.01919429999999996
0 0.48105714414062495 0.3508291506944445 0.014395724218749972 0.010663498611111145
0 0.478657858203125 0.3614926506944444 0.014395724218749972 0.01492889861111111
0 0.4666614203125 0.3593599506944445 0.011996437499999946 0.019194298611111115
0 0.44686729843750006 0.35722725069444444 0.013196081250000002 0.027725101388888895
0 0.42947246328125 0.35829359930555554 0.02399287499999998 0.029857798611111066
0 0.291513432421875 0.3636253506944444 0.08877363671874998 0.057582901388888885
0 0.358093660546875 0.34656375069444445 0.010796792968750024 0.019194301388888925
0 0.3454974 0.35082915277777776 0.011996437500000035 0.0191943
0 0.695793377734375 0.3380329493055555 0.014395724218750062 0.019194298611111115
0 0.71138874453125 0.3480566506944444 0.00959715000000001 0.021326998611111096
0 0.7191864296875 0.3491230013888889 0.010796792187499982 0.023459700000000003
1 0.730583046484375 0.34571067569444447 0.019194300781250017 0.03369664861111114
0 0.734181977734375 0.35562772569444445 0.016795011718749996 0.0245260513888889
0 0.607619561328125 0.3715163527777778 0.03239038203125002 0.04691940000000005
0 0.65140655859375 0.39071065069444444 0.055183612499999944 0.0682463986111111
0 0.8234873171875001 0.3850392013888889 0.026288459374999996 0.026192633333333347
0 0.8528267382812501 0.3698101861111111 0.013196081249999913 0.017061600000000017
0 0.9756102828125 0.6632697006944445 0.04798575000000014 0.3135069013888888
0 0.502304987109375 0.36156806319444446 0.03672880234375002 0.06110235416666667