6 0.5406875402343749 0.5151736145833333 0.00839088203124998 0.03729281527777775
6 0.40853112421874993 0.5276045548611111 0.009789365625000013 0.03232043749999999
6 0.42041820976562505 0.5748421222222222 0.011187846093749964 0.017403313888888917
7 0.55816855 0.5331096715277778 0.006992403125000024 0.019889504166666683
7 0.388952396875 0.56170083125 0.009789364062499972 0.02237569027777779
7 0.8350677066406249 0.3192975243055555 0.034962014843750035 0.0895027597222222
7 0.53509361875 0.56170083125 0.011187845312500055 0.02237569027777779
0 0.46625343242187506 0.5979281486111111 0.02517264921875002 0.03729281666666664
0 0.5249896171874999 0.5904695868055556 0.02237569062500002 0.027348062500000006
0 0.50960633125 0.6016574305555555 0.013984806250000047 0.03480662777777776
0 0.489328362890625 0.6016574333333333 0.026571132031249965 0.03977900277777782
0 0.3445856203125 0.6165745569444444 0.022375689062500027 0.039779002777777746
0 0.32430765156249997 0.6314916847222223 0.046149859375000005 0.05469613333333333
0 0.254383621875 0.6377071534722223 0.0769164328125 0.07209944583333336
0 0.5466660671875 0.5780386472222222 0.01258632500000001 0.022375688888888825
0 0.56135011484375 0.5892264944444444 0.019578728125000035 0.024861877777777784
0 0.5774326410156251 0.6029005243055555 0.03216505234375004 0.03729281527777783
0 0.6141077738281251 0.63752955625 0.10488604453125001 0.17403314027777783
0 0.16825468671875 0.7741837381944445 0.3365093734375 0.446631151388889
0 0.42880909296874997 0.6270520645833333 0.05873618750000005 0.08701657083333332
7 0.895346670703125 0.39749972708333337 0.02373045234375013 0.04218747083333333