6 0.256089215234375 0.205164475 0.024979441406250035 0.11901315833333335
6 0.236605252734375 0.22914473819444447 0.015986841406249973 0.05328947361111109
6 0.28456577890625 0.20516447361111112 0.029975329687500007 0.1225657888888889
7 0.2575879828125 0.11101973611111113 0.025978618750000005 0.04440789444444445
7 0.17315747187500002 0.4041118444444445 0.044962992187499995 0.07993421111111114
7 0.6932294324218751 0.2700000013888889 0.017985197656250042 0.024868424999999975
7 0.6922302546875 0.31707237083333334 0.015986842187500017 0.062171055555555556
7 0.739691192578125 0.30907894861111107 0.014987664843750003 0.028421052777777768
6 0.834113478515625 0.2344736861111111 0.019983552343749978 0.06394736944444443
0 0.27557318046875 0.41210526527777774 0.07393914375000002 0.09236842222222216
0 0.19064308203125 0.44052631805555553 0.1238980265625 0.12078947500000005
2 0.19164225859375 0.3668092131944445 0.07593749999999999 0.05861842361111111
0 0.08772778320312499 0.43164473958333327 0.11990131640624999 0.11013157916666666
0 0.047261090625 0.41299342361111113 0.0749383234375 0.08348684444444443
0 0.008393086328125 0.4200986868055556 0.01678617265625 0.09414473749999996
0 0.49689102734374996 0.40322368680555554 0.016986020312500027 0.02486842083333332
7 0.531362654296875 0.38013158194444446 0.013988486718749993 0.01421052777777771
0 0.53386059921875 0.40855263194444447 0.010990953124999958 0.028421052777777806
0 0.5418540187499999 0.41210526388888885 0.02098272968749999 0.0355263166666667
0 0.55784086171875 0.4138815805555555 0.02098272968749999 0.039078949999999994
0 0.5658342839843751 0.4156578951388889 0.02697779609374997 0.04263157916666671
0 0.5838194812499999 0.4200986847222222 0.028976151562499997 0.05151315833333333
0 0.5988071464843749 0.4272039486111111 0.032972861718750045 0.055065788888888925
0 0.63028124140625 0.42809210694444444 0.05195723750000001 0.07460526111111107
7 0.40210823632812503 0.2634147423611111 0.02631981171875002 0.031193851388888857
0 0.9562864968749999 0.42891545208333337 0.031193851562500007 0.04679077638888892