0 0.183626620703125 0.4915931548611111 0.20182710078125 0.23097990416666664
0 0.3425654625 0.39228139930555556 0.09586787187499998 0.11885373472222227
0 0.4176199140625 0.32612696180555556 0.04414967812500006 0.04485046527777779
0 0.47501449726562495 0.3238844402777778 0.03279690390624994 0.06727570277777777
0 0.546915401171875 0.3115505604166666 0.02522838828125007 0.05606308472222222
0 0.5847579824218749 0.32949074652777777 0.06307096953125005 0.1457640152777778
0 0.657289597265625 0.3967664479166667 0.15515458359375006 0.1816443902777778
0 0.51096494921875 0.3328545298611111 0.051718195312500014 0.0762457902777778
0 0.439694754296875 0.3967664479166667 0.11352774453125 0.17715934305555558
0 0.23534481484374997 0.38667509097222225 0.0277512265625 0.0313953291666667
6 0.5614217234375 0.08217245347222223 0.016398451562500062 0.06054813194444445
7 0.5860194023437499 0.08890002291666667 0.03531974375000004 0.04260794305555555
6 0.623861982421875 0.2032687138888889 0.012614194531249989 0.033637849999999976
6 0.402482882421875 0.27839324375 0.01892129140625003 0.0493355125
1 0.043248664453125 0.43601060555555554 0.08649732890625 0.06727569999999995