6 0.245395944921875 0.11531241319444444 0.015820302343750026 0.07031245138888888
6 0.69231946640625 0.1903123625 0.013183584375000024 0.06093745833333334
6 0.9296239906250001 0.3696091152777778 0.02900388593750005 0.03515622500000003
6 0.262534605859375 0.12117178611111111 0.013183583593749982 0.06796870277777778
7 0.118833533203125 0.3074997819444444 0.03164060390625001 0.023437483333333335
7 0.125425325 0.19265611041666666 0.01845701875000001 0.08437494305555557
7 0.90655271796875 0.3367966361111111 0.03823239687500006 0.021093736111111108
7 0.923032198828125 0.30046853611111113 0.026367169531249957 0.028124980555555526
7 0.899301745703125 0.2922654173611111 0.010546867968750106 0.02578123194444445
7 0.6887488464843751 0.3975255194444445 0.008679063281250076 0.015989088888888857
7 0.285654171875 0.3930365791666667 0.011768640624999983 0.030488766666666656
0 0.5716896664062501 0.45632780416666663 0.01186522656250002 0.025781233333333375
0 0.6277199015624999 0.46101530069444446 0.015820301562499937 0.02578123194444449
1 0.36932164140625 0.4211715777777778 0.09755852656250004 0.14296864999999997
0 0.558506081640625 0.45984342638888887 0.025048810156250045 0.028124980555555606
0 0.6072853449218749 0.4762496645833333 0.03559567890625006 0.05156246250000002
0 0.429306951953125 0.5301558791666666 0.19116197734375 0.3187497805555556
0 0.12608450390625 0.5067183944444444 0.2518064671875 0.4031247222222223
0 0.9553319804687501 0.6520307944444445 0.08833001718749997 0.20624985833333337
7 0.692113570703125 0.41158553472222226 0.015596925781250003 0.015596924999999985