7 0.662869335546875 0.26341474375 0.011697692968750052 0.027727868055555563
7 0.556615280078125 0.28161115833333333 0.00974807890624998 0.019062913888888863
7 0.5073874828125 0.2876766270833333 0.010722885937499971 0.01732991805555556
0 0.5103119074218749 0.3180039840277778 0.018521349218749972 0.01906291527777775
0 0.49081575 0.3162709923611111 0.014622117187500016 0.015596931944444413
0 0.476193632421875 0.31540449236111107 0.01852134921875006 0.017329912500000016
0 0.56815051484375 0.30673953541666665 0.02631980937500007 0.024261884722222227
0 0.605528289453125 0.30673953541666665 0.026319811718749975 0.024261884722222227
7 0.56799818828125 0.23915285763888888 0.009748078124999981 0.020795898611111124
7 0.48075288476562494 0.2694802159722222 0.008773269531249994 0.015596931944444413
7 0.819498612109375 0.042458297916666665 0.08773270703125 0.08491659583333333
6 0.41056672031249997 0.25041730763888886 0.01072288593750006 0.02946086527777779