0 0.5630246039062501 0.2444736729166667 0.008420489062500014 0.01769153749999997
0 0.5002536675781251 0.25072727777777776 0.013013461718750018 0.024755197222222195
0 0.5986203117187501 0.26352609236111113 0.02602696875000001 0.06396170138888889
0 0.62694377890625 0.26896964305555554 0.0643019234375 0.09117944722222222
0 0.262511508203125 0.33283415069444444 0.25031820234375 0.3211693958333333
1 0.540661089453125 0.23147622083333333 0.03674395546874996 0.07751423333333333
0 0.8110463105468749 0.3278766291666667 0.27787617109375 0.3038666944444444
0 0.9679736234374999 0.29434047569444444 0.06200542656250008 0.12520162916666666
0 0.5117361421875 0.2501764472222222 0.020668475 0.028578636111111107
0 0.41604875585937506 0.2420111222222222 0.022199474218750036 0.014969758333333359
0 0.57335881875 0.24881555972222222 0.019902978125000016 0.028578633333333336