0 0.21202070625 0.5562903423611112 0.008773270312499993 0.020795898611111124
0 0.219331765625 0.5554238479166667 0.007798464062499999 0.02252889305555562
0 0.22615542031249997 0.5528243618055555 0.011697693750000005 0.031193854166666708
0 0.23492869101562502 0.5458923944444444 0.013647310156249981 0.03812581944444441
0 0.250038212890625 0.5467588888888889 0.026319813281250014 0.04332479166666666
0 0.27538321718750003 0.5571568409722223 0.03411827656249997 0.07798462916666667
0 0.2963415859375 0.5554238472222223 0.042891546874999964 0.10571249444444437
0 0.360678903125 0.5675547909722222 0.1247754046875 0.16463421527777777
0 0.17741502773437498 0.5554238479166667 0.017546541406250005 0.019062909722222167
7 0.7512533761718749 0.3443522513888889 0.05004306171874999 0.11335125
7 0.729588796875 0.4143848402777778 0.018661395312499975 0.059321355555555594
7 0.6765166453125 0.4575098159722223 0.007798464062499999 0.034659834722222234
7 0.67468122890625 0.49636122569444446 0.010766189062500065 0.048487729166666646