6 0.381007422265625 0.5063152333333333 0.00703939765624999 0.009385863888888934
6 0.41136482617187503 0.49771152500000004 0.006159472656250031 0.014078794444444438
6 0.42676351015625 0.5008401465277778 0.005279548437500026 0.01720741805555556
6 0.43996238164062496 0.5266512736111111 0.008799247656250042 0.009385863888888934
0 0.4142979171875 0.5435979638888889 0.007919321874999951 0.014078794444444516
0 0.42133731640624994 0.5412514986111112 0.007919321875000041 0.015643105555555554
0 0.4428954734375 0.5467265875 0.014078796875000067 0.017207416666666673
0 0.42969660117187497 0.5451622743055555 0.017598496093749992 0.029721901388888878
0 0.403298858984375 0.5443801201388889 0.01935834453125005 0.031286215277777765
0 0.36590205625000005 0.54438011875 0.025517818749999987 0.0406720791666667
1 0.32410562890624994 0.5091831298611111 0.06335458281249999 0.1548667569444444
0 0.27526980468750006 0.5514195180555556 0.0448761625 0.06413673888888896
0 0.212941792578125 0.5631518479166667 0.06511443203124997 0.06882967083333334
0 0.161906156640625 0.5498552069444445 0.047515936718750006 0.06100811666666672
0 0.102511234765625 0.5741020229166667 0.11878984296874999 0.12201623472222217
0 0.02375796875 0.5647161604166666 0.0475159375 0.04692932083333332
0 0.49759745429687496 0.5435979645833333 0.05367541015624999 0.0797798458333334
1 0.8564307613281251 0.4082850895833333 0.2824558492187501 0.8134415597222222