7 0.18916101132812502 0.5359941368055555 0.01775518515625001 0.01699641805555553
7 0.18847811953125 0.5517765229166667 0.010926267187499982 0.019424476388888855
7 0.295692121875 0.5420642868055555 0.009560482812499993 0.019424479166666626
7 0.32437357499999997 0.5007872729166667 0.025949885937500028 0.058273426388888876
7 0.323007791015625 0.5469204041666667 0.025949886718750027 0.03884895277777771
7 0.247206808984375 0.54449234375 0.013657833593750012 0.024280593055555577
7 0.5217292851562501 0.5687729395833333 0.008194699999999954 0.02428059583333327
0 0.31754465937500004 0.5839483118055556 0.020486753125000014 0.03156477361111109
0 0.29842368828125 0.5839483118055556 0.02321831875 0.03156477361111109
0 0.286131637109375 0.5875904020833334 0.015023617968750003 0.029136715277777763
2 0.26837645117187503 0.5742360729166667 0.023218317968750003 0.01699641805555561
0 0.2642791015625 0.5900184618055555 0.025949885937499983 0.02428059583333335
0 0.4609519234375 0.5869833840277778 0.01502361875 0.02428059583333335
0 0.45002565546874995 0.5906254743055556 0.02048675312499997 0.0267086513888889
0 0.530606877734375 0.6001556173611111 0.025949885156249942 0.04091281805555561
0 0.5495912828125 0.6060436680555555 0.0300472375 0.04856118888888885
0 0.5680293609375 0.6084717291666667 0.028681454687500007 0.06798566944444444
1 0.6042226203125001 0.6150274826388888 0.07102074062500004 0.08595329305555555
0 0.9372689097656248 0.61429905625 0.06555760703125006 0.06798566527777779
7 0.4233928765625 0.5620957763888889 0.010926267187500028 0.016996416666666726