0 0.38528397421875 0.5364798326388889 0.006887757812499995 0.009183676388888845
0 0.37925718671875003 0.5403063659722223 0.008609700000000008 0.013775518055555519
0 0.370647488671875 0.5403063631944445 0.01205357734375001 0.010714290277777788
0 0.370217004296875 0.5456635083333334 0.014636486718749975 0.006122449999999999
0 0.366342638671875 0.5540818826388889 0.01205357578124997 0.010714290277777788
0 0.36289876132812504 0.5625002520833333 0.012053578906249963 0.015306129166666614
0 0.350414697265625 0.5609696395833333 0.018080363281249977 0.021428581944444462
0 0.336208696484375 0.5655614784722223 0.013775514843749993 0.024489804166666653
0 0.325446574609375 0.5747451569444444 0.01808036484375002 0.027551030555555578
0 0.31812833124999995 0.5839288340277778 0.017219395312499986 0.03061225972222227
0 0.40508627890625004 0.5372451375 0.010331637500000036 0.019897969444444403
0 0.41283500625 0.5540818798611111 0.008609698437500058 0.022959193055555556
0 0.425319067578125 0.5563777993055555 0.019802303906249995 0.027551031944444384
0 0.429623916796875 0.5647961729166667 0.019802303906249995 0.03520409583333341
0 0.44382991875 0.5778063812500001 0.025829093749999997 0.0459183875
0 0.44727379687499996 0.580102301388889 0.027551032812499977 0.04132654722222221
0 0.47912968046875 0.5739798506944445 0.04649236718749998 0.08112248749999998
0 0.531648835546875 0.5778063812500001 0.09470667265625003 0.14693884305555557
0 0.19544013867187499 0.5961737361111111 0.08007018984375 0.1071429055555555
0 0.107621221875 0.6114798652777778 0.133450315625 0.15306129444444447
0 0.04132654921875 0.6566329472222222 0.0826530984375 0.1515306805555556
0 0.300047966015625 0.5946431236111112 0.03013394296875003 0.048979613888888926
0 0.6297993890625 0.6091839486111111 0.19199626093749994 0.20051029444444446