7 0.5727167097656249 0.3474489013888889 0.02272958515625003 0.04591835833333337
0 0.539123271484375 0.4324935291666667 0.016530608593749996 0.025714280555555608
0 0.522592663671875 0.4242282284722222 0.020663261718750013 0.03122448749999999
0 0.45388732148437505 0.4260649625 0.015497444531249993 0.027551019444444415
0 0.40274575000000007 0.43800373263888887 0.04959182656249998 0.08448977638888885
0 0.3660684625 0.44902413888888887 0.056823967187500025 0.10285711944444442
0 0.021696425 0.5868366097222222 0.042359685937499995 0.34714278055555553
7 0.03822703203125 0.38112236875000005 0.011364793749999996 0.027551015277777837
0 0.26421853828124997 0.46469377708333326 0.16530608906250002 0.2020407736111111
0 0.48996466328125 0.4371427625 0.06508927187500006 0.10285711944444442
0 0.1479876953125 0.42906113333333334 0.07128825000000001 0.06612243611111113