0 0.93935369375 0.3772658395833334 0.08144353593750005 0.08564954305555553
0 0.764422152734375 0.4425226319444445 0.26153699453124996 0.19984893055555555
0 0.4870553019531251 0.4221298840277778 0.020647657031250065 0.032628395833333296
0 0.5019674999999999 0.4292673430555556 0.02294184218750006 0.03466767222222218
0 0.520062369140625 0.4294258180555556 0.01657649921874995 0.05474347222222223
0 0.342521699609375 0.4455815451388888 0.07800225859375001 0.1325528625
0 0.2500660703125 0.4986026875 0.22024167343750004 0.23451660277777783
0 0.413411992578125 0.41805133333333333 0.018353471093750073 0.02854984722222219
0 0.6033704320312501 0.4476208208333333 0.07341389375 0.050981866666666695
0 0.5541782609375 0.4367139159722222 0.047765584375 0.06585368472222221
0 0.44793945703125004 0.4221298840277778 0.0401482234375 0.0530211430555555
7 0.28371410273437503 0.3351208284722222 0.020647660156250015 0.03670694583333333
7 0.5788991339843751 0.3565332125 0.01835347265624998 0.04282477222222225
7 0.510073609375 0.3432779263888889 0.009176737499999987 0.03670695000000003
7 0.3949820328125 0.38508305902777773 0.006882553124999991 0.01835347361111109
6 0.35938930742187497 0.35179732152777776 0.009748075781250032 0.017329918055555598
6 0.40520527812499996 0.3483313361111111 0.007798464062499999 0.017329916666666674