6 0.12418413007812501 0.28928584375 0.011192607031250001 0.07040819305555554
6 0.051432184375 0.3290817784722222 0.013775515624999995 0.05510206527777777
6 0.44059052226562495 0.23494908541666668 0.013775516406249988 0.06581635694444445
7 0.0578894578125 0.3727042479166667 0.026690062499999993 0.01683674027777771
6 0.050571214453125 0.42244916875000005 0.015497455468749994 0.02448980694444442
6 0.13761166484374998 0.2808674715277778 0.0111926078125 0.04744900138888886
6 0.4540180703125 0.23724500555555555 0.01377551562499999 0.05816329166666666
7 0.6147324187500001 0.3602042458333333 0.01721939531250003 0.01224490277777777
7 0.729241398828125 0.23775521041666667 0.04304848828124994 0.02448980694444442
6 0.6122725156250001 0.38440250763888884 0.006887759374999991 0.030612259722222195
6 0.729880609375 0.34755276944444446 0.022515668750000016 0.04408484444444447
6 0.7091521089843751 0.3507654604166667 0.008609697656250059 0.03826532083333329
7 0.698820471484375 0.2903062486111111 0.043048489843750024 0.027551033333333346
7 0.50473277109375 0.21734703680555556 0.08523600781249999 0.030612259722222233
6 0.622427335546875 0.41571447013888885 0.013775516406249988 0.021428581944444462
0 0.417385853125 0.46683694513888885 0.019802304687499994 0.03673470972222227
7 0.48214307421875 0.4140307986111111 0.007748726562499986 0.01224490277777777
7 0.44856525234374994 0.39719405694444443 0.007748728124999982 0.021428580555555576
1 0.379257185546875 0.44005121805555547 0.034438791406250016 0.030612261111111077
0 0.5245458355468751 0.45000020208333336 0.010331638281250033 0.012244904166666733
0 0.514214197265625 0.4507655069444444 0.00860969765624997 0.013775513888888943
0 0.50302159140625 0.45000020138888885 0.012053576562499923 0.015306130555555578
0 0.49053752812500007 0.4507655069444444 0.009470667187499959 0.016836741666666672
0 0.48020589140625003 0.4545920402777778 0.01635842656249995 0.024489808333333307
0 0.458251162109375 0.4584185722222222 0.018941335156250006 0.026020419444444404
0 0.439740312890625 0.4599491868055555 0.014636486718749975 0.032142873611111136
0 0.43070012929687496 0.4637757201388889 0.012053575781250015 0.03061225972222227
0 0.39819851992187505 0.47142878125 0.024107153906250022 0.04285716250000004
0 0.3719389421875 0.47602062083333335 0.030133942187499985 0.045918388888888884
0 0.322433180078125 0.4806124583333334 0.025829092968750002 0.045918388888888884
0 0.27249693359375 0.4783165423611111 0.036160732812499985 0.04438777638888883
0 0.22713948945312498 0.48821769236111107 0.06198982421875001 0.06887758194444445
0 0.28905984375 0.48596960347222223 0.044770428125000004 0.05663267916666667
0 0.34674481757812503 0.4798471527777778 0.049936246093750025 0.05357145277777775
0 0.5458548359375 0.44923489375 0.009470667187499959 0.013775515277777749
0 0.53423174453125 0.45000020138888885 0.012053576562500012 0.015306130555555578
0 0.56350471875 0.45994918541666663 0.018941335937500005 0.035204098611111095
0 0.0363998828125 0.5159281625 0.072799765625 0.13622455277777779