7 0.570985137890625 0.20595526874999998 0.015609885156250058 0.031015723611111115
7 0.5416018242187499 0.2394195965277778 0.011936973437499976 0.026118501388888916
7 0.385962076953125 0.1659613111111111 0.012855200781249998 0.026118502777777764
7 0.36805661953125 0.15126965347222224 0.015609885937500012 0.01958887638888888
7 0.31525847695312503 0.15453446666666665 0.014691657031249994 0.013059249999999996
7 0.3013970578125 0.1691172986111111 0.013773429687500015 0.026118502777777764
0 0.309902146484375 0.3199516520833333 0.01010051328124999 0.016324065277777758
0 0.34066280546875 0.33301090069444444 0.04774788750000001 0.052237004166666684
0 0.29934251835937503 0.31831924305555553 0.011018742968750005 0.02285368888888889
0 0.28924200429687497 0.3215840541666667 0.016528114843749987 0.026118502777777802
0 0.279141489453125 0.3256650701388889 0.016528114843749987 0.03428053472222222
0 0.26444983203125 0.3272974784722222 0.02203748593750001 0.04081015972222224
0 0.42008957695312504 0.31750304166666665 0.017446342968750007 0.034280533333333335
0 0.57729032265625 0.32403266527777774 0.10008691718750003 0.11916566388888887
0 0.6877532109375 0.33854429999999996 0.16252646093749998 0.1593825583333333
0 0.8991596261718751 0.2793872763888889 0.19909893984375007 0.38420909999999997
0 0.46079770703125006 0.3422612 0.07988588593749997 0.12079806944444442
7 0.152732015625 0.28349457013888885 0.00918228593749999 0.016324065277777758