0 0.81027358984375 0.4701081909722223 0.09243554218749991 0.09984598750000002
0 0.5300417859375 0.43890631944444447 0.016380981250000027 0.024961497222222247
0 0.514830872265625 0.4368261944444444 0.023401400781250015 0.03328199444444443
0 0.41595994492187505 0.4409864451388889 0.04329259609374998 0.05824349583333333
0 0.93371599296875 0.498189875 0.1310478578125 0.15184910833333337
0 0.483707007421875 0.4493069451388889 0.04680280703124993 0.06656399305555559
0 0.5644418476562499 0.43890631944444447 0.023401403125000008 0.029121744444444413
0 0.7124557242187499 0.45970756666666673 0.1345580703125 0.18721122777777777
0 0.601299058984375 0.44098644375 0.015210913281249993 0.02496149305555551
7 0.364359849609375 0.3068184 0.035102103906250015 0.014560874999999977
7 0.3813258671875 0.38898332708333333 0.010530631249999978 0.029121745833333375
7 0.63406102265625 0.3244994611111111 0.01989119062500002 0.024961494444444475
7 0.62704060234375 0.401464075 0.010530631249999978 0.024961497222222247
7 0.681448865234375 0.35362120694444443 0.014040841406249971 0.016640999999999986
7 0.791435460546875 0.3349000833333333 0.02340140234375001 0.012480747222222198
7 0.345638728125 0.37650257847222224 0.011700700000000008 0.012480751388888853
7 0.36026460546875 0.3785827027777778 0.00819049218750001 0.02080124722222223
7 0.4521151125 0.3858631402777778 0.014040840624999973 0.010400625
7 0.526414568359375 0.39314357361111113 0.017551053906249958 0.012480744444444428
7 0.558006462109375 0.39522370277777774 0.010530632031250065 0.008320499999999953
7 0.50535330546875 0.40978457569444443 0.012870771874999942 0.012480751388888853
6 0.30059102656250003 0.25481528124999997 0.012870771874999987 0.03536212083333332
6 0.38425104257812503 0.2953777138888889 0.009360561718749993 0.024961494444444475
6 0.5667819894531251 0.321379275 0.009360563281250034 0.018721122222222223
6 0.468496094921875 0.38690320069444445 0.00468028046875002 0.0166409986111111
6 0.47317637578125 0.40458426111111107 0.009360562500000036 0.014560874999999937
6 0.6785236906250001 0.3962637652777778 0.005850351562499956 0.022881375000000048
7 0.673843408984375 0.37650257847222224 0.01755105234375005 0.012480751388888853
6 0.247937868359375 0.3577814541666667 0.015210910156250002 0.024961494444444395
7 0.9377651480468749 0.2452183298611111 0.015596924218750096 0.04679077638888892
2 0.112851523046875 0.39549092916666667 0.22570304609375 0.7893747249999999