7 0.28171946718749996 0.5276959805555556 0.02339538750000001 0.012130941666666692
7 0.546379797265625 0.54589239375 0.014622116406250019 0.013863934722222224
7 0.24126494140625 0.5545573527777777 0.012672501562499994 0.006931966666666669
7 0.5356569109375 0.5848847076388889 0.008773270312499993 0.015596926388888871
7 0.5634389351562501 0.5744867583333334 0.005848846875000024 0.015596924999999985
7 0.5717248015624999 0.5701542777777777 0.010722885937499971 0.010397950000000043
6 0.5263962359375001 0.54069341875 0.005848846875000024 0.020795901388888816
6 0.419167373828125 0.5450258979166667 0.007798463281250001 0.025994876388888834
6 0.440125742578125 0.5701542770833333 0.004874039843749944 0.01732991527777775
6 0.49617719375 0.5718872694444445 0.005848846874999936 0.013863933333333339
0 0.47034478515624994 0.6238770215277777 0.03996712031250001 0.05198975416666664
0 0.5629515312500001 0.6238770208333334 0.04386635312499996 0.04852376666666668
0 0.9221682222656249 0.6827987402777778 0.15401963984374997 0.235686875
0 0.82566224453125 0.6290759951388889 0.18911272187500003 0.2114249902777778
0 0.713071939453125 0.6342749708333334 0.07506020390625005 0.12130942222222221
0 0.664818951171875 0.6290759965277778 0.06433731796875 0.0831836041666666
0 0.6287510609375 0.6273430048611112 0.037042698437500035 0.06585368472222221
0 0.604380864453125 0.6204110368055555 0.025345003906249986 0.05545573194444447
0 0.583909899609375 0.5944161618055556 0.03314346640624999 0.027727868055555483
0 0.5371191234375001 0.6212775340277777 0.007798464062499999 0.019062909722222247
0 0.526883640625 0.61954454375 0.012672501562500039 0.019062909722222167
0 0.516648158203125 0.6108795833333334 0.00974807890624998 0.01906290833333328
0 0.509824503515625 0.6100130875 0.00974807890624998 0.02079590000000001
0 0.50056382890625 0.6074136006944444 0.008773270312499993 0.02252889305555554
0 0.10722886406250001 0.6178115506944445 0.0779846296875 0.07798462916666667
0 0.16815435390625 0.6195445416666666 0.043866353125 0.053722741666666705
0 0.20665926367187498 0.6186780451388889 0.027294621093750006 0.0415918013888889
0 0.22810503515625 0.6108795826388889 0.021445770312500036 0.03292684027777774
0 0.26222331015625 0.6169450548611112 0.04289154218750002 0.031193851388888857
0 0.318274761328125 0.6091465909722222 0.02437019609375004 0.02946085694444444
0 0.33825832304687503 0.6108795833333334 0.017546541406250026 0.022528891666666655
0 0.353367844921875 0.6126125756944445 0.01462211953125001 0.02252889305555554
0 0.36701515390625 0.6126125743055556 0.010722885937500015 0.015596926388888871
0 0.404057851953125 0.6100130868055555 0.024370196093749998 0.03465983194444446
0 0.43378949179687504 0.61087958125 0.019496155468749964 0.025994873611111143
6 0.309014087109375 0.5268294847222222 0.00974807890624998 0.020795902777777778