6 0.33278515234375 0.43610324027777775 0.013400743750000022 0.013235302777777807
6 0.521884546484375 0.4506620736111111 0.0059558867187499585 0.02117648333333335
2 0.53454080703125 0.4837503305555556 0.05360297812499999 0.12970596944444449
2 0.44631923906250004 0.48242679930555554 0.15038613125000003 0.3229413986111111
0 0.36107561484375 0.5102209361111111 0.02829045937500001 0.05029415277777779
0 0.240468913671875 0.5036032826388889 0.031268403906249985 0.01058824305555556
0 0.299283294140625 0.49830916319444446 0.029779433593750015 0.015882368055555516
0 0.33204066835937496 0.5221327083333334 0.05360297890625003 0.06352945833333329
0 0.6841824523437501 0.5433091965277778 0.17867659374999995 0.2911766708333333
0 0.128796043359375 0.5459562548611111 0.25759208671875 0.3017649125
6 0.9086449207031251 0.37522084375000003 0.016378688281250043 0.013235301388888922
0 0.584793596875 0.5075738736111112 0.04169120468749998 0.0529412083333333
0 0.52798101640625 0.5119815909722222 0.037252390625000055 0.0687736458333334