6 0.461214840625 0.4659479402777778 0.005850351562499956 0.024961497222222247
6 0.544289821875 0.4493069444444444 0.005850351562500045 0.024961497222222247
6 0.492806733984375 0.5033901875 0.005850350781249958 0.016640997222222214
6 0.544289821875 0.4950696895833333 0.005850351562500045 0.01664099861111118
6 0.50567750625 0.5117106868055556 0.00819049218750001 0.016640995833333328
6 0.696983978515625 0.502350125 0.009360560156250041 0.014560872222222245
7 0.641405645703125 0.47322837847222227 0.00819049140625001 0.031201870833333346
7 0.828616871484375 0.39938394930555554 0.019891192968749926 0.08320498750000004
7 0.632045083984375 0.4805088138888889 0.010530632031249976 0.01248074999999997
7 0.6127389269531249 0.47322837986111116 0.009360561718750039 0.014560873611111053
7 0.6115688562500001 0.44514669374999993 0.011700703125 0.012480748611111163
7 0.610398785546875 0.41810507222222226 0.009360561718749948 0.02080125
6 0.45828966367187507 0.4992299361111111 0.014040841406249971 0.016640994444444442
6 0.41616713789062504 0.502350125 0.009360561718750039 0.014560872222222245
6 0.188003455859375 0.5054703125 0.01638098203125 0.02080124722222223
0 0.478765891796875 0.5345920590277777 0.02223133359374998 0.020801245833333266
0 0.50158226015625 0.5356321208333333 0.011700701562500004 0.022881369444444428
0 0.52732380390625 0.5356321208333333 0.007020420312499986 0.022881369444444428
0 0.53843947109375 0.5325119333333334 0.010530631249999978 0.024961497222222167
0 0.54897010234375 0.5158709368055555 0.01755105312499996 0.01664099861111118
0 0.45126924335937507 0.5345920583333333 0.023401403906250007 0.033281994444444504
0 0.388085454296875 0.5377122458333333 0.028081683593750028 0.014560874999999937
0 0.355908525 0.5377122458333333 0.019891193750000015 0.01872112222222226
0 0.23890150703125 0.5460327444444444 0.057333437499999994 0.027041622222222214
0 0.16635715703125 0.5148308736111111 0.02457147343749999 0.027041622222222214
0 0.102003297265625 0.5397923701388889 0.10179610546875 0.05616336805555559
0 0.040763534765625 0.5106706236111112 0.08152706953125 0.08112486388888895
0 0.0241936328125 0.5533131819444445 0.04680280625 0.0582434916666666
0 0.51562310234375 0.5283516833333333 0.01638098281250002 0.03328199444444443
0 0.5554054882812499 0.5335519972222222 0.025741545312499968 0.03952236944444441
7 0.8274468027343751 0.5772346166666666 0.02691161328125009 0.060323619444444414
7 0.20379940273437497 0.5210712493055556 0.012870771093749988 0.014560873611111053
6 0.265228086328125 0.5169109979166666 0.01638098203124998 0.018721120833333375
0 0.9701953621093751 0.8039682125000001 0.05733343828125008 0.2891373388888889