6 0.422538191796875 0.4002116375 0.004591141406249921 0.0212212833333333
6 0.43906630703125005 0.3993954347222222 0.004591142187500008 0.019588877777777784
7 0.561802865234375 0.3343712423611111 0.008264057031249994 0.024486095833333325
7 0.5480294375 0.3645707604166667 0.01377342812500002 0.01958887638888886
7 0.561802865625 0.3817110291666667 0.011936971875000068 0.008162030555555491
7 0.5282875222656249 0.40048370138888884 0.01101874296875005 0.013059250000000036
7 0.528746636328125 0.4135429520833333 0.006427599218749957 0.013059251388888842
7 0.9621505562499999 0.25438333194444446 0.043156743750000004 0.05713422499999999
7 0.2716426328125 0.37218865486111113 0.011936971875000025 0.013059251388888922
0 0.531103423046875 0.45821646388888887 0.016528114843749987 0.021221280555555607
0 0.5760966238281251 0.4598488708333333 0.08264057265624994 0.07345828611111113
0 0.596756766015625 0.4924969979166666 0.04866611484374994 0.11590085138888884
0 0.672235153515625 0.4884159819444444 0.14783480234375004 0.18935913888888894
0 0.7576304394531249 0.5484885409722223 0.19558268984374996 0.21874245416666668
0 0.42045687890625 0.46964330972222224 0.015609885937499967 0.0636638472222222
0 0.37224987656249997 0.46066507430555553 0.023873942187500007 0.04244256527777771
0 0.348375933984375 0.46882710555555557 0.03856560078125 0.05550181666666671
0 0.217987474609375 0.5039238430555556 0.062439542968750004 0.0767231
0 0.13497960234375 0.5202479069444444 0.13222491718749999 0.11590085277777773
0 0.049417401562500005 0.53619448125 0.09733223125 0.17303507638888885
0 0.8925691851562501 0.5989400895833333 0.21211080468749993 0.46686822083333335
0 0.31127948984375 0.4972309909722223 0.09182285781250003 0.1077388180555555
0 0.39529740625 0.4637666611111111 0.041320285937499965 0.05386941111111112
0 0.473805949609375 0.4833555375 0.10651451640624998 0.1811971083333333