6 0.623877021484375 0.25821576874999996 0.007798463281250001 0.0311938513888889
6 0.43525170312500006 0.2677472201388889 0.006823654687500014 0.039858809722222215
6 0.42745324023437503 0.26601422986111106 0.00877327109374999 0.032926843055555544
6 0.372376597265625 0.28074465972222223 0.007798461718750005 0.03812581944444441
6 0.21153330234375 0.2954750888888889 0.013647310937500023 0.06412069444444445
6 0.207634072265625 0.33879988402777783 0.025345003906249986 0.025994876388888876
6 0.7681485828125 0.3387998826388889 0.00974807812500007 0.02252889305555554
7 0.23834051875 0.3292684270833333 0.014622118749999968 0.027727865277777753
7 0.21348291875000003 0.2478178166666667 0.027294620312500007 0.017329916666666674
7 0.17351579648437498 0.28421064305555555 0.021445772656250008 0.03465983333333335
7 0.7062482843750001 0.2651477333333333 0.010722885937499971 0.017329916666666674
7 0.756450888671875 0.28247765208333336 0.01949615703125005 0.010397951388888889
7 0.757913100390625 0.3232029576388889 0.00877327109374999 0.05718872916666666
6 0.676516645703125 0.29980756875 0.007798463281250001 0.0311938513888889
7 0.68918914765625 0.32580244305555556 0.013647310937500023 0.013863933333333299
7 0.684315107421875 0.3379333861111111 0.015596925781249915 0.01386393611111111
7 0.39138535 0.2816111548611111 0.030219043750000018 0.015596926388888871
7 0.3918727546875 0.36219527083333336 0.009748078124999981 0.024261883333333383
7 0.3494686125 0.2850771368055556 0.014622118750000013 0.008664956944444432
6 0.35288043984375 0.33446740277777776 0.007798464062499999 0.031193852777777743
6 0.345569381640625 0.3587292875 0.00877327109374999 0.017329916666666712
0 0.5478420093749999 0.3959886083333334 0.019496156250000053 0.029460858333333326
1 0.563926338671875 0.3838576673611111 0.024370196093749998 0.046790776388888844
0 0.583422495703125 0.3959886097222223 0.022420580468750017 0.03639282777777776
0 0.675054433203125 0.4193839965277778 0.12185098046874998 0.15250327361111116
0 0.9432860644531249 0.44451237777777775 0.11242185078125004 0.23395388333333333
0 0.81445195546875 0.38819014722222217 0.047765584375 0.05892171666666673
2 0.5327324882812501 0.3933891215277778 0.016571732812499997 0.038125818055555524
0 0.513723735546875 0.3968551055555556 0.02144577265625003 0.02426188611111115
0 0.491790558203125 0.3951221131944444 0.01852134921875006 0.034659834722222234
0 0.476193633203125 0.4020540805555555 0.00877327109374999 0.017329916666666712
0 0.46888257343749995 0.40118758541666666 0.009748078124999981 0.02946085972222221
0 0.461084110546875 0.4003210895833333 0.007798461718750005 0.027727868055555563
2 0.442562762890625 0.39165613055555554 0.03119385078125001 0.04852376944444438
0 0.1540196390625 0.4696407590277778 0.18131425937499998 0.16636720694444448
0 0.012672501953125002 0.46964075625 0.025345003906250003 0.06931966805555557