6 0.27443521210937505 0.20444037430555556 0.017152200781249995 0.05682749305555556
6 0.681020334765625 0.28552350555555556 0.014813264843749962 0.049897311111111106
6 0.78724956796875 0.32225346944444444 0.010530284374999966 0.04296712777777781
6 0.599157558203125 0.37838794375 0.007016810156249953 0.01940450972222223
6 0.7044097 0.3770019083333333 0.008576099999999975 0.016632438888888934
6 0.259232124609375 0.20721244652777776 0.011694682031250014 0.045739204166666686
6 0.6685460078125 0.28205841111111113 0.008576101562499971 0.040195055555555546
6 0.007796455078125 0.3174023423611111 0.01559291015625 0.04435316805555555
7 0.948438737890625 0.3007699034722222 0.02416901015625008 0.02772072916666666
7 0.95857412890625 0.3326487423611111 0.05535482968750003 0.030492801388888876
7 0.63190266953125 0.3610624881944444 0.019491137500000023 0.029106762499999977
7 0.171522007421875 0.16771040833333334 0.03586369140625001 0.047125238888888886
1 0.43231342460937494 0.41788998194444443 0.06315128515625004 0.09286443888888887
0 0.578762102734375 0.4463209972222223 0.08473201328125005 0.11639252222222222
0 0.6572411476562501 0.44768976458333337 0.024948656250000045 0.052669384722222254
0 0.76600169296875 0.4636291826388889 0.03352475624999993 0.0540554208333333
0 0.7500189609375 0.4553129659722222 0.02338936406250003 0.03465090972222226
0 0.73988356953125 0.4400665652777778 0.02962652812499993 0.026334691666666684
0 0.67751193046875 0.4206620569444444 0.021830073437500007 0.012474327777777777
0 0.70324023125 0.4878848208333333 0.09043887656249998 0.12751534999999994
0 0.52768452578125 0.5599587166666666 0.21389380781249995 0.29383972222222227
7 0.785492830859375 0.36591361666666666 0.019491136718750024 0.013860363888888906