6 0.027458181640625003 0.3147019756944444 0.02112168828125 0.05721854305555555
6 0.5177830812499999 0.4461258125 0.012069535937500042 0.044701986111111106
6 0.4916324203125001 0.45506620833333333 0.026150662499999998 0.0339735083333333
6 0.04556248671875 0.31023177569444443 0.015086920312499997 0.06258277916666669
6 0.24772721289062502 0.5319536222222223 0.005028972656249975 0.016092713888888867
6 0.21151860546875004 0.530165542361111 0.005028971874999977 0.016092715277777753
7 0.037013231640625 0.4845695180555555 0.026150661718750003 0.017880794444444428
7 0.46497886132812505 0.24675495763888888 0.03520281328125004 0.0715231763888889
7 0.468499142578125 0.31559601388888886 0.03017383984374993 0.0518543027777778
7 0.48710634453125 0.3576158798611111 0.033191225000000026 0.01788079305555558
7 0.46548175859374996 0.3996357451388889 0.012069535937500042 0.016092715277777753
7 0.47252232148437495 0.4219867395833333 0.03017383984374993 0.021456951388888888
1 0.28745610273437505 0.5391059409722222 0.04023178515625001 0.041125823611111105
0 0.2411895484375 0.5605628944444444 0.022127482812499988 0.016092713888888867
0 0.28997058906250006 0.5534105770833334 0.011063740624999995 0.026821190277777796
0 0.31058938007812503 0.5578807756944444 0.02816224921874997 0.035761587500000046
0 0.27136338828125 0.5873840826388889 0.1046026453125 0.06258277916666673
9 0.15519410390625002 0.5668211708333334 0.017098509374999994 0.057218541666666706
9 0.115465215234375 0.5668211694444445 0.014081125781250004 0.04649006388888889
0 0.063666790625 0.6401324256944444 0.125724334375 0.24675495694444444
0 0.007845186328125 0.8386092402777778 0.012069536718750001 0.2038410527777777