7 0.7856951238281249 0.5848847076388889 0.06238770234375002 0.09878052916666667
0 0.54589239375 0.6628693347222222 0.08968232187499998 0.10571249444444437
0 0.6336250999999999 0.6438064263888889 0.07798462812500002 0.07451864444444449
0 0.7681485828125 0.6576703597222222 0.09748078437499999 0.06412069444444445
0 0.8831759082031251 0.6325419798611112 0.0799342429687501 0.05198975138888894
0 0.9645723636718749 0.6316754840277778 0.06336251015624991 0.060654709722222186
0 0.48204247968749997 0.6507383930555556 0.06726174062499997 0.06412069444444445
0 0.418679969921875 0.6412069395833333 0.06921135703125003 0.06931967083333335
0 0.352393036328125 0.6542043763888888 0.07116097265625002 0.057188727777777774
0 0.33825832304687503 0.6230105263888889 0.04874039296875003 0.03292684444444447
0 0.22469320859375 0.6230105256944445 0.1920371453125 0.19582806527777782
0 0.1135651140625 0.6516048895833333 0.05361443125 0.09011557083333335
0 0.055564047265625006 0.6568038638888889 0.10332963203125001 0.1490372888888888
0 0.02095836875 0.6957961784722222 0.03801750625 0.08145061250000005
6 0.13891011796875002 0.39945459375 0.012672501562500016 0.05372274583333336
6 0.347518996875 0.45664332013888886 0.010722885937500015 0.039858809722222256
7 0.5078748882812499 0.5302954680555555 0.013647310937499935 0.01386393333333326
6 0.846620613671875 0.5623558145833333 0.01462211640624993 0.025994873611111143
7 0.850032441796875 0.476572725 0.01949615703125005 0.017329916666666632
7 0.7861825277343749 0.6750002770833333 0.016571733593749992 0.05718872638888889