0 0.0951535984375 0.6359503444444444 0.190307196875 0.39939652222222227
0 0.24950258789062502 0.6031418930555555 0.21406009765625003 0.2189764388888888
0 0.5243874484375001 0.5091733701388889 0.01076279843749992 0.034015756944444475
0 0.513624649609375 0.5081103777777778 0.013154530468749925 0.04039371388888892
0 0.49867631914062505 0.5102363638888889 0.021525596093750023 0.04039371388888892
0 0.48492385507812497 0.5187403020833333 0.03228839453125003 0.06165356250000005
0 0.455625126953125 0.5240552631944444 0.06218505703124997 0.07653545416666666
0 0.432903664453125 0.5516930659722222 0.06696852265624997 0.09779530416666668
0 0.38327520429687495 0.5612599986111112 0.10164864921874997 0.12968507500000004
0 0.5668407082031249 0.4996064375 0.019133863281250017 0.03188977222222225
0 0.585974571875 0.5006694298611111 0.019133864062500016 0.029763787500000027
0 0.6051084355468751 0.5134253388888889 0.019133863281250017 0.03826772777777781
0 0.6224484984374999 0.5166143173611111 0.025113195312499937 0.05314962083333338
0 0.6457678945312499 0.5229922708333333 0.021525596875000018 0.0446456805555556
0 0.6720769578125 0.5272442395833333 0.035875993750000036 0.06590552916666666
0 0.9052709207031249 0.5995277236111111 0.1877510367187499 0.321023711111111
0 0.720509549609375 0.5463781041666667 0.09327758515625 0.10417325833333335
0 0.54950064453125 0.49322848402777775 0.014350398437500012 0.01913386527777779
0 0.533954380859375 0.4911025 0.014350397656250014 0.023385833333333356
6 0.551294443359375 0.46877965624999995 0.004783466406250003 0.01700787916666668
6 0.584180772265625 0.47728359513888885 0.0059793320312500065 0.017007876388888912