0 0.428706452734375 0.4280761173611111 0.009667967968750002 0.017187495833333344
0 0.41947793828125 0.42495111944444447 0.007031248437500004 0.0203125
0 0.412007235546875 0.4249511180555556 0.013183591406250006 0.02656249444444446
0 0.407612704296875 0.42885736736111113 0.013183591406250006 0.024999995833333344
0 0.40014200312500003 0.42963861875000003 0.015820310937500047 0.029687498611111116
0 0.3860795046875 0.4358886173611111 0.02812499687500005 0.03906249583333334
0 0.3227982625 0.4507323652777778 0.03339843281250001 0.06874999166666669
0 0.294673265625 0.44838861597222224 0.03867187031250001 0.07343749027777781
0 0.270503346875 0.45698236597222225 0.044824212500000016 0.0874999902777778
0 0.202388120703125 0.44682611597222227 0.11425779765625 0.14218748194444442
0 0.0837357921875 0.4874511104166667 0.16699216562500002 0.18906247638888887
0 0.48144081992187504 0.42104486944444447 0.007910155468750003 0.01562499722222223
0 0.49198769453124996 0.4257323694444445 0.011425779687500004 0.01875
0 0.503413474609375 0.4272948673611111 0.011425780468750002 0.018749995833333345
0 0.515278707421875 0.4343261166666667 0.017578122656250007 0.01718749722222223
0 0.524507221875 0.4397948659722222 0.014941404687500003 0.021874995833333345
0 0.541206437890625 0.44838861597222224 0.03076171484375001 0.03906249583333334
0 0.569331434375 0.46479486458333336 0.025488278125000007 0.05624999305555557
0 0.5913040878906249 0.4702636145833334 0.03076171484375001 0.060937493055555576
0 0.619429084375 0.47807611249999993 0.04833983750000002 0.07656248888888884
0 0.6827103265625001 0.49135735972222216 0.10458982968749994 0.13437498055555552
0 0.46078652695312494 0.42416986944444446 0.02109374609375001 0.03124999722222223