7 0.9352115914062502 0.17570342569444444 0.0631059875 0.12153745416666667
0 0.031102453515625 0.33547312847222227 0.061822433593750004 0.05963623194444448
0 0.09642786445312498 0.3355719222222222 0.05153655390624999 0.04487536666666665
1 0.152171483984375 0.32435307916666667 0.03050122578125001 0.048614980555555534
0 0.186353893359375 0.3308974034722222 0.012621197656249982 0.024307490277777788
1 0.33570472617187497 0.32809269375 0.05258832109374998 0.09722996250000003
0 0.38513774960937497 0.33557192152777776 0.008414132031249988 0.014958454166666652
0 0.397233065625 0.34118134375 0.024190631250000028 0.041135754166666615
0 0.415638976953125 0.33837663194444445 0.012621196093749986 0.02804710555555556
0 0.4408813703125 0.37764257916666666 0.06731305000000001 0.09536015833333329
0 0.46191669921875 0.3383766333333333 0.029449459375000053 0.05796401666666667
0 0.48084849335937496 0.34866057083333335 0.018931794531250025 0.04861498333333335
0 0.501883821875 0.3421162493055555 0.04207065624999995 0.0804016986111111
2 0.559205091796875 0.33557192569444444 0.09991781015625004 0.15332417638888887
0 0.64282052421875 0.3916661298611111 0.09465897812500002 0.10844880416666665
6 0.32886824453124996 0.26638906319444444 0.009465896875000013 0.011218840277777769
7 0.07907371796875 0.22992782777777776 0.0357600578125 0.01308865000000002
7 0.452976684375 0.31015955486111113 0.015776498437499953 0.01682826249999998
6 0.416508798828125 0.2584384229166667 0.008607528906250028 0.023803540277777754
6 0.013867686328125 0.2363351361111111 0.01052031484375 0.020403033333333355