0 0.06354110742187499 0.6701486104166666 0.12708221484374999 0.21760771527777775
0 0.17191182968750002 0.6257954465277777 0.08498135624999999 0.1399896791666666
0 0.23545293828125002 0.6396558111111111 0.038982275 0.07623200555555557
0 0.29431617265625 0.6209443194444445 0.05379553750000001 0.05544145833333332
0 0.33797631953125 0.623023373611111 0.035084046875 0.04573920277777772
0 0.37337223203125003 0.6126281 0.0310299046875 0.024948655555555553
0 0.39863275312499996 0.6112420638888889 0.016372554687499985 0.024948655555555553
0 0.42942875078125003 0.6070839541666667 0.00935574531250003 0.019404508333333344
0 0.443072545703125 0.6112420638888889 0.016372553906250076 0.022176583333333295
0 0.4637331515625 0.6202513013888888 0.02027078281249999 0.04019505833333328
0 0.48694058398437495 0.6254152472222223 0.023753230468749997 0.06035996666666669
0 0.5128508171874999 0.6320326111111112 0.026507946874999976 0.0637576777777777
0 0.5374096507812499 0.645892975 0.02105042812500004 0.06098560277777775
0 0.57405296484375 0.6639114493055556 0.05223624843749999 0.08593425972222227
0 0.673067941796875 0.6930182111111112 0.14267512421875006 0.14691986111111122
0 0.8736447410156251 0.7193885145833333 0.25068199609374997 0.3088801402777777
0 0.419683169140625 0.6086085916666666 0.010135391406249994 0.020790547222222164