6 0.3189567953125 0.5287786152777778 0.006694745312500005 0.02040303611111109
6 0.37729671875 0.5355796263888889 0.0028691765625000086 0.017002530555555576
7 0.30221993124999996 0.5236778555555556 0.00956392343750001 0.017002527777777804
7 0.25105294921875 0.49392343194444444 0.018171451562499996 0.028904297222222257
7 0.40040953515624994 0.5508819013888888 0.007651137499999993 0.006801011111111106
7 0.39419298515624995 0.5449310152777778 0.008607528124999986 0.015302272222222198
0 0.22379577265625 0.5581079750000001 0.034430118750000016 0.044206575
0 0.237663458984375 0.5708598708333332 0.025822589843749987 0.03570531111111113
0 0.1673686328125 0.5785110090277777 0.03825568749999999 0.0374055625
0 0.4298982890625 0.5708598694444444 0.04303764843749995 0.08331238333333334
1 0.34956134570312497 0.5530072166666667 0.05068878515624999 0.10881617777777777
0 0.48632542812500007 0.5972137888888889 0.0889444734375 0.11901769444444446
0 0.030604550390625002 0.5840368291666667 0.040168472656249996 0.030604550000000015
7 0.148718984765625 0.42761357361111113 0.021997019531249995 0.045906824999999984