7 0.9324037046875 0.14210532152777777 0.041916737500000065 0.05545573472222222
0 0.7111223234375 0.5250964923611111 0.19398676093749997 0.20102704027777776
0 0.310476298828125 0.5120990548611111 0.11795174921874998 0.11611044583333331
0 0.37968765585937503 0.49216965000000007 0.055564047656250004 0.0623877027777778
0 0.39577198515624995 0.47570622916666666 0.04679077656249997 0.07105266111111111
0 0.582935091796875 0.4783057166666667 0.07018616484375002 0.07625163611111113
0 0.8929239871093749 0.4817716993055555 0.20665926328124992 0.11784343750000004
0 0.532245083984375 0.4679077659722222 0.03119385078124992 0.0415918013888889
0 0.514698542578125 0.4687742618055556 0.013647310156250026 0.02946085972222221
0 0.424041412890625 0.4748397326388889 0.025345003906250073 0.05545573472222224
0 0.43281468320312494 0.46617477430555554 0.019496155468749964 0.04159180138888882
0 0.44987382070312504 0.4705072534722222 0.014622117968750015 0.0329268430555555
0 0.46010930312500004 0.46270879097222223 0.01169769374999996 0.017329918055555518
1 0.506900080078125 0.44711186597222224 0.025345003906249986 0.04852377083333334