0 0.2441988078125 0.3822735034722222 0.022953414062499976 0.03230480416666666
0 0.46544421757812504 0.37490573611111117 0.011476705468750037 0.01870277777777771
1 0.131982122265625 0.38850775972222223 0.09181364921875 0.10031491388888887
0 0.44998252421874996 0.3746223659722222 0.012433098437499979 0.01700252916666669
0 0.471023153125 0.3763226173611111 0.01434588437500004 0.01700252916666669
0 0.43563664179687506 0.3763226173611111 0.01243309765624998 0.01700252916666669
0 0.42415993515625 0.3763226173611111 0.00860752812500003 0.01700252916666669
2 0.480427687109375 0.3655543479166667 0.01530227421874999 0.034005054166666646
7 0.22379577187500002 0.3066122555555556 0.08607529687500001 0.09861466111111115
7 0.379687699609375 0.3508188284722222 0.007651138281249992 0.02040303194444443
7 0.393077190234375 0.3423175631944444 0.015302274218750033 0.01700252638888888
7 0.057861728125 0.2550379173611111 0.0468632171875 0.12241819861111113