6 0.46507438515625 0.4581750402777778 0.00479857500000005 0.01919429999999996
6 0.48186939765625 0.45924139027777783 0.00479857500000005 0.02132699999999998
6 0.508861383203125 0.45710869027777773 0.005998221093750011 0.017061599999999937
7 0.47707082226562497 0.44751154027777773 0.009597149218750012 0.01919430000000004
7 0.316318559375 0.3867295902777778 0.028791449999999986 0.04691940000000001
7 0.792577130078125 0.05402838819444445 0.09357221328124998 0.1066349986111111
7 0.44588008515625 0.41445469027777776 0.01439572499999997 0.008530800000000009
0 0.45547723515625 0.48270109027777774 0.02399287499999998 0.034123200000000034
0 0.41948792265625007 0.4880328395833333 0.02399287499999998 0.03199049861111105
0 0.38949682890625004 0.4880328409722222 0.016795012499999994 0.02345970138888889
0 0.3711860109375 0.48971710625 0.01856197656249998 0.026828231944444447
0 0.31534591328125 0.49483427499999993 0.04604045781249999 0.0498587694444444
0 0.28272853593749997 0.4922982409722222 0.026392162500000003 0.03625590138888894
0 0.234742784375 0.5093598409722222 0.03119073750000001 0.04052130138888891
0 0.19695400624999998 0.4965636402777778 0.05158468125 0.040521300000000024
0 0.153167009375 0.49976269027777775 0.023992875000000004 0.04265399999999996
2 0.070585286328125 0.4720375902777778 0.14117057265625 0.1236966
0 0.481269575390625 0.48590014027777784 0.03478966796874996 0.044786699999999985
0 0.540651943359375 0.4816347402777778 0.021593588281249954 0.040521300000000024
0 0.97207534375 0.45410276527777776 0.055849312500000005 0.053703750000000064