6 0.255283633203125 0.3515622583333333 0.00659179296875001 0.037499975000000026
6 0.6059669863281251 0.22499984583333332 0.014501942968750025 0.06562495277777777
6 0.516977790625 0.45234343819444445 0.005273434375000008 0.02812497916666672
6 0.06280329765625 0.2953122979166667 0.011865226562499998 0.056249962500000014
6 0.2658305015625 0.3585935034722222 0.009228509375000016 0.03749997361111114
6 0.586191609765625 0.22851546875 0.01713866015624994 0.07265619861111108
6 0.68375013671875 0.3597653777777778 0.014501943749999935 0.05390621388888894
0 0.024970152734375 0.6550776763888889 0.04957776328125 0.33515601944444445
0 0.11224174023437498 0.5121090222222222 0.06591792421875001 0.05859370833333336
0 0.34625036796875 0.6281245680555555 0.2702634859375 0.48749966388888877
0 0.714072380859375 0.5636714875000001 0.08833001640624998 0.0539062138888889
0 0.6303566187499999 0.5531246180555556 0.09755852812500007 0.06562495555555559
1 0.892450353515625 0.4992184069444444 0.21305487109375001 0.9984368138888888
7 0.0647808359375 0.3749997423611111 0.010546867187499998 0.02343748472222226
7 0.682431777734375 0.22031234791666665 0.030322244531249966 0.06562495416666667
7 0.8960058496093751 0.2800779326388889 0.030322244531250143 0.03046872916666668
7 0.888095698828125 0.3035154166666667 0.01713866015624994 0.04453121944444444
7 0.8604101699218749 0.3539060069444444 0.017138658593749946 0.08906243888888889
7 0.8729345761718751 0.37499974375 0.058007771093750014 0.046874968055555515
0 0.0614849390625 0.4886715375000001 0.0408691125 0.04453121944444444