7 0.733054673828125 0.29794358819444444 0.018371977343749978 0.02830645138888891
7 0.5352497109375 0.37016133819444436 0.01959677656250003 0.013064518055555554
0 0.7508142531249999 0.5410809541666667 0.19596776718749992 0.19377470000000002
0 0.335607547265625 0.4463710256944444 0.04164315078125003 0.07403226805555553
0 0.27865441367187505 0.44637102430555553 0.030619963281250006 0.047903231944444416
0 0.25477084335937505 0.46814522152777777 0.05389113671875001 0.09145162638888887
0 0.147600969921875 0.4191532798611111 0.037968755468750004 0.019596776388888848
0 0.18128292968749998 0.42459682986111114 0.04654234374999999 0.021774198611111076
0 0.21006569609375 0.4855645784722223 0.086960696875 0.11758065972222222
0 0.12126780156249999 0.5204032930555555 0.1812701859375 0.1872580888888888
0 0.037362728515625 0.5715726534722222 0.07472545703125 0.28088713194444437
0 0.015928754296875 0.4300403784722222 0.03185750859375 0.05443549305555556
2 0.167810145703125 0.39520166250000005 0.041643150781249985 0.0457258083333333
2 0.090349341015625 0.4093548923611111 0.13287523671875 0.07838710694444444
0 0.438490625 0.5015323256944444 0.18616937812499995 0.35709682083333344