0 0.88707513984375 0.6775997652777778 0.10138001562499994 0.09704753611111114
7 0.47375661328124996 0.6282095006944445 0.009748078124999981 0.019062909722222247
0 0.44110055 0.66893480625 0.006823654687500014 0.017329918055555518
0 0.453773051953125 0.66893480625 0.016571732031249998 0.03812581805555561
0 0.47570622890625 0.67673326875 0.03509308281250005 0.060654709722222186
0 0.4971520015625 0.6845317319444444 0.03509308281249997 0.07278565277777783
0 0.5376065269531249 0.6905972020833333 0.06726174140624996 0.1195764263888889
0 0.42501622070312506 0.6602698472222223 0.011697694531250047 0.017329916666666632
0 0.414780738671875 0.66373583125 0.016571733593749992 0.020795901388888892
0 0.39430977382812504 0.6706677979166668 0.02047096484375004 0.02426188472222219
0 0.371889193359375 0.66893480625 0.03021904296875002 0.045057784722222195
0 0.349468612890625 0.6827987402777778 0.02631981171875002 0.062387702777777714
0 0.32217399296875 0.6905972027777778 0.05556404687499996 0.08491659444444453
0 0.2646603296875 0.7079271201388888 0.08285866562499997 0.12997437916666665
0 0.026319811718750002 0.6550708722222223 0.052639623437500005 0.09704753611111114
0 0.11892655703124999 0.7460529381944444 0.23785311406249998 0.30327355138888884
1 0.648734621484375 0.717458575 0.20763407109375 0.24955080833333332
0 0.9782196734374999 0.9254175819444445 0.04191673749999989 0.14210532222222222