6 0.43030665390625 0.3491624277777778 0.015077321875000039 0.030927841666666702
6 0.553244818359375 0.337966475 0.012757733593749964 0.041525624999999955
6 0.35492004218749995 0.4295748118055556 0.010438145312500025 0.022680415277777793
6 0.514971615234375 0.4326675986111111 0.010438146093749979 0.020618561111111135
6 0.5758608023437499 0.43472945416666664 0.009278351562500032 0.020618561111111135
6 0.60659534140625 0.43472945416666664 0.01043814531249998 0.020618561111111135
6 0.563103067578125 0.3409150048611111 0.011597939843750016 0.04329897638888885
7 0.277793741796875 0.3223583006944445 0.025515467968750018 0.035051551388888866
7 0.36187880820312496 0.3471005729166667 0.02899485078124999 0.022680415277777755
7 0.60253606328125 0.3924614048611111 0.01855670468749997 0.014432993055555541
7 0.594417505859375 0.37596655625 0.011597941406250012 0.01443299027777777
7 0.6077551359375 0.34091500416666665 0.05914949531250002 0.02268041388888887
0 0.49697173164062497 0.4701031701388888 0.010438146093749979 0.022680415277777793
0 0.512628950390625 0.4690722423611111 0.013917528906249999 0.016494848611111165
0 0.525386684765625 0.4649485305555555 0.011597939843750016 0.0164948472222222
0 0.48479389453124994 0.4721650263888888 0.013917528125 0.026804127777777766
0 0.47725523359375 0.4793815215277778 0.015077321875000039 0.03711340694444445
0 0.46333770546875 0.4835052347222222 0.024355674999999976 0.049484544444444445
0 0.448840280078125 0.5072165784722222 0.02319588046874994 0.07216495972222224
0 0.42332481171875 0.5226804986111111 0.06030928750000002 0.111340225
0 0.3612758328125 0.5484536993055555 0.12177837031249998 0.17113405138888882
0 0.6286314281250001 0.5264820458333334 0.04523196562500002 0.12989692777777784
0 0.68024226171875 0.5584408125 0.10438145937499996 0.1690721916666667
0 0.2232603453125 0.5948454597222222 0.26559282500000003 0.2783505638888888
0 0.784754990234375 0.6042385236111111 0.21048914609375 0.2507019861111111
0 0.07046902421875 0.6677191819444446 0.1409380484375 0.35463923333333336
0 0.9058184105468751 0.6750002770833333 0.18671926328124985 0.5389604263888889
0 0.52424996796875 0.48627585277777774 0.028994851562500035 0.04948454166666667
1 0.5395561425781249 0.4618422951388889 0.016571733593749992 0.02252889305555562
0 0.55320345234375 0.4713737493055556 0.01072288593750006 0.020795901388888892