7 0.5646582453125 0.39779245486111103 0.014033617187500003 0.03742298472222221
7 0.653927653515625 0.33195572083333336 0.017931846093750002 0.06098560000000002
7 0.653927653515625 0.3790809631944444 0.017931846093750002 0.027720729166666697
7 0.628589175 0.36244852708333336 0.007796453125000014 0.016632437500000048
0 0.4968290878906251 0.46155012986111105 0.010915036718750049 0.01247432638888889
0 0.43796585468749993 0.44976882430555554 0.01169468437499992 0.02494865694444444
0 0.445762308203125 0.45184787777777774 0.010135391406249994 0.020790550000000015
0 0.30425665273437497 0.4795686041666667 0.07016809453124999 0.0956365138888889
0 0.24227483359375 0.4934289680555556 0.12084505000000004 0.12335724166666663
0 0.12337889921875 0.533624023611111 0.24636797500000002 0.2176077222222222
0 0.542828171484375 0.4560059833333333 0.020270783593749987 0.05405542222222227
0 0.550234804296875 0.4546199479166666 0.017931846093750002 0.0623716375
0 0.5638786015624999 0.4560059840277778 0.02338936406249994 0.06237164305555554
0 0.593894951171875 0.45115485555555557 0.05691411953125005 0.08316218611111113
0 0.619233430859375 0.4601640923611111 0.06704951171875004 0.059599568055555587
0 0.482795469140625 0.4566990013888889 0.014033619531249996 0.016632438888888934
0 0.9142841214843749 0.5869864263888889 0.17143175703125008 0.24948655555555554
0 0.389238010546875 0.4802616215277778 0.08887958515624997 0.1413757180555556