7 0.1047138046875 0.3295065798611111 0.027976974999999994 0.044407893055555585
7 0.107711337109375 0.3694736861111111 0.013988486718749993 0.021315788888888833
7 0.189643904296875 0.29753289513888886 0.025978617968750006 0.02664473750000001
7 0.19014349218749999 0.3215131597222222 0.024979440625000016 0.01776315833333331
7 0.27157646953125003 0.2939802652777778 0.065945721875 0.0799342111111111
7 0.336523016015625 0.3623684236111111 0.02198190859375 0.035526313888888855
7 0.336023426953125 0.39700658125 0.014987663281250008 0.01598684305555559
7 0.39847202890625005 0.3375000020833333 0.025978617187500008 0.04263157916666667
0 0.25159291640625 0.4449671076388889 0.04196545937499998 0.044407895833333315
0 0.16266610742187498 0.4254276340277777 0.04396381640625 0.037302631944444505
7 0.0717409421875 0.3525986861111111 0.029975329687500007 0.012434211111111142
7 0.06025039921874999 0.3739144756944444 0.04496299375 0.030197368055555528
7 0.311451106640625 0.32060346875 0.020470964843749995 0.034659834722222234