0 0.094474978515625 0.5906248631944444 0.18614545390624998 0.34845771527777775
0 0.5544032871093749 0.5310644159722222 0.08483572578124994 0.0934602236111111
0 0.380473288671875 0.5051541034722222 0.02588777890624998 0.04163959861111108
0 0.355818261328125 0.5172076722222222 0.016025767968750014 0.026298691666666704
0 0.318219345703125 0.5139203381944444 0.019724021093750023 0.024107140277777796
0 0.178918443359375 0.5161118958333334 0.04684455078125001 0.07670452777777778
0 0.30185683710937494 0.5112808006944445 0.017931999218750015 0.01882806527777782
0 0.40636106601562505 0.5029625506944444 0.016025766406249975 0.024107140277777717
0 0.4538219953125 0.49857942986111115 0.017258521874999922 0.028490251388888846
7 0.665870461328125 0.3639685833333334 0.07146910703125 0.05225745833333334
0 0.22529031171875 0.5288430618055555 0.04343368437499997 0.04080323194444446