0 0.14084640078125 0.30819011319444445 0.12701786249999997 0.10926267916666667
0 0.451562141015625 0.27905339791666667 0.05736290703125002 0.08983820138888889
6 0.384326017578125 0.05202983263888889 0.011551733593750012 0.04856119027777777
6 0.56697084375 0.04474565625 0.006828917187499961 0.04370507083333334
6 0.39777043984375 0.05116267708333334 0.014710125000000041 0.050989248611111114
6 0.579262894921875 0.04752058819444445 0.006828917968749959 0.04370507083333334
6 0.634961314453125 0.17984983194444443 0.017157777343749993 0.026708652777777765
6 0.23508546015625004 0.1800816736111111 0.02321831875 0.0311010888888889
6 0.37872060859375 0.2183519097222222 0.015479385937500024 0.021852536111111102
7 0.225524975 0.07631042708333333 0.03687615468750001 0.019424476388888886
7 0.25625510429687504 0.13458385694444444 0.03824193671875 0.01942447499999999
7 0.632528451171875 0.12487162013888889 0.025949886718749936 0.01456835694444444
0 0.539655174609375 0.2705551888888889 0.015023617968750003 0.01942447500000001
0 0.68770521171875 0.2336717076388889 0.09360345156249998 0.06328120694444447
0 0.7911963515625 0.2559373173611111 0.026367168750000048 0.04218747083333333