0 0.50073034609375 0.5764906888888889 0.08467857500000005 0.1553958083333333
0 0.7636436640625 0.6432623236111111 0.17345450000000007 0.20638505833333332
0 0.628431100390625 0.5813468069444444 0.05326555546874996 0.06312954722222218
0 0.59496940546875 0.5728485979166666 0.0300472375 0.06555760694444446
0 0.555361683984375 0.5862029256944444 0.01365783515625001 0.029136715277777763
0 0.569702411328125 0.5789187472222223 0.012292050781250018 0.03399283611111115
6 0.41605177031250007 0.49792562847222227 0.010926268750000023 0.04613313194444441
6 0.55399590078125 0.4445083173611111 0.00546313281250006 0.04127700972222222
6 0.655746769921875 0.46393279375000007 0.009560483593749947 0.041277012499999995
6 0.5478498753906249 0.4408662291666666 0.006828917968749959 0.04370506944444443
6 0.5601419265625001 0.4469363777777778 0.006828917187499961 0.0461331305555556
7 0.8968075535156249 0.38224592569444443 0.0327788039062499 0.06798566805555559