6 0.22713022812499997 0.34486535347222225 0.011697693750000005 0.04852376805555557
6 0.48545430703125003 0.21315798263888888 0.009748078124999981 0.06931967083333335
6 0.502026040234375 0.21402447847222222 0.013647308593750029 0.05718872638888889
7 0.595607594921875 0.24608482361111111 0.06433731796875 0.024261883333333303
6 0.90169725703125 0.18543011458333333 0.031193850000000013 0.045057784722222195
7 0.425503624609375 0.42544946805555556 0.00877327109374999 0.015596927777777757
7 0.535169506640625 0.42371647638888893 0.011697694531250047 0.012130944444444383
6 0.487891326953125 0.4297819493055556 0.010722886718750057 0.020795901388888892
6 0.454260456640625 0.4384469069444445 0.007798463281250001 0.017329916666666712
0 0.49958902109375 0.4427793854166667 0.012672501562499949 0.02252889027777777
0 0.48691651914062495 0.44797836041666667 0.014622117968750015 0.025994873611111143
0 0.46936997812500003 0.44624536875000004 0.018521350000000058 0.025994873611111066
0 0.45669747578125 0.44971135138888896 0.01072288593750006 0.022528891666666655
0 0.436713914453125 0.45404383333333337 0.015596924218749919 0.027727866666666677
0 0.40552006484375 0.4575098159722223 0.04289154531249997 0.04852376805555557
0 0.3709143859375 0.46270879166666673 0.028269428124999996 0.03465983611111112
0 0.340695341015625 0.46617477430555554 0.024370196093749998 0.031193851388888937
0 0.506900079296875 0.4575098173611112 0.015596925781250003 0.031193851388888937
0 0.518597774609375 0.46704126944444446 0.01949615703124996 0.029460858333333326
0 0.532245084765625 0.4696407576388889 0.02144577265625003 0.03465983472222215
0 0.551741240625 0.48090520347222226 0.03509308281249997 0.04332479305555555
9 0.5000764249999999 0.46444178124999996 0.01169769374999996 0.020795901388888892
0 0.032168658984375 0.4999681125 0.06238770234375 0.0745186444444444
0 0.210558494921875 0.5198975159722222 0.25150042421875 0.28421064305555555
0 0.8519820566406249 0.5337614513888889 0.2885431226562501 0.46790776666666667
0 0.083833473828125 0.4817716993055556 0.015596925781249993 0.05545573750000001
0 0.44743680117187506 0.45144434513888887 0.009748078906250068 0.019062906944444475