7 0.2943263390625 0.41398414652777776 0.012292051562500017 0.03156477361111109
7 0.407003475390625 0.39091758055555553 0.010926267968750025 0.01942447499999997
7 0.40222323359375 0.4042719076388889 0.009560484374999945 0.026708654166666672
7 0.53811868984375 0.37027907569444446 0.010926267187499939 0.01699641805555561
7 0.539484473046875 0.38970354999999995 0.010926267968749936 0.021852536111111064
7 0.50807145234375 0.3690650458333333 0.030047235937500007 0.01942447777777782
7 0.38105358984375004 0.40062981875 0.0081947 0.019424476388888855
0 0.24037789101562498 0.42612444444444453 0.016389400781249997 0.016996416666666646
0 0.31413019921875 0.42612444444444453 0.016389401562499996 0.016996416666666646
0 0.391296965234375 0.41277011666666663 0.00956048515625003 0.01942447499999997
7 0.517119746875 0.38831607500000004 0.016389401562499996 0.021852533333333292