6 0.332505682421875 0.21196484236111113 0.005738352343749975 0.02040303194444443
6 0.340156819140625 0.2102645888888889 0.007651138281249992 0.023803538888888868
6 0.18569948046875 0.21848248194444445 0.008607529687499981 0.025503791666666664
6 0.265558229296875 0.2575882958333333 0.009563921093749973 0.022103286111111113
0 0.23064991406250002 0.3057621277777778 0.016258667187499975 0.02890429722222222
0 0.17852654023437503 0.3210644020833333 0.019127844531250004 0.028904298611111143
0 0.24643038437499998 0.3125631381944444 0.032517334375 0.04250631805555554
0 0.26651462109375 0.31511351666666665 0.015302274999999987 0.05440808888888892
0 0.20530552109375 0.31511351666666665 0.04208125625000001 0.05440808888888892
0 0.39658395859375 0.28620921805555555 0.015302275000000032 0.030604550000000015
0 0.422327895703125 0.30717899861111114 0.051415980468750046 0.07821162777777775
7 0.4735735296875 0.1357368388888889 0.012433098437499979 0.025503791666666664
0 0.33154928984375004 0.3420341798611111 0.13389490624999997 0.1751260375
0 0.40184411601562503 0.5729851875 0.32804252109375 0.4454662305555556
0 0.105521937109375 0.4514171097222222 0.21104387421875 0.3904913944444444