6 0.4449022 0.5224998284722222 0.005273435937500004 0.014999998611111131
6 0.38373034570312503 0.5253123243055555 0.005273435156250006 0.016874990277777772
6 0.3805662828125 0.5262498270833333 0.005273434375000008 0.014999998611111131
6 0.44138656328125 0.5228123076388889 0.005273435937500004 0.016874990277777772
7 0.523673146875 0.5012693555555556 0.008437496875000061 0.024374991666666703
0 0.39677330390625 0.58424980625 0.0063281249999999735 0.02624999027777777
0 0.392554555078125 0.5833123090277778 0.006328122656250023 0.028124990277777723
0 0.38886314921875 0.5870623055555555 0.009492182812499994 0.0318749888888889
0 0.458999844140625 0.5879998055555556 0.00843749765624997 0.03374998888888893
0 0.4648006234375 0.5870623041666666 0.009492182812499994 0.046874983333333294
0 0.47112874570312496 0.5964373027777777 0.009492185156249989 0.05062498333333336
0 0.47956624414062504 0.5992498013888888 0.015820307031250015 0.0637499777777778
0 0.481675618359375 0.5889373048611112 0.02847655390624997 0.06562497638888887
0 0.49802326953125 0.5973748027777778 0.03585936249999992 0.07499997222222221
0 0.503296704296875 0.6029997986111111 0.01898436796874998 0.0787499722222222
0 0.541265439453125 0.6048748 0.07804684765624996 0.11999995833333332
0 0.573960740625 0.6301872909722223 0.06960934999999999 0.12937495416666667
0 0.354058475 0.6011247993055556 0.024257803125000033 0.0749999736111111
0 0.3392928546875 0.6095622979166667 0.03691404843749999 0.08812496805555554
0 0.31081630195312504 0.62549979375 0.06011716640625 0.11249995972222225
1 0.4561731710937501 0.5687693312500001 0.025312490625000007 0.058124979166666674
2 0.35808726718750006 0.5856443256944444 0.056953103124999994 0.08062497083333334
0 0.6702746578125 0.6428318062499999 0.18140618593750002 0.26624990694444445
0 0.23941397929687502 0.6524997715277778 0.14976557265625 0.17999993750000004
0 0.42292953984375004 0.5981247916666667 0.054843729687499995 0.08624996944444448
7 0.622684521875 0.45381388194444444 0.019891192187500017 0.04368261944444443
0 0.8490930996093751 0.6448386694444445 0.2995379632812501 0.5782746777777777
7 0.13535029921875 0.4326659458333334 0.023401403124999987 0.06656399166666671
0 0.055200491406249996 0.8154088986111112 0.10881652500000001 0.34946095555555556