7 0.3801847578125 0.35820585902777774 0.02137203593749999 0.027440637500000045
7 0.410461806640625 0.35820585902777774 0.029683382031249962 0.018997365277777806
7 0.43658318359375003 0.3898681340277777 0.010686015624999979 0.01055409305555557
7 0.4146174796875 0.38353567847222225 0.03087071562499997 0.01899736527777773
0 0.058179429296874995 0.42955152361111115 0.042744071093749995 0.048548819444444447
0 0.3894459765625 0.40949875 0.00949868281249997 0.021108183333333287
0 0.365105603125 0.4168866159722222 0.013060689062499974 0.01899736527777773
0 0.350263910546875 0.4147757965277778 0.01662269296875003 0.02321900416666662
0 0.43634571992187504 0.40844334097222224 0.013060688281249977 0.023219001388888848
0 0.41081801250000005 0.4253298868055555 0.04036940000000002 0.06965700416666662
0 0.375791620703125 0.4200528416666666 0.02018470078125003 0.029551455555555526
0 0.328891876171875 0.4200528416666666 0.023746705468749997 0.04221636666666666
0 0.18225596718749998 0.45171511597222225 0.217282359375 0.2722955597222222