7 0.659558367578125 0.4228305694444444 0.031521253906250025 0.09169819722222228
7 0.671020642578125 0.48650987013888886 0.022924549218750024 0.03566040694444439
1 0.315690133984375 0.5412740701388888 0.10029490234375 0.18084922083333338
0 0.484758682421875 0.5820288243055556 0.020058980468749966 0.043301926388888905
0 0.615142054296875 0.5782080673611112 0.04011796015625002 0.04584909861111118
0 0.793523700390625 0.5578306895833333 0.12465223515625005 0.06622647361111113
0 0.8579989937499999 0.5680193791666667 0.11605552812499997 0.0916981972222222
0 0.880923542578125 0.5858495819444444 0.17909803671875002 0.07132081666666663
0 0.42314895742187497 0.5985854430555556 0.13468172421874997 0.2292454888888889
0 0.22972307578124998 0.6045288326388889 0.15760627343749997 0.1630190152777778
0 0.019820175000000002 0.5917929708333334 0.0358196078125 0.025471722222222267
0 0.022685743359375003 0.5731137222222222 0.04155074453125 0.03566040833333335
0 0.55639789921875 0.5773590020833334 0.03152125468750002 0.03056606527777777