7 0.34216722109375 0.45188286319444443 0.021451271875 0.012918418055555492
7 0.3356050609375 0.4766948354166667 0.009438557812500026 0.016779659722222263
7 0.33131480703125 0.5003388993055555 0.018019065625000018 0.021355926388888866
7 0.491402563671875 0.5781354875000001 0.01115465859375 0.015254222222222245
7 0.8300261335937499 0.4431355194444445 0.020593209374999866 0.025932199999999975
7 0.512402052734375 0.6155083694444444 0.004857641406250046 0.028983041666666685
7 0.303612044921875 0.5621185479166666 0.007722463281249992 0.016779656944444415
7 0.5013927257812499 0.5888134597222222 0.005148304687500005 0.01830508055555558
7 0.564459450390625 0.5674575277777778 0.012870758593749976 0.0061016916666666535
6 0.43985822265624996 0.6083170812500001 0.001716106250000049 0.016779645833333332
6 0.427845509765625 0.5587408236111112 0.00171610234374997 0.012203388888888927
6 0.42956160625000006 0.5579781138888888 0.0068643968750000004 0.013728808333333358
6 0.54754358046875 0.5640798069444445 0.00257415156249996 0.013728811111111128
7 0.327882601953125 0.4332202687500001 0.0060063476562500105 0.015254234722222215
0 0.5471145542968749 0.6250967458333333 0.01716101484374999 0.022881352777777725
0 0.563846541796875 0.62433403125 0.007722455468749967 0.015254231944444443
0 0.571998025 0.6228086083333333 0.01029660937500001 0.024406775000000006
0 0.578433403515625 0.6258594493055556 0.009438558593750025 0.03050845694444446
0 0.5844397593749999 0.6243340298611112 0.011154659374999997 0.030508468055555543
0 0.590017087890625 0.6296730152777777 0.017161011718749997 0.04423728055555556
0 0.5930202679687501 0.6319611493055556 0.02145126875000001 0.042711856944444467
0 0.598168569140625 0.6342492833333334 0.01801906328124998 0.05338981666666669
0 0.27639956523437503 0.6172519993055556 0.06263770078125001 0.06515794861111111
0 0.311150616015625 0.6174696270833334 0.02059321796875002 0.022881354166666687
0 0.23006483007812503 0.615944201388889 0.03518008515625 0.04423728055555556
0 0.14897903671875 0.6128933555555556 0.041186432812499986 0.05033897222222221
0 0.19445572695312502 0.6205204729166667 0.029173730468750003 0.028983045833333342
0 0.13217398046875 0.6201641631944445 0.0387584328125 0.03437211805555557
0 0.049567056640625 0.6200948333333334 0.04437482890625001 0.06779277499999997
0 0.015552155859375 0.6228086027777777 0.030031774218749994 0.09457624166666669
0 0.619619837890625 0.6403509798611111 0.04547668515624999 0.06559320972222227
0 0.901616263671875 0.7329182854166667 0.1947775039062499 0.5247456486111111