6 0.7094581265625 0.6250776881944445 0.01054686718750002 0.02109373472222218
6 0.6850684929687499 0.6145308201388889 0.009228506249999935 0.018749987499999954
6 0.5941017601562499 0.6110151979166667 0.009228509375000016 0.02578123194444441
6 0.53082055390625 0.6039839527777778 0.009228509374999926 0.025781233333333375
7 0.688364391015625 0.5875777138888889 0.02109373515624995 0.025781233333333296
7 0.696274542578125 0.5582808590277778 0.01582030390625002 0.01874998750000003
7 0.636289232421875 0.628593311111111 0.019775380468749937 0.023437483333333297
7 0.638266769140625 0.6051558270833334 0.010546867968750017 0.01874998750000003
7 0.514341074609375 0.6086714493055556 0.01054687109375001 0.02109373472222226
7 0.57762228125 0.6108286465277778 0.010546870312500012 0.012091845833333378
0 0.33240760468749997 0.6590620402777778 0.0263671703125 0.03281247777777775
0 0.305381255859375 0.6660932847222223 0.03559567890625002 0.03281247777777775
0 0.27439983203124996 0.6637495347222223 0.0263671703125 0.032812472222222215
0 0.2453959453125 0.6660932847222223 0.031640603124999965 0.03281247777777775
0 0.20159923476562502 0.6680877972222222 0.061226255468750025 0.04118643333333331
0 0.1360969109375 0.6637495381944444 0.07094192031249999 0.051562470833333325
0 0.724619248828125 0.67195265625 0.022412094531249947 0.02578123194444441
2 0.770410722265625 0.6655730548611112 0.06793842734375008 0.06666541805555555
7 0.7911963531249999 0.6239058125 0.010546870312500012 0.023437480555555525
0 0.39437045312499996 0.6637495368055555 0.0263671703125 0.023437484722222183
0 0.46688016835937496 0.6567182916666667 0.02373045234374995 0.028124980555555526
0 0.52554711953125 0.6590620388888889 0.01713865937499994 0.023437480555555525
0 0.5908058640625 0.6543745430555555 0.015820301562500028 0.023437483333333377
0 0.66990737265625 0.6778120270833333 0.11337882812500003 0.16406238750000005
0 0.043596466015625 0.6742964041666667 0.08719293203125 0.0632812055555556
0 0.9367963433593751 0.6589352562499999 0.12270124765624998 0.09305082916666668