0 0.5563472746093749 0.5378902548611111 0.010546867968750017 0.02812498194444449
0 0.542504509765625 0.5496089972222222 0.02768552734374996 0.05624996111111105
0 0.5102047277343751 0.5695308590277778 0.06064448984374993 0.08671869027777784
0 0.656542517578125 0.5718746076388889 0.018457017968750034 0.0398437236111111
0 0.67895461171875 0.5707027319444445 0.044824189062499985 0.07499995000000005
0 0.7191645449218751 0.6070308326388889 0.09887688515625 0.15234364583333335
0 0.5985347457031249 0.5566402402777778 0.10283196015625 0.0703124472222222
0 0.60117146171875 0.7664057243055555 0.27949199687500004 0.3867184847222222
0 0.885277712109375 0.7828119625 0.22675765703124995 0.3867184861111111
6 0.6519282625 0.4769527972222223 0.009228507812500019 0.018749986111111068
6 0.674999535546875 0.5214840166666667 0.007910150781250014 0.018749986111111068
7 0.771503636328125 0.4321873493055556 0.01792968203124996 0.028124990277777803