7 0.123800596875 0.4167845104166667 0.025345003124999987 0.02252889305555554
7 0.06531212617187501 0.42458297291666663 0.011697692968749996 0.02426188472222219
7 0.395284581640625 0.39425561875 0.012672502343749992 0.019062912500000015
0 0.146708581640625 0.4566433194444444 0.008773271093750012 0.01906290833333328
0 0.13306127031249998 0.4627087902777778 0.016571732812500017 0.027727866666666677
0 0.037042698046875 0.48350469305555555 0.029244235156250003 0.05198975277777783
0 0.059463277734375 0.48003870763888884 0.025345003906250003 0.06585368472222221
0 0.46352113164062503 0.4471118652777777 0.03021904296875002 0.03465983333333335
1 0.858318309375 0.4271824590277778 0.041916737500000065 0.05372274305555559
1 0.959698323828125 0.41505151874999996 0.04581596796874994 0.0987805263888889
0 0.424041412890625 0.44364588125000004 0.02924423515625003 0.038125818055555524
0 0.16279291015625003 0.4705072534722223 0.02924423593750001 0.03639282638888888
0 0.100405208203125 0.48437118888888886 0.07018616484375001 0.08491659444444445
1 0.40941929609375 0.4323814361111111 0.031193851562500007 0.0502567611111111
1 0.320221385546875 0.4274656340277777 0.028081683593750028 0.031201870833333346
1 0.34362278789062495 0.4285056965277778 0.032761964843750005 0.03744224583333333