7 0.51626254765625 0.38116688819444444 0.05968485937499999 0.06366384861111113
0 0.5526205796875001 0.45870619097222226 0.03030154218750001 0.032648129166666706
0 0.61429492421875 0.45952239513888893 0.025710401562499995 0.016324065277777796
7 0.4363766605468751 0.454625175 0.008264057031249994 0.014691661111111089
6 0.35382407617187506 0.47693472986111113 0.007345828906250018 0.019044737500000034
0 0.360404720703125 0.5158404125 0.011936972656249979 0.013059249999999956
0 0.33836723554687503 0.5223700395833333 0.010100516406249982 0.013059248611111072
0 0.402184121484375 0.4987001472222223 0.05693017265625002 0.08978235000000004
0 0.24621643867187498 0.5403265118055556 0.14534247265625 0.21874245138888893
0 0.8519045042968749 0.44649502500000005 0.29475137578125 0.27261186388888886
0 0.061750872265625 0.6170496083333334 0.12350174453125 0.23833132777777782