0 0.43270862890624995 0.5313443923611112 0.011470920312499988 0.025830815277777773
0 0.42429662109374994 0.5361026993055555 0.014529832812500042 0.038066462500000064
0 0.40288423554687497 0.5408610076388889 0.02829493828124998 0.04758307916666667
0 0.475151036328125 0.5333836652777778 0.012235649218749955 0.01903323055555551
0 0.48471013671875 0.5395014895833333 0.020647657812499977 0.03398791249999999
0 0.49656342109375 0.5476585916666666 0.02753020937499997 0.05574018055555554
0 0.5118579832031249 0.5544561729166667 0.029059666406249997 0.07749244027777777
0 0.532505639453125 0.5728096451388889 0.05200150703125006 0.10876132083333334
0 0.535182189453125 0.5782477131944445 0.040530586718749984 0.10060422361111113
0 0.558888758203125 0.5882175131944444 0.060413516406250076 0.14954681805555553
0 0.5848895125 0.5922960631944445 0.0848848140625 0.1577039180555556
0 0.6818825265624999 0.6462235395833333 0.1712990828125 0.2673716124999999
0 0.8340634093749999 0.7382174784722223 0.3303625187499999 0.5193353152777778
0 0.263703723828125 0.5746223298611112 0.11547393671875002 0.16858005138888887
0 0.167730353125 0.6120090347222222 0.19271146875 0.21888216111111108
0 0.082845533984375 0.7076283555555556 0.16365180234375 0.3602718833333333
0 0.32317158710937505 0.5664652298611111 0.06005167734375001 0.08700905694444445
2 0.46571938203125 0.5277190069444444 0.026000751562500035 0.023111780555555503
0 0.36974601171875 0.5845921097222222 0.08106117343750001 0.11963745555555552
2 0.4396046531250001 0.5180228909722222 0.018921290624999986 0.042607943055555514
7 0.686212141015625 0.4002904159722222 0.026489807031250034 0.0358803736111111