0 0.38378515546875 0.5475274215277778 0.013657835937500007 0.026708659722222212
0 0.34144586992187503 0.56088175 0.07102074296874998 0.06312954999999995
0 0.276571152734375 0.5912324909722222 0.09150749140625 0.09955044027777775
0 0.503974104296875 0.5778781631944444 0.05736290703125002 0.07769790416666669
0 0.5729461671875 0.5378151791666668 0.08058122656249997 0.070413725
2 0.426807334375 0.55602563125 0.055997121875000035 0.10197850694444446
0 0.37012732148437505 0.6361515965277778 0.11472581171875 0.1602519374999999
0 0.6791256574218749 0.7276085041666666 0.64075971796875 0.5357917888888888
7 0.122237621484375 0.5629051340277778 0.05326555703125 0.044514420833333346
7 0.18164920234374998 0.5625004576388889 0.05463133906249999 0.043705068055555546
0 0.128383646875 0.6118709965277778 0.0737523078125 0.04370507083333332
0 0.055997123046875 0.6240112916666667 0.03824193828125 0.043705072222222204
0 0.09423905859375 0.6227972659722223 0.024584099999999987 0.03156477083333332