0 0.510973720703125 0.4915086048611111 0.023218319531249955 0.01456835694444444
0 0.571751086328125 0.5291435270833333 0.016389400781249997 0.03156477361111109
0 0.5970180800781251 0.5255014381944445 0.03687615234374997 0.05341730972222223
0 0.611358807421875 0.541283825 0.021852535156250054 0.05098925000000002
0 0.6400402609375 0.541283825 0.051899771875000056 0.07526984444444448
0 0.6694046046875 0.5570662118055556 0.06146025625 0.06798566527777779
0 0.760229205859375 0.5789187472222223 0.11745737890625003 0.13597133333333333
0 0.8640287503906251 0.6177676999999999 0.20486752109375006 0.1748202861111111
0 0.431075388671875 0.5255014375 0.010926267968750025 0.02913671388888888
0 0.41332020351562504 0.5291435270833333 0.02458410234374995 0.04127701250000008
0 0.4884382945312501 0.4890805451388889 0.010926267187500028 0.01456835694444444
0 0.47204889257812505 0.49029457500000007 0.016389400781249997 0.016996416666666646
0 0.37439537421875 0.5473539743055555 0.05872868906250002 0.07769790694444446
0 0.459073948046875 0.5218593486111112 0.009560483593750035 0.021852536111111064
0 0.44951346562500005 0.5291435270833333 0.023218318749999956 0.0364208930555555
0 0.171576528515625 0.5837748666666667 0.13657834765625 0.12140297499999993
0 0.050960785546875 0.6371921756944444 0.10192157109375 0.2088131180555556
0 0.5082421546875 0.5376417347222222 0.04507085468750001 0.07769790277777773
0 0.556044576171875 0.53642770625 0.031413019531249996 0.036420893055555584
0 0.55467879375 0.4927226347222223 0.017755185937499984 0.021852536111111064
0 0.5307775828124999 0.4915086048611111 0.013657835937500007 0.01456835694444444