0 0.3284709265625 0.5135345888888889 0.04507085625 0.04127701666666665
0 0.44114806289062497 0.5438853256944445 0.08194701015624997 0.14082744583333331
6 0.27861982734375 0.4346226541666667 0.00819470312499999 0.01942447500000005
6 0.37149310625 0.5123205590277777 0.00819470312499999 0.019424476388888855
6 0.40563769179687503 0.5147486159722222 0.008194703906250034 0.019424476388888855
6 0.17960052695312498 0.06434357847222222 0.02048675234374999 0.11411879861111111
6 0.15774799140625 0.06191552152777779 0.020486749999999998 0.11411880138888889
6 0.19394125273437499 0.07162775625 0.013657835156249987 0.10926267916666667
0 0.28135139609375 0.5281029430555555 0.043705071874999966 0.04613313055555553
0 0.20145306171875 0.5317450284722223 0.0778496578125 0.08741014305555553
7 0.284082962890625 0.46497339444444447 0.01365783515625001 0.012140294444444382
7 0.31413019804687503 0.45526115763888886 0.024584100781249996 0.007284181944444473
7 0.4923649421875 0.41519817430555556 0.025949885937500028 0.058273423611111104
7 0.47597554101562495 0.4491910076388889 0.015023617968750003 0.009712237500000024
7 0.744898298828125 0.2828689326388889 0.057362905468750024 0.03642089027777777
7 0.7694824015625 0.22095341388888887 0.043705071875000015 0.02913671388888888
1 0.785871802734375 0.500180261111111 0.13930991328124992 0.15053968888888888
1 0.968643175390625 0.5135345861111111 0.059900011718750076 0.12868715277777776
1 0.893085805078125 0.5244608534722223 0.08058122578125015 0.09712237916666666
1 0.706656360546875 0.5232468243055556 0.17208871796874997 0.15782387083333335
1 0.563932009375 0.5135345875 0.11062846249999998 0.09955043888888887
6 0.707138458984375 0.3770019076388889 0.031185819531249947 0.04435316527777782