7 0.662875882421875 0.5684796659722222 0.17786013203124992 0.19734205416666664
7 0.47429368515625 0.6424829361111111 0.035319742187500044 0.08970093333333327
0 0.37022658828125 0.6503317680555556 0.026489807812499988 0.033637849999999976
0 0.31157058671875004 0.6559380756944445 0.027751225 0.026910279166666683
0 0.356981684375 0.6817270944444445 0.020182709374999996 0.03812289722222222
0 0.34121394218749995 0.6884546638888889 0.026489807812499988 0.05157803611111112
0 0.329230457421875 0.6951822340277778 0.030274064843750014 0.05157803749999993
0 0.3033713609375 0.6985460208333333 0.046672517187499984 0.06727569999999995
0 0.12109626015625 0.7108798979166667 0.093345034375 0.10539859583333329
0 0.062440259374999994 0.7680642416666666 0.12488051874999999 0.2646177527777778
0 0.213810584765625 0.7355476548611111 0.13749471328125001 0.1726742958333334
0 0.3872557484375 0.7153649437499999 0.07316232343750002 0.10539859583333337