0 0.10862760429687499 0.6250774840277779 0.21725520859374997 0.39314357361111113
1 0.0986820078125 0.3671420159722222 0.197364015625 0.2184130958333333
0 0.2108198234375 0.45762744236111114 0.029251754687499985 0.033281995833333314
0 0.273418578125 0.45762744236111114 0.01872112187499999 0.02496149583333328
0 0.28628934960937497 0.4545072541666667 0.014040842968750012 0.0228813722222222
0 0.30267033203125 0.45554731875000004 0.03978238593750003 0.020801248611111114
0 0.33777243671874996 0.45554731875000004 0.016380984374999973 0.020801248611111114
0 0.354153419140625 0.4545072548611111 0.023401403906250007 0.018721120833333296
0 0.3734595765625 0.45034700625 0.01287077187500003 0.018721123611111067
0 0.38925552421875 0.4513870701388889 0.0210612625 0.020801251388888886
0 0.42026238359374996 0.4513870701388889 0.010530631250000066 0.029121745833333375
0 0.44600392734375005 0.45658738125 0.01287077187500003 0.018721123611111147
0 0.45711959492187504 0.4545072548611111 0.011700702343750003 0.018721120833333296
0 0.46648015585937497 0.4555473194444444 0.011700702343750003 0.029121749999999953
0 0.4313780515625 0.4607476298611111 0.025741542187500067 0.0395223708333333
0 0.492806733203125 0.4732283770833334 0.050313017968749915 0.08528511527777777
7 0.60279333203125 0.3203392090277778 0.01755105312499996 0.024961495833333323
0 0.32517334453125 0.45566774444444447 0.00956392187499997 0.013602022222222211