6 0.73159328828125 0.4739732368055556 0.008773270312499993 0.04332479305555555
6 0.57513662890625 0.5467588895833333 0.007798462500000003 0.02252889305555554
6 0.5278584484375 0.4774392201388889 0.012672501562500039 0.02252889305555562
0 0.9416643789062501 0.6394739465277777 0.03899231406249992 0.04852376805555557
1 0.830536284765625 0.6290759965277778 0.07408539609374998 0.058921718055555614
0 0.766198966796875 0.6256100125 0.0701861648437501 0.0866495861111111
0 0.5551530683593751 0.5900836826388889 0.01852134921875006 0.02252889305555562
0 0.52737104453125 0.5883506909722223 0.013647309375000027 0.02252889305555554
0 0.503975656640625 0.5623558152777778 0.025345003906250073 0.01906290833333328
0 0.5010512328125 0.6004816333333333 0.05069000781250006 0.08145061111111107
0 0.610717115625 0.6316754840277778 0.09845559218749997 0.10224651249999997
7 0.761812331640625 0.4696407576388889 0.022420580468750017 0.010397951388888929
7 0.7593753121093749 0.49130315416666664 0.017546541406249984 0.029460858333333326