0 0.157965584375 0.5232223909722222 0.023992875000000004 0.029857801388888876
0 0.1093800125 0.5221560416666667 0.0467861078125 0.04052130277777771
0 0.03620174453125 0.5242887395833333 0.05158468281249999 0.06611370138888885
0 0.210749908984375 0.5306868395833334 0.014395725781249969 0.019194298611111153
0 0.22034705976562502 0.5306868395833334 0.014395725781250012 0.019194298611111153
0 0.233543140234375 0.5296204895833333 0.011996438281249988 0.01706159861111113
0 0.24733904375 0.5285541395833333 0.017994656249999963 0.01492889861111111
1 0.40089344453125 0.5253550909722222 0.017994656249999963 0.034123201388888844
1 0.45367777031250006 0.5306868416666666 0.05878254375000003 0.09170610277777777
0 0.42428649687500003 0.5605446416666666 0.04798574999999996 0.07464450277777775
0 0.5028631640625 0.5690754402777778 0.061181831250000054 0.07464450277777775
0 0.55264838046875 0.5424166902777778 0.0431871765625 0.03412319999999996
0 0.5700432156249999 0.5530801902777778 0.06837969375000004 0.04691940277777778
0 0.564644817578125 0.5200233409722222 0.06478076328125004 0.027725101388888933
1 0.32651553242187503 0.48803284027777777 0.14275760703125 0.29217989999999994