0 0.116556351953125 0.6902541069444444 0.23311270390625 0.5293219361111111
0 0.2133775375 0.5422880326388889 0.17504234062500001 0.19067792916666662
0 0.324066076171875 0.5415253201388889 0.054915244531250004 0.07932201805555555
0 0.463070286328125 0.5079660048611111 0.018877114843750053 0.03355931527777772
0 0.48580862968750005 0.5323727798611111 0.038612281250000005 0.08237286527777772
0 0.8007132304687501 0.4972880416666667 0.03518007812499997 0.06711863333333336
0 0.580623230078125 0.5651693847222222 0.18705504921875002 0.30966095833333335
0 0.4017196625 0.5399998979166666 0.10897243750000003 0.16474573194444442
0 0.6741507546875 0.5567795555555556 0.010296607812500014 0.09457625277777784
6 0.05378010976562501 0.2524575798611111 0.022309317968750002 0.07169490416666666
6 0.030183715234375 0.25169486736111113 0.02316736796875 0.07627117083333333
6 0.5209887074218751 0.34398298541666666 0.009438557031249939 0.028983045833333342
6 0.5411528984375 0.3432202743055556 0.008580506250000041 0.03355931527777779
6 0.74751408828125 0.21813555277777777 0.01801906406249998 0.05796609166666664
6 0.7917036980468749 0.3760168784722222 0.039470330468749905 0.04423728194444444
6 0.178626484375 0.42559313958333334 0.006006354687499993 0.030508468055555543
6 0.53514654296875 0.3455084097222222 0.00686440468750007 0.0320338944444444
6 0.19063919375 0.42025415763888885 0.006006354687499993 0.028983045833333342
0 0.47937324921875 0.47974567152777775 0.012012709374999986 0.019830504166666665
0 0.44848342421875 0.5201693930555555 0.02059321562499994 0.07627117222222218
7 0.5604590390624999 0.35771179652777774 0.01973516562499995 0.0289830458333333
7 0.7578106964843749 0.3401694270833333 0.016302963281250006 0.02745762083333337
7 0.782265141015625 0.22423724583333332 0.034322027343749985 0.021355927777777752
7 0.7723975578125 0.16093217291666664 0.028315671874999993 0.053389820833333324
7 0.743652860546875 0.1670338673611111 0.029173724218749975 0.04728812916666665
7 0.7569526460937499 0.08999998333333334 0.057489396874999966 0.09457625277777776
7 0.74923018984375 0.03279660416666667 0.024883470312500044 0.06254236111111111
6 0.492244010546875 0.44313550833333337 0.003432202343750035 0.01677965555555561
6 0.4879537562499999 0.4423727965277777 0.003432203125000033 0.015254231944444443