7 0.8960058488281251 0.08484368472222223 0.030322244531249966 0.037499975000000005
0 0.428647773046875 0.2676560590277778 0.013183585156249933 0.03749997361111114
0 0.456333300390625 0.2582810652777778 0.010546867968750017 0.018749986111111148
0 0.49997655546875 0.2651445840277778 0.021368584375000044 0.051227015277777746
0 0.5156594308593749 0.25007794583333337 0.015820302343750026 0.03515622500000003
0 0.573667203515625 0.25007794583333337 0.02373045234374995 0.016406238888888876
0 0.581577355859375 0.282890425 0.02109373515624995 0.0539062138888889
0 0.6231056460937501 0.28757791875 0.07778315000000005 0.09609368472222223
0 0.71736827734375 0.3344528888888889 0.11074211093750001 0.12421866666666671
0 0.36866246132812497 0.26179668819444446 0.014501942968750025 0.03046872638888887
0 0.17815966328125002 0.26999980763888887 0.19775376875 0.2999997930555556
0 0.448423149609375 0.26179668819444446 0.018457017968750034 0.03046872638888887
0 0.47610867734374995 0.28054667638888886 0.04482418749999999 0.06796870277777778
0 0.555869364453125 0.2817185486111111 0.04086911171875007 0.06562495277777777
0 0.8294287472656251 0.37781223194444447 0.22675765703125003 0.2062498555555556
0 0.40953157578125 0.26882793402777777 0.03823239531249998 0.053906215277777746
0 0.33438514296875 0.2864060451388889 0.0751464328125 0.0937499375
0 0.050847436328124995 0.3203903979166667 0.10169487265624999 0.3257810263888889