0 0.565850340234375 0.4384697402777778 0.01682826171875007 0.022437686111111077
0 0.5584879722656251 0.4496885784722222 0.018931792968750027 0.02991690972222219
0 0.544289127734375 0.44407915694444444 0.013672964843750001 0.029916913888888924
0 0.529564396484375 0.4459489659722222 0.015776496093750047 0.03739613749999996
0 0.49643375585937494 0.4356650270833334 0.05048478984374993 0.08414131527777778
0 0.44752661757812506 0.44875367222222223 0.06626128359375008 0.12527706388888887
0 0.373902965625 0.48521491180555554 0.0851930828125 0.15332417083333338
0 0.22553535 0.5122686840277778 0.2129890140625 0.17389205138888894
0 0.068556053125 0.5721025062499999 0.13252256874999999 0.14397513749999993
0 0.59077721484375 0.44314425416666664 0.009465898437500009 0.018698069444444423
0 0.5991913480468749 0.44407915902777784 0.015776497656249954 0.028047104166666673
0 0.6128643125 0.44875367499999996 0.013672965625 0.029916911111111076
0 0.62969257421875 0.44220934861111105 0.02419062656250004 0.05796401111111109
0 0.646520837890625 0.4478187708333334 0.022087094531249997 0.06918285555555559
0 0.660193800390625 0.4515583868055556 0.028397692968749944 0.08414131805555555
0 0.671237346875 0.4655819409722222 0.035760059375 0.09349034861111108
0 0.7788330402343749 0.45810271180555556 0.18826618984375001 0.20567876527777781
0 0.921496633984375 0.5162002972222223 0.15355585078124995 0.27860124166666667
7 0.6522705015625 0.3886082236111111 0.01577649531249996 0.009349038888888828
6 0.602806779296875 0.39639907916666667 0.010517666406250025 0.018698066666666652