6 0.497985964453125 0.3090689326388889 0.009182286718749922 0.0195888763888889
6 0.437382877734375 0.32131197847222226 0.00918228671875001 0.01795647083333335
7 0.41672273515625 0.31831924375000004 0.024792171875000067 0.01305924861111111
6 0.5448156226562499 0.3493349652777778 0.00734582968750006 0.009794438888888852
7 0.53655156640625 0.3286578090277778 0.009182285937500012 0.009794440277777778
7 0.4153453921875 0.34117293125 0.007345828124999976 0.0195888763888889
1 0.1857882453125 0.41245467777777783 0.17262697343749997 0.3036275861111111
0 0.40662221992187497 0.3983071541666667 0.019282800781250043 0.0359129416666667
0 0.40065373515624997 0.40157196805555556 0.020201029687500018 0.029383313888888866
0 0.38596207773437496 0.4056529833333334 0.018364572656249977 0.05060460000000001
0 0.36759750585937495 0.41055020486111116 0.027546857031249993 0.057134223611111104
0 0.3501511625 0.41463122013888887 0.03672914374999996 0.05550181805555551
0 0.312503790625 0.42116084374999996 0.06978537187499997 0.09467956805555554
0 0.27669287539062504 0.4358525013888889 0.040402057031249994 0.10447400555555551
0 0.48880367890625004 0.38361549861111116 0.020201029687499972 0.0359129416666667
0 0.546652080078125 0.3885127159722222 0.02203748671875001 0.055501818055555596
0 0.562261966796875 0.3917775298611111 0.014691657031250038 0.05223700416666672
0 0.5815447667968751 0.39993956180555557 0.04774788671875001 0.06856106805555555
0 0.8406382703125 0.43476423541666664 0.2965878328124999 0.3134220236111111
0 0.44840162070312495 0.4026602381944444 0.06060308671875001 0.09141475694444444
0 0.52369636484375 0.3969468166666667 0.04591142812499997 0.060399033333333324
0 0.6395462109375 0.40510884999999996 0.09641400156250005 0.12569529166666665
0 0.952203043359375 0.54903268125 0.09365931640625007 0.3525997763888889