0 0.44166916953125 0.5752051166666666 0.42022891875 0.5433262777777779
0 0.960913066015625 0.7020274493055556 0.07406632109375 0.3118581958333333
1 0.8899653261718751 0.41026678194444444 0.06471057578125006 0.06098560277777775
0 0.1188959375 0.4851127493055556 0.19413172812499999 0.15246400694444445
0 0.07640525781249999 0.4386805284722222 0.149691934375 0.16771040694444445
0 0.241612131640625 0.4379875104166667 0.09059481328125 0.11642705972222218
0 0.193663934765625 0.42759223749999997 0.02120636640625 0.040195052777777816
6 0.458665431640625 0.29383972291666666 0.0070168085937499566 0.033264876388888864
6 0.504274693359375 0.31324423194444445 0.00311858203124995 0.022176583333333333
7 0.153824045703125 0.3264115777777778 0.016372555468749984 0.009702252777777786
6 0.1662983734375 0.36591361666666666 0.017931846875 0.022176583333333333
2 0.183060751171875 0.3943273638888889 0.03430440078125001 0.012474330555555548
1 0.6235604535156251 0.37769492638888885 0.08887958515624997 0.1344455333333333
1 0.25292994765625 0.35385056875000004 0.11583684218750001 0.1235592986111111