6 0.5519142890625 0.05203120763888888 0.022412095312500036 0.09374993472222223
6 0.7872412761718751 0.38718722847222214 0.026367169531250047 0.05156246527777779
6 0.7542823140625 0.38484347986111106 0.015820301562500028 0.046874968055555556
6 0.57498556328125 0.05671870347222223 0.026367170312499955 0.08437494027777778
6 0.529502195703125 0.06023432569444444 0.019775377343749945 0.09140618472222223
6 0.12608450507812502 0.3461716298611111 0.014501942968750004 0.04453121805555556
6 0.14190480585937498 0.3473435048611111 0.014501942968750004 0.03281247638888887
7 0.774716870703125 0.2699998069444444 0.04350582890624999 0.03281247777777779
6 0.57366720390625 0.45164030763888896 0.007910150000000015 0.02578123194444441
6 0.562461156640625 0.45398405555555554 0.009228510156250013 0.021093736111111146
6 0.55191428828125 0.4504684333333333 0.009228507812500019 0.028124980555555526
0 0.5248879414062501 0.4867965333333334 0.010546868750000016 0.021093736111111067
0 0.500498308984375 0.4832809104166666 0.009228510156250013 0.02343748194444441
0 0.49456569570312503 0.4891402819444445 0.013183583593750025 0.025781233333333296
0 0.480722932421875 0.4879684076388889 0.01713866015624994 0.028124981944444412
0 0.46622098984375004 0.4949996534722222 0.019775376562500037 0.03749997638888887
0 0.45435576328125 0.49968714791666663 0.014501943750000024 0.03281247638888887
0 0.582236534765625 0.4879684076388889 0.019775377343749945 0.028124981944444412
0 0.5927834019531251 0.5055465208333334 0.025048810156249955 0.03984372222222221
0 0.615195495703125 0.5207808840277778 0.030322244531250053 0.056249962500000014
0 0.51565943125 0.4879684076388889 0.018457017187500036 0.028124981944444412
2 0.3587747734375 0.4457809375 0.184570184375 0.22031235