0 0.39814258750000003 0.5069578159722222 0.013115285937500021 0.027979273611111053
0 0.41125787304687494 0.5081236201388889 0.015738342968750006 0.03031088194444441
0 0.5633951816406251 0.5442635166666666 0.06033031171875001 0.08860103333333329
0 0.62503702265625 0.5559215493055556 0.11803756718750007 0.12590674027777776
0 0.76209175390625 0.5947261458333333 0.2006638640624999 0.15621761944444448
0 0.30961441171875 0.4789785402777778 0.014426812499999997 0.023316061111111078
0 0.34502568164062497 0.4801443437499999 0.027542099218750015 0.04896373194444447
0 0.20665942265624998 0.4789785416666667 0.03147668437499997 0.04196891111111114
0 0.437488442578125 0.5127868333333333 0.03147668359374993 0.03963730833333333
0 0.370600488671875 0.5011287993055555 0.03147668515625002 0.03963730416666667
0 0.2905972484375 0.4836417534722222 0.020984454687499987 0.03264248749999999
0 0.22829964296875 0.48597335763888894 0.01967292656249997 0.03264248749999999
0 0.8958005722656249 0.6443151541666667 0.20839885546875 0.2360766138888889
7 0.082064213671875 0.32942265416666666 0.015738341406250002 0.013989638888888893
7 0.10304866914062501 0.3445780944444444 0.03934585703124999 0.02098445555555557
7 0.09386796914062501 0.38654700833333333 0.010492227343750004 0.025647666666666662
7 0.44929219960937505 0.40519985694444444 0.01836139921875004 0.025647666666666662
7 0.48142464882812497 0.3935418263888889 0.017049871093749936 0.039637302777777786
7 0.482080413671875 0.4343449354166667 0.015738341406249922 0.01398963749999993
6 0.381092716796875 0.39270910833333333 0.013115285156249979 0.023316061111111078
6 0.1463291109375 0.33208734652777777 0.015738342187499987 0.03264248749999999