7 0.37668980351562503 0.3237747048611111 0.07628162265625002 0.04180513472222221
7 0.377550122265625 0.4048358777777778 0.09176736640624998 0.12439576388888886
7 0.457846566796875 0.366599475 0.024088933593750018 0.037726583333333334
7 0.459567205078125 0.4053456965277778 0.027530210156250057 0.04588368472222221
7 0.4610010703125 0.4476606479166667 0.024662479687500037 0.040785495833333366
7 0.40510600078125003 0.7015713347222222 0.012044467187500008 0.021412386111111126
0 0.39029807851562504 0.7008308152777778 0.016632835156250005 0.024471297222222275
0 0.38312875351562503 0.7375377597222221 0.02179474921875002 0.02854984722222219
0 0.32720801406250005 0.7436555868055555 0.015485743750000003 0.020392748611111088
0 0.289640749609375 0.74399544375 0.01261801328125003 0.016993915277777837
0 0.79665544609375 0.7157854555555556 0.4049235015625 0.5669183944444445
0 0.07147830468750001 0.7687306145833332 0.0511496125 0.030310881944444486