7 0.3936955828125 0.2481040888888889 0.020393943750000032 0.01706159999999998
7 0.381699144140625 0.2267770888888889 0.020393944531249986 0.012796199999999973
7 0.679810617578125 0.28542633819444446 0.014395725781249969 0.01492889861111111
7 0.6891828664062499 0.2694310875 0.011546634374999965 0.021327000000000023
6 0.385298076171875 0.2928907888888889 0.010796794531249976 0.02132700277777779
6 0.556247310546875 0.2704974388888889 0.007197863281250072 0.02772510000000001
6 0.6324246890625 0.2854263381944444 0.008397506250000042 0.027725098611111124
7 0.636623441796875 0.31635049097222223 0.011996436718750036 0.008530801388888894
6 0.393095760546875 0.18838849166666666 0.007197863281249983 0.03412320000000001
6 0.7620924644531251 0.2758291875 0.012983583593750047 0.02132699999999998
6 0.22874456523437497 0.25770123958333335 0.03119073671875001 0.0447866986111111
6 0.16516344765625 0.22677708819444445 0.00959715000000001 0.02559240138888891
6 0.43628293515624994 0.2566348895833333 0.007197862500000074 0.02559240138888891
6 0.68580883515625 0.3120850902777778 0.00959715000000001 0.017061600000000017
6 0.6408221953125001 0.3376774895833333 0.013196081250000002 0.012796201388888859
0 0.4446804421875 0.3749997402777778 0.04558646250000002 0.07464449999999997
0 0.34391036601562497 0.4251181902777778 0.16555083828125006 0.2260662
0 0.06458706679687501 0.6117294409722223 0.12917413359375002 0.32630310138888885
0 0.16895607343750002 0.49976268819444447 0.33791214687500004 0.3838859986111111
0 0.694806164453125 0.36646894027777777 0.04918539453125002 0.05758290000000004
0 0.7661849667968751 0.4144546909722222 0.11756508671875006 0.16208520138888893
0 0.553248201171875 0.3206158909722222 0.11156686953124995 0.05971560416666668
0 0.88609159375 0.43684803958333335 0.22781681249999997 0.39881490138888886
0 0.559246419140625 0.5178906395833334 0.40188065703125 0.35616089861111105
7 0.9686811125 0.09561604097222222 0.037901301562499864 0.10023690416666668
7 0.748349701171875 0.25101545486111115 0.01713866015625003 0.021093734722222222
7 0.39700716953125 0.290859175 0.013183584375000024 0.03515622500000003
7 0.014024034375 0.2217185972222222 0.019775376562500002 0.028124980555555564