6 0.4088723953125 0.3473435048611111 0.010546868750000016 0.028124981944444412
6 0.318564841015625 0.35085912708333333 0.009228510156250013 0.02578123194444441
7 0.48863308359374996 0.3403122590277778 0.014501943750000024 0.014062490277777763
7 0.49588405429687493 0.36023412083333334 0.013183583593750025 0.016406236111111108
0 0.285605878515625 0.4891402819444444 0.08833001640625002 0.17578112777777777
0 0.20980026679687497 0.4305465729166667 0.029003886718750004 0.05859370972222225
0 0.28230998281249997 0.44226531527777774 0.11601554531249998 0.1429686527777778
0 0.134653834375 0.4492965597222222 0.16611316718749997 0.17578112777777777
0 0.5795998171875001 0.42117157847222225 0.04614254687499999 0.06796870416666663
0 0.6448585617187501 0.4610153020833333 0.12919912968749997 0.15703114027777773
0 0.427988592578125 0.628593311111111 0.47065397265625003 0.4968746583333333
0 0.106218491796875 0.6321089340277778 0.21243698359375 0.46171843194444456