7 0.21871222265624998 0.27348940555555556 0.012235649999999997 0.025830813888888887
7 0.21106494140625004 0.29999998055555555 0.027530209375000014 0.016314202777777786
7 0.229418415234375 0.34282474791666667 0.024471297656250002 0.025830812499999963
7 0.363628187890625 0.4089878875 0.02676548203125 0.014954680555555516
7 0.0959733703125 0.3036253569444444 0.049707323437500006 0.08157099166666669
7 0.76079516640625 0.3476478006944444 0.026000753125000033 0.03806646249999998
7 0.8235028675781251 0.3802761972222222 0.01682401796874995 0.01631419722222221
7 0.815473222265625 0.4183426597222223 0.020647657031249978 0.016314197222222285
7 0.583997335546875 0.4556646298611111 0.006117824218750023 0.012235645833333328
7 0.517465996484375 0.46110269861111114 0.006117825781250019 0.0095166166666666
6 0.60642934375 0.42280964236111107 0.005353096874999963 0.020392748611111164
6 0.527662354296875 0.4330060180555555 0.006882550781249996 0.016314202777777828
6 0.47298429999999997 0.45543803958333334 0.00458837031249999 0.01223565138888887
6 0.4626604703125 0.4459214222222222 0.005353095312500056 0.017673713888888817
6 0.53970682109375 0.45781719097222223 0.004588367187499998 0.010876131944444485
6 0.5492659230468749 0.4612159840277778 0.002294185156249995 0.012235648611111098
6 0.45157191562500004 0.29841388125 0.009176739062499984 0.039425981944444445
6 0.67104886484375 0.33512082638888885 0.007647281250000049 0.03126887777777776
6 0.4597108078125 0.29977339166666667 0.00764728124999996 0.031268883333333344
0 0.6962084121093749 0.5133534520833334 0.04435422578125001 0.04622355972222228
0 0.542956915625 0.49350450069444446 0.015294560937500012 0.021752265277777776
0 0.555957292578125 0.4975830506944444 0.015294560156250015 0.027190331944444462
0 0.51083833828125 0.49690329097222224 0.012235650000000042 0.028549845833333306
0 0.582340410546875 0.5043806354166667 0.04282476953124999 0.05166163194444443
0 0.48866122421874997 0.49826281111111115 0.03747167500000002 0.055740177777777844
0 0.435582147265625 0.5045235354166667 0.01147091953124999 0.02447129861111116
0 0.41799340390625 0.5072425652777778 0.022177114062500003 0.03262839722222218
0 0.399257565234375 0.5133603902777777 0.02905966796874999 0.033987913888888874
0 0.8831566132812501 0.5079223243055555 0.05429569218750015 0.0638972736111111
6 0.209200510546875 0.38752968055555564 0.013400744531250019 0.026470605555555533
0 0.610925053515625 0.5002944590277778 0.031268403906249985 0.02647060694444442
0 0.637726542578125 0.50426505 0.031268403906249985 0.029117666666666667