0 0.263277766796875 0.6427580638888889 0.43058549921874995 0.5470723972222221
0 0.051921824609375 0.5995955076388888 0.10384364921875 0.22361324305555555
0 0.5628033289062501 0.5356317187499999 0.11993210156250003 0.09984591249999997
0 0.773860291015625 0.5547509756944444 0.06231761796874995 0.061119870833333326
7 0.7687355234375 0.4103042958333333 0.008775518749999999 0.019761169444444466
7 0.67805515390625 0.4680277166666667 0.014625865625000057 0.043682588888888874
7 0.6766119753906249 0.4201848805555555 0.015249716406249992 0.014560858333333314
6 0.410694321484375 0.30837826458333334 0.011115658593750055 0.03224190972222224
6 0.4115718722656251 0.36298149444444444 0.010530624218749996 0.05200307777777782
6 0.28227921679687495 0.34478041736111115 0.009360555468750009 0.03848228194444445
6 0.293979909375 0.34530044861111114 0.007020415624999998 0.049922955555555586
0 0.8491892144531249 0.5483887256944445 0.04738780546874999 0.05720338750000001
7 0.919908481640625 0.46466376527777775 0.021061247656249903 0.041602461111111134
7 0.958520767578125 0.4655315743055556 0.014040830468750088 0.03952234027777774
0 0.6289122445312499 0.5408320277777777 0.031006837500000016 0.0416024638888889
0 0.9582867488281248 0.5481124583333333 0.07195926171874997 0.06864406388888887
0 0.982858203515625 0.5257511347222222 0.031006835156249933 0.04264252500000004
7 0.77815953125 0.47161184444444443 0.015986842187500017 0.012434211111111104