7 0.13381929921875 0.2302479138888889 0.04649236718749998 0.09489800277777777
6 0.41929228046875 0.46790837013888886 0.00688775937500008 0.019897968055555597
6 0.43780313085937494 0.4778573555555555 0.006026788281250006 0.01530613333333335
6 0.45631398124999994 0.4778573527777778 0.003443881250000036 0.01224490277777777
6 0.4528701023437501 0.4594899986111111 0.005165818750000018 0.01224490555555562
0 0.46147979921874993 0.5020410430555556 0.013775517187500076 0.0238775722222222
0 0.474824830859375 0.50479615 0.009470667968749957 0.024489808333333387
0 0.4821430734375 0.5063267625 0.012053576562500012 0.027551033333333346
0 0.499792954296875 0.5139798291666666 0.023246185156249943 0.036734711111111075
0 0.52131719921875 0.5201022791666666 0.019802304687499994 0.036734711111111075
0 0.4309153714843751 0.5070920715277778 0.014636486718749975 0.022959195833333328
0 0.5531730796875 0.5124492152777778 0.045631396874999994 0.06734696944444446
0 0.07127521171875 0.5667859722222222 0.1425504234375 0.1270408722222222