0 0.54151573984375 0.44824187916666663 0.025048810937499954 0.037499974999999984
0 0.5085567792968749 0.44003876041666673 0.030322244531250053 0.049218718055555555
0 0.116674725 0.47988248263888883 0.11997062031249998 0.08671869305555562
0 0.22214340117187498 0.47050748888888894 0.08569330078125001 0.07265620000000005
0 0.29333475742187504 0.4564449986111111 0.06196284609374998 0.08437494166666666
0 0.45153777578125 0.4494137527777778 0.03295896250000006 0.042187472222222216
0 0.47988248203125006 0.44414031944444443 0.022412093749999952 0.023437483333333377
6 0.46867643671875003 0.11906241805555556 0.01713865937500003 0.07499994722222222
6 0.48911099140625003 0.12890612708333332 0.018457018749999943 0.0749999486111111
7 0.7646479128906251 0.2882810333333333 0.03164060234375006 0.028124980555555564
7 0.38496067265625 0.3882251708333333 0.021093735937500035 0.01640624166666661
7 0.41264620195312496 0.3949215875 0.013183585156250021 0.01640624166666669
6 0.495702785546875 0.37968722083333334 0.013183585156250021 0.028124980555555606
6 0.6862055835937501 0.3765064263888888 0.01450194218749994 0.025781230555555527
6 0.7890375429687501 0.33549082916666667 0.025048810937499954 0.03281247777777779
6 0.555028916015625 0.39408454027777773 0.010546866406250022 0.02343748611111107