0 0.5207301824218751 0.6602724965277778 0.056824005468750015 0.07040819583333338
0 0.42876294687499994 0.6732827076388889 0.041326548437500055 0.07806125972222218
0 0.36375973046875 0.6656296444444444 0.09556764531250002 0.1423470055555555
0 0.23696236835937498 0.6908847534722222 0.18683044140625 0.18979600416666673
0 0.076078422265625 0.7226115854166666 0.15215684453125 0.24100475972222227
0 0.9143499 0.7834868388888888 0.1687500765625 0.4270410083333333
0 0.5601838570312501 0.6482146020833333 0.03185588125000001 0.03826532361111114
0 0.639823559765625 0.6535717333333333 0.039604610156249984 0.04591841111111113
0 0.685613139453125 0.6788213638888889 0.03672312734375005 0.1146227444444445
0 0.8153383757812499 0.7438778833333334 0.17305492343749992 0.21275519722222222
6 0.61371491796875 0.5263438652777778 0.013775515625000078 0.029081644444444443
0 0.5014745070312501 0.6503779493055556 0.028655685937499963 0.0458490986111111
0 0.601769408203125 0.6435854965277777 0.020058980468749966 0.03056606527777777
0 0.734779566015625 0.6953779826388888 0.11318996015625 0.14773598194444437