0 0.322516315625 0.6124788722222222 0.03581091562499998 0.026118502777777764
0 0.5675915187499999 0.6279867340277778 0.0128552 0.02122128472222226
0 0.5519816328125 0.6312515465277777 0.016528114062499988 0.017956470833333307
0 0.53912643359375 0.6157436854166666 0.020201029687499972 0.0195888763888889
7 0.629204662890625 0.6394135708333333 0.01744634453125 0.031015719444444458
6 0.7074951257812501 0.5909311069444444 0.0128552 0.03264812500000005
6 0.8186007835937499 0.6056227659722222 0.014691657812499948 0.026118501388888878
6 0.932920243359375 0.614601 0.017446342968749917 0.03101572222222223
0 0.673112552734375 0.6231881333333333 0.017446342968750007 0.027750908333333355
0 0.7015776398437501 0.6354311819444445 0.021119257812499993 0.02285368888888889
0 0.649643126953125 0.6609800604166667 0.03132896484375003 0.024979256944444393
0 0.559252208203125 0.6533876513888889 0.02846508515624997 0.032648127777777744
0 0.27151037109375 0.6413268180555556 0.0482143078125 0.036734711111111075
0 0.764541159765625 0.61607170625 0.01635842578125004 0.016836743055555558
0 0.8394455308593749 0.6313778340277778 0.01635842578125004 0.013775518055555519
0 0.9001438992187498 0.6397962055555556 0.015497456249999963 0.015306130555555578
0 0.9535240249999999 0.6520411083333334 0.012053576562500012 0.015306130555555578
0 0.93113881015625 0.6489798833333335 0.013775517187499985 0.015306130555555578
0 0.979783604296875 0.6551023333333333 0.012914547656250086 0.018367355555555537
0 0.99485057421875 0.6573982534722222 0.006887757812500084 0.02908164583333333
7 0.678444182421875 0.4989798166666667 0.03357782109374998 0.06122451944444439