7 0.63633198828125 0.1790374611111111 0.02192847968749998 0.028877008333333325
7 0.6915592703125 0.06497327291666667 0.031674470312499994 0.08663103194444445
7 0.7085987066406251 0.2627807916666667 0.06412901328124994 0.07219252499999998
6 0.289943228515625 0.25917116597222223 0.00974598984374997 0.03609626249999999
6 0.29847097109375 0.2548396131944444 0.007309493750000007 0.03609626249999999
6 0.524659176953125 0.143663125 0.009745992968750006 0.047647069444444454
6 0.54252682578125 0.14077542430555556 0.009745990625000011 0.05342246805555557
7 0.574201295703125 0.2519519138888889 0.008121657031249984 0.015882355555555585
7 0.537653830859375 0.3263102131944444 0.006497327343749948 0.02021390694444444
6 0.38415447578125 0.31692518680555554 0.004872996875000002 0.01877005972222222
7 0.4877056277343749 0.30754015763888887 0.005685160156250024 0.011550804166666652
7 0.45968590429687506 0.29671127986111107 0.001624333593750027 0.01877005972222222
6 0.005685160546875 0.13211232083333332 0.00812165703125 0.06208557222222222
0 0.24649235156250002 0.40716584166666664 0.08527741875000001 0.1183957416666667
0 0.345982676953125 0.4143850958333333 0.06984626953125002 0.08085562777777784
0 0.44912774648437503 0.46203216180555556 0.12344921796875004 0.1877005652777778
0 0.57948037578125 0.43098937499999995 0.10639373593750001 0.13139039722222223
0 0.638362403515625 0.40066851388888886 0.06497327265625001 0.07941177777777782
0 0.727294569921875 0.3537433743055556 0.08527742109374996 0.06352942361111115
1 0.34517050976562497 0.38767385972222224 0.10558156640624997 0.08807488055555557
1 0.860360333203125 0.3778105548611111 0.2674614742187501 0.7440703069444445
7 0.5473998222656251 0.2570053902777778 0.03573530078124998 0.017326208333333346
7 0.6521692234375001 0.2793850722222222 0.021116312500000057 0.06208557222222224
7 0.11289106132812501 0.31764711041666666 0.02923797265625 0.02598930972222221
6 0.023552811328125 0.3356952416666667 0.014618986718749996 0.03320856111111108
6 0.5815107898437499 0.3270321388888889 0.008121659374999979 0.015882355555555547
6 0.195325901171875 0.3472460465277778 0.00406083046875001 0.01877005694444449
6 0.0452194375 0.33403477847222224 0.015592907812500006 0.030492801388888876
0 0.15553927500000003 0.37977398124999995 0.0194911375 0.01940450972222223
7 0.252215315625 0.25780277430555554 0.03820262812499999 0.011088290277777762
6 0.20777552304687497 0.26611899375000003 0.008576100781250017 0.02772072916666666
6 0.504040809375 0.2515656111111111 0.007016809375000044 0.026334691666666684
0 0.47948197617187505 0.35967645277777777 0.015592910156250018 0.023562619444444464
0 0.439330233203125 0.354825325 0.01325397421875003 0.011088291666666687
0 0.40502583203125003 0.3582904166666667 0.016372556250000024 0.015246402777777807
6 0.7075282820312501 0.29453274097222226 0.014813264062499965 0.029106765277777787
7 0.733646405859375 0.21344960833333332 0.012474328906249976 0.019404508333333344
0 0.67049512109375 0.35967645347222227 0.028067237499999998 0.029106765277777828