6 0.60879892109375 0.5355592145833333 0.006994243749999995 0.023092106944444486
6 0.71621051796875 0.59595395 0.015986842187500017 0.02309210555555552
7 0.7092162746093751 0.5400000041666667 0.015986841406250018 0.014210527777777789
7 0.7182088738281249 0.564868425 0.013988488281249989 0.014210527777777789
7 0.649765205078125 0.5453289506944444 0.014987664843750003 0.02131579027777772
9 0.170659528515625 0.6563486888888889 0.14188322578124998 0.5062500027777778
0 0.651763560546875 0.6448026354166667 0.06894325703124995 0.10657894861111114
0 0.62078905390625 0.6181578979166666 0.01298930937499998 0.035526315277777734
0 0.7526805015625 0.6385855291666667 0.06294819062500005 0.062171052777777826
0 0.7826558316406251 0.6767763194444445 0.08493010078125005 0.09592105277777777
0 0.8261200578124999 0.6341447395833334 0.059950657812500016 0.042631579166666635
1 0.908552212890625 0.6128289506944444 0.18085115234374988 0.13144736805555557
0 0.89456372578125 0.7389473729166667 0.21082648124999998 0.24157894861111112
0 0.472411174609375 0.6750000048611112 0.30375000234375005 0.5080263180555556
0 0.69023189921875 0.66967105625 0.09991776406250005 0.11723684305555555
9 0.9884864230468751 0.6838815840277778 0.02098273046875008 0.11723684583333333
7 0.772664055078125 0.58529605625 0.008992600781250016 0.01953947361111111