7 0.7039484667968751 0.2974244354166667 0.02479217265624998 0.032648129166666665
7 0.7053258101562501 0.3194619229166667 0.02387394374999996 0.014691656944444433
7 0.54120393671875 0.36614874791666663 0.018364571875000023 0.014691656944444433
7 0.591890158984375 0.36043532708333337 0.00697852890624997 0.016324062500000024
7 0.594369379296875 0.3751269847222222 0.010100513281249945 0.013059252777777728
6 0.5929920375 0.3971644715277778 0.01101874375000005 0.014691656944444433
7 0.394011884765625 0.3612515375 0.008264057031249994 0.021221283333333337
0 0.38703334804687495 0.4619710048611111 0.019282800781249998 0.05713422361111119
0 0.253201531640625 0.49502723333333337 0.08631348671875001 0.11100363333333334
0 0.33338256367187497 0.4806270798611111 0.11110566015625004 0.1371221375
0 0.158000904296875 0.5089609923611111 0.09825045859374999 0.10284160138888888
0 0.5584092359375 0.4595223944444445 0.04774788749999992 0.07345828611111113
0 0.7080854246093751 0.4601054041666667 0.09549577265625002 0.12406288611111115
0 0.4660010078125 0.4587061916666667 0.14691657343749998 0.2775090833333333
0 0.800528386328125 0.4742557861111111 0.15793531796875007 0.17793229444444442