6 0.09372687070312499 0.4004563729166667 0.03277880234374999 0.036420893055555584
6 0.47341467617187494 0.12608564791666665 0.021852535156250054 0.08498208194444444
6 0.629796883984375 0.37981786875 0.017755185156249985 0.0388489513888889
6 0.44678189843750005 0.13458385555555558 0.025949885937499938 0.08741014166666668
7 0.43585563046875003 0.45387368263888894 0.012292051562500017 0.021852534722222178
7 0.42561225468749997 0.45265965277777775 0.010926268749999935 0.01942447499999997
7 0.309520658984375 0.4623718909722222 0.01365783515625001 0.019424476388888934
7 0.31908114414062505 0.46479995138888897 0.010926267968749981 0.01942447777777774
7 0.25284064453125 0.40895458194444445 0.02321831875 0.024280594444444463
7 0.3948821265625 0.4563017416666666 0.009560484374999989 0.021852536111111064
7 0.13879772539062502 0.37374771875 0.01638940234374999 0.021852534722222178
7 0.101238679296875 0.31911637847222224 0.04233928828125001 0.03399283194444445
7 0.13196880703125 0.29969190277777774 0.019120967187499983 0.02913671388888892
0 0.22006184140625001 0.5279294972222223 0.10243376093749998 0.13111521388888892
0 0.5082421546875 0.4939366652777778 0.09423905937500007 0.12625909444444441
0 0.27401028867187505 0.5170032291666666 0.02458410234374999 0.05098925000000002
0 0.27264450546874996 0.5000068131944444 0.05463133906249999 0.09469432083333335
0 0.304057525 0.49029457430555556 0.027315668749999977 0.0752698430555556
0 0.3122522265625 0.4927226347222222 0.021852535937500008 0.05584536944444444
0 0.32591006093749997 0.49393666388888896 0.019120968749999977 0.04856118888888885
0 0.45497659921875 0.49757875347222225 0.025949885937500028 0.05584536805555555
0 0.43585563046875003 0.4975787534722222 0.023218318750000043 0.04613313194444441
0 0.42561225429687505 0.49029457430555556 0.024584102343750035 0.04127700972222222
0 0.411271528125 0.4866524861111111 0.020486753125000055 0.03399283333333329
0 0.38122429140624997 0.4890805458333333 0.025949885937499983 0.03399283333333329
0 0.3422994625 0.4927226333333333 0.01365783437500001 0.031564772222222204
0 0.35732308046875 0.49150860416666675 0.016389401562499996 0.014568355555555555
6 0.3532257296875 0.45543458541666665 0.0081947 0.019424476388888855
0 0.5686569574218749 0.4829041451388889 0.022981085156250015 0.02486842083333332