7 0.6940631859374999 0.32666894027777776 0.04289154531249997 0.022528891666666655
7 0.697962418359375 0.2946085944444444 0.005848847656250022 0.02772786944444445
7 0.741828771875 0.36999373472222225 0.025345004687499985 0.015596924999999985
7 0.885125524609375 0.19669456180555553 0.044841161718749946 0.05718872916666666
7 0.11941396171875 0.31107201319444444 0.020470964062499996 0.03639282638888888
7 0.697962417578125 0.3847241631944444 0.01949615703124996 0.027727868055555563
6 0.12575021132812497 0.3959886090277777 0.017546541406250005 0.05025675972222222
6 0.711609728125 0.38385766875 0.03509308281249997 0.046790776388888844
1 0.46400853515625 0.3899231388888889 0.38017506093750003 0.7798462777777778
0 0.834435515625 0.5181645263888889 0.08578309062500003 0.10051351944444444
0 0.098455592578125 0.57448675625 0.19691118515625 0.32753543749999997