1 0.13744790624999997 0.3327344111111111 0.272946196875 0.6585368555555556
0 0.257349271484375 0.4055200638888889 0.06433731796875 0.09704753611111114
0 0.29634158476562505 0.3951221138888889 0.06043808515625 0.07625163611111113
0 0.641910966796875 0.37519270833333335 0.10820367109375004 0.15770224722222226
0 0.5951201894531251 0.3535303118055556 0.061412892968749945 0.1178434375
0 0.5678255703125 0.34573184930555556 0.032168659375 0.10224651250000001
0 0.424041412890625 0.3587292875 0.03119385078125001 0.06585368611111109
0 0.48204247968749997 0.33706689097222226 0.047765584375 0.015596926388888871
9 0.351418228515625 0.3621952715277778 0.012672502343749992 0.051989754166666714
0 0.46449593867187505 0.42631596527777776 0.11990136484375 0.16636720833333338
0 0.77253521796875 0.42198348541666664 0.26807215781250004 0.2894096180555556
6 0.543942778125 0.22788841180555555 0.007798462500000003 0.015596926388888871
6 0.4103941031250001 0.25648277569444444 0.005848846875000024 0.020795901388888892
6 0.40552006406249996 0.25648277569444444 0.007798462500000003 0.020795901388888892
7 0.6214400019531251 0.22528892499999997 0.016571733593749992 0.01386393611111111
7 0.6112045195312501 0.24955080833333332 0.009748078124999981 0.02426188333333334
7 0.6238770214843751 0.2729461965277778 0.011697694531250047 0.02252889305555554
7 0.36262851874999996 0.31453799791666665 0.011697693750000005 0.02252889305555558
7 0.575624033203125 0.26948021319444443 0.02242058046874993 0.032926843055555544