2 0.51451880859375 0.47015300763888884 0.05281219531249999 0.12660701249999995
1 0.273263100390625 0.4459696458333334 0.04080942421875 0.032718663888888874
0 0.463306983203125 0.4993152979166666 0.03200739140624993 0.03698631805555558
0 0.3836885984375 0.5355903409722222 0.10642457499999995 0.1408325208333333
0 0.131230302734375 0.43458924166666674 0.03360776015625 0.0156480583333333
0 0.23125339921875 0.4495260229166667 0.019204434375000013 0.008535304166666672
0 0.5757329437500001 0.4893574423611112 0.01840425000000003 0.019915709722222234
0 0.6637532683593751 0.4808221375000001 0.012002771093750031 0.008535302777777786
7 0.452904580859375 0.42961031319444437 0.027206282031249973 0.03414121805555549
7 0.48091104804687496 0.43032158819444444 0.020804803906249968 0.024183362499999975
7 0.514118716015625 0.2930454458333333 0.026406097656249995 0.01422550833333334
7 0.50451649921875 0.33145431458333335 0.05521275000000001 0.045521623611111096
7 0.72216675703125 0.4466809229166666 0.007201662500000072 0.01707060972222215
7 0.735369805859375 0.44881474791666665 0.01600369609375001 0.012802956944444412