7 0.11764066132812498 0.25853472916666664 0.02064765703125 0.05030210833333331
7 0.10843489453124999 0.3651808451388889 0.037413615624999993 0.02734219305555554
7 0.2537622546875 0.2884440930555555 0.023706570312499987 0.017673713888888897
7 0.23464405429687502 0.29116312569444447 0.01300037734374997 0.020392745833333316
7 0.232732231640625 0.38307793402777784 0.050472050781249986 0.09274200694444446
7 0.541682365234375 0.37862535555555554 0.03976585703125002 0.020392749999999973
7 0.7990133667968751 0.3530211277777778 0.029824394531250055 0.05709969444444446
7 0.59725260625 0.3598187118055555 0.022941840624999977 0.010876134722222177
7 0.61713553671875 0.40060420694444443 0.013765103124999989 0.021752263888888894
6 0.356873090625 0.4506797291666667 0.009176737499999987 0.017673713888888897
6 0.5002596 0.37930511388888893 0.013000376562499926 0.03534743055555549
6 0.5110932441406251 0.3770392541666666 0.007647280468749962 0.0380664611111111
0 0.312263954296875 0.5467522388888889 0.10859138359375002 0.20256796388888887
0 0.15778888398437502 0.5555890965277778 0.28141992578125 0.3398791319444444
0 0.37858285898437505 0.5129248208333334 0.016059288281250028 0.023111780555555503
0 0.046478466796875 0.6834200965277778 0.09295693359375 0.3836317625
0 0.45696748437499995 0.5795411291666667 0.16976962812499993 0.25694862500000004