7 0.347523836328125 0.29865906180555557 0.045615541406249974 0.051346920833333344
7 0.5133965546875 0.3513602340277778 0.019491137500000023 0.012474329166666662
7 0.30094315859375 0.34027194374999997 0.029626529687500014 0.031878837499999965
7 0.64593628828125 0.40402961666666665 0.010135392187500081 0.03465091111111115
7 0.634631428125 0.35413230763888887 0.02338936406250003 0.009702256944444442
7 0.62761461875 0.3839320902777778 0.012474328124999979 0.03880901666666669
7 0.518464250390625 0.30562103194444445 0.010915036718750049 0.018018469444444445
7 0.3512302921875 0.3465091069444445 0.008576099999999975 0.011088291666666647
0 0.36019621679687497 0.4130388548611111 0.03586369140625001 0.060985601388888866
0 0.2709268078125 0.4123458368055556 0.09589639531250001 0.14276175138888886
0 0.46856693984375 0.4518478736111111 0.09979462187500002 0.1580081527777778
1 0.33758649687500003 0.38601114375 0.031185818749999993 0.06514371249999995
1 0.41048334999999997 0.3957133993055556 0.04132121093750003 0.08177614861111115
0 0.585903585546875 0.4379875104166667 0.08030348515624999 0.07761804027777773