0 0.90158779609375 0.5692065083333333 0.19530703749999995 0.36906504444444443
0 0.0693988625 0.5182172590277777 0.138797725 0.08741014027777776
0 0.15791869335937497 0.5133611388888889 0.10379954453125 0.08741014166666664
0 0.20025798203125 0.4963647229166666 0.07102074062500001 0.07284178472222219
0 0.24396305273437502 0.5060769625 0.016389400781249997 0.043705072222222204
0 0.25147486132812497 0.4963647229166667 0.03414458671875002 0.05341730972222223
0 0.5068763710937499 0.49150860416666675 0.01502361875 0.043705072222222204
0 0.56014192734375 0.45265965277777775 0.14887039843750002 0.12140297500000001
0 0.48502383632812496 0.4805823368055556 0.06146025703125 0.06070148750000005
0 0.47819491875000003 0.4684420381944444 0.05872868906249993 0.06070148750000005
0 0.445416114453125 0.4793683076388889 0.015023619531249999 0.029136712499999995
0 0.41058863671875 0.4769402472222222 0.04097350468749994 0.02913671388888888
0 0.40444261054687497 0.4684420395833333 0.03687615390625001 0.031564773611111166
0 0.388053208984375 0.47329815833333333 0.023218319531249997 0.026708655555555558
0 0.37712694140625 0.47572621875 0.025949885937500028 0.021852534722222258