7 0.59871601484375 0.47039029375 0.013183584375000024 0.02578123194444449
7 0.53543480859375 0.5278121298611111 0.015820301562499937 0.03281247638888887
0 0.413486649609375 0.5875777138888889 0.019775377343750032 0.04921871666666667
0 0.49061062031249997 0.5688277263888889 0.015820301562500028 0.016406238888888838
0 0.50445338515625 0.5770308472222223 0.014501943750000024 0.042187469444444445
0 0.518955327734375 0.5805464687499999 0.030322244531249966 0.06328120694444447
0 0.5367531671875 0.5922652104166667 0.0527343390625 0.0914061875
0 0.586191609765625 0.6086714493055556 0.08569330078125006 0.13828115416666667
0 0.38909701874999997 0.5981245826388889 0.03427732031250001 0.046874968055555556
0 0.329111708203125 0.6227339409722222 0.059326130468750016 0.07265619861111117
0 0.6389259484375 0.6438276743055555 0.1437010734375 0.1664061347222222
0 0.45765165898437504 0.65437454375 0.11337882890625002 0.17812487638888888
0 0.8571142753906251 0.7317182402777778 0.28476543046875 0.5343746333333333