0 0.700855901953125 0.5819847555555555 0.37831017734375 0.32484886944444435
0 0.18738421953125 0.4039039750000001 0.0192828 0.019588875000000013
0 0.165587216796875 0.4061971375 0.020201028906249995 0.017956472222222193
0 0.30148504843749996 0.6012696986111111 0.31036126249999996 0.4146312194444444
6 0.2995606015625 0.1101874298611111 0.015609885937499967 0.06692866249999999
6 0.279359571875 0.10610641388888889 0.015609885937500012 0.05550181666666667
6 0.45290477460937506 0.3313784923611111 0.019282800781250043 0.02938331527777779
6 0.72975069375 0.24404475277777776 0.031219771875000024 0.07019347500000003
6 0.7554610937499999 0.2554715979166667 0.0128552 0.06039903749999998
7 0.4519865453125 0.23016929791666668 0.030301543749999917 0.016324062499999986
7 0.43637665937500003 0.2668984409722222 0.030301543750000003 0.02122127916666664
0 0.9671421921875 0.8105216472222223 0.06243954374999987 0.2726118638888889