7 0.49545287031249996 0.31244055069444443 0.00959715000000001 0.019194298611111115
0 0.4882550078125 0.3668244013888889 0.00959714999999992 0.017061600000000017
0 0.49125411718750006 0.3689571013888889 0.013196081250000002 0.012796199999999973
0 0.5020509109375 0.37108980069444447 0.015595368750000027 0.01706159861111113
0 0.57402953671875 0.38281965208333335 0.032390381250000023 0.06611370138888889
0 0.575829001953125 0.38495235138888895 0.02159358828125004 0.04905210000000003
0 0.5860259734375 0.3934831506944445 0.03239038124999993 0.061848298611111116
0 0.607619561328125 0.3966822013888889 0.034789669531249956 0.06824639999999998
0 0.628013505859375 0.40308030138888884 0.04198753359374994 0.08104259999999996
0 0.45946355781250003 0.364051901388889 0.00959715000000001 0.014928899999999995
0 0.8634435921874999 0.4627959020833333 0.24352768281249998 0.27938370138888885
0 0.9456191886718749 0.5342413534722223 0.10796793671875005 0.28578180416666665
0 0.5350411140625 0.395082675 0.06478076250000005 0.09383879999999997
0 0.476258569921875 0.37162297569444447 0.014395724218750062 0.021326998611111096
0 0.6704808964843749 0.40841205138888886 0.08757399453125006 0.1002369