7 0.504667791796875 0.26062490972222224 0.024257803906249986 0.011249997222222221
7 0.49623029414062503 0.2849999006944444 0.036914049218749946 0.044999984722222226
7 0.4398045339843749 0.2765624048611111 0.05906247890624998 0.050624981944444473
7 0.57744120390625 0.34406237847222226 0.013710932812499976 0.028124990277777803
0 0.38707017695312496 0.34312488055555557 0.010546871093749965 0.013124997222222214
0 0.33328113359375 0.3515623770833333 0.03164061406250003 0.011249995833333335
0 0.450878748828125 0.38718736388888886 0.02847655390624997 0.056249977777777835
0 0.45773421484375004 0.35343737569444444 0.012656245312499958 0.011249998611111067
0 0.42662094531250006 0.3393748819444445 0.00949218437499999 0.013124997222222214
0 0.37388658789062496 0.34031238125 0.011601558593749983 0.01499999583333332
0 0.42782064804687503 0.3753748687500001 0.02003905546875 0.022499993055555556
0 0.6587971296874999 0.39974985972222216 0.03480467499999999 0.04124998611111113
1 0.46195296328125 0.33937487986111115 0.02109374218750002 0.020624993055555565
0 0.475136551953125 0.355312375 0.015820307031250015 0.014999997222222245
2 0.5564924777343749 0.37724986180555553 0.036914049218750036 0.048749981944444444
0 0.49373859375 0.4231873465277778 0.09281246718749996 0.1143749597222222
0 0.7310431984375001 0.40537485277777774 0.11812495937500005 0.12749995555555557
0 0.9455270124999998 0.4246873513888889 0.10652340156250002 0.08062497222222223
7 0.505925272265625 0.26168175069444444 0.025345003906249986 0.01732991805555556