7 0.17779927109375 0.5098186993055556 0.012235648437500002 0.01631419861111109
7 0.170916718359375 0.5261329 0.026000753906250007 0.035347430555555566
7 0.39077603281249995 0.5037008756944444 0.016059289062500027 0.03126887916666669
7 0.20341766132812503 0.5540029881944444 0.009941464843750003 0.017673715277777783
7 0.3961291296875 0.5553625034722222 0.013000376562500016 0.012235648611111098
6 0.39612913046875003 0.5689576694444445 0.017588745312500008 0.017673713888888897
0 0.06806079609375 0.5961479986111111 0.014529832812499999 0.03126888055555557
0 0.082590629296875 0.5988670326388889 0.02064765703125 0.02311178194444447
0 0.09870454101562501 0.6023629506944445 0.014529833593749996 0.020392748611111088
0 0.11667565078125 0.5969248854166667 0.021412384374999992 0.03670694583333337
0 0.12088165507812501 0.6057617430555555 0.022177113281250004 0.021752266666666662
0 0.15797096523437498 0.6118795666666667 0.016824017968749994 0.023111780555555583
0 0.13579385312499997 0.6064415020833334 0.030589121875000003 0.036706945833333296
0 0.19811918828125 0.6152783583333333 0.023706570312500008 0.01903323333333328
0 0.17173606953125 0.6247949736111111 0.032118578125000005 0.04622356111111109
0 0.22717885468750004 0.6179973916666667 0.02829493906249998 0.040785497222222175
0 0.31741676367187505 0.6363508631944444 0.05888406015625001 0.09108760694444445
0 0.359476807421875 0.6329520722222223 0.035942219531249986 0.03534742777777772
0 0.26783644375 0.6539274534722223 0.08641427031250001 0.11963745416666664
0 0.4544917910156251 0.6165600611111112 0.057354603906250023 0.06389727777777776
0 0.6511838582031251 0.7721682166666666 0.48636703984374996 0.44574086111111105
0 0.925721227734375 0.7124397701388888 0.14682778515624992 0.13867068749999992
6 0.199352335546875 0.4884715125 0.007869171093750026 0.02564766944444451
6 0.351227342578125 0.493134725 0.00786917109374996 0.02564766944444443