6 0.31632514609375 0.28681013125 0.012672501562500039 0.039858809722222215
6 0.5512538367187501 0.36219527083333336 0.014622117187500016 0.024261883333333383
6 0.263685522265625 0.39858809652777777 0.016571733593749992 0.027727868055555563
6 0.314375530078125 0.34919783263888887 0.01462211796874997 0.02252889305555558
6 0.258811483203125 0.42025049375 0.00877327109374999 0.012130943055555576
6 0.606817883984375 0.47570622916666666 0.00877327109374999 0.015596924999999985
6 0.6302132726562499 0.47570622916666666 0.008773271874999988 0.015596924999999985
7 0.280257255859375 0.27641218055555555 0.055564047656250004 0.022528891666666655
7 0.58049807265625 0.3587292881944445 0.034118275000000066 0.017329918055555598
7 0.586346919140625 0.43064844375000005 0.012672502343750036 0.02252889305555554
7 0.6199777902343749 0.3925226256944444 0.015596925781250003 0.019062909722222247
7 0.62046519375 0.4341144270833333 0.012672501562499949 0.025994876388888914
7 0.467907766015625 0.4956356340277778 0.011697694531249959 0.013863934722222224
0 0.522984409375 0.5164315333333332 0.014622117187500016 0.027727866666666597
0 0.662381931640625 0.4956356333333334 0.04776558515625 0.06931966944444447
0 0.604380864453125 0.5224970055555556 0.02144577265625003 0.025994874999999952
0 0.582935091796875 0.5276959805555556 0.023395388281250006 0.022528891666666655
0 0.564901146484375 0.5259629888888889 0.012672502343749947 0.01906290833333328
0 0.43671391484375005 0.5172980298611112 0.04289154531249997 0.04679077638888892
0 0.17010396875 0.5294289729166667 0.05556404687500001 0.03985880972222217
0 0.23297907539062498 0.5268294847222222 0.017546541406249984 0.034659833333333265
0 0.323636205078125 0.5276959805555556 0.05069000859374997 0.057188727777777774
0 0.384074291015625 0.5354944430555555 0.06238770234375002 0.0866495861111111
0 0.49568978984375 0.5207640131944444 0.04386635312500005 0.05025675972222222
0 0.7389043472656249 0.5328949555555555 0.15986848671875 0.17156618055555556
0 0.63070067578125 0.5190310215277778 0.015596925000000006 0.025994876388888914
7 0.7832581042968749 0.4003210881944445 0.026319811718749975 0.038125818055555524
7 0.8022668570312501 0.39858809652777777 0.009748078124999981 0.0415918013888889
6 0.742316174609375 0.34833133680555556 0.012672502343750036 0.045057784722222195
6 0.719408190625 0.3110720152777778 0.009748079687500067 0.043324794444444474
0 0.9679841910156248 0.4731067409722223 0.056538855468749996 0.06585368472222221
0 0.849057633203125 0.4783057159722222 0.035093082031250056 0.0415918013888889
6 0.853931673046875 0.44624537013888893 0.011697694531250136 0.015596926388888871