0 0.534299478515625 0.49408490555555556 0.007720075781250025 0.017467647222222223
0 0.523421187109375 0.4953325916666666 0.00982555078124996 0.017467644444444454
0 0.515701111328125 0.49845181805555555 0.014036502343750002 0.018715336111111154
0 0.50306825859375 0.505314111111111 0.0252657046875 0.0424214361111111
0 0.47253886484374996 0.5252771354166667 0.056847839062499975 0.08733824027777778
0 0.265851358203125 0.5084333319444444 0.05193506171875004 0.03867836388888893
0 0.1437337828125 0.5065617958333334 0.0603569625 0.047412186111111115
0 0.11811716406250002 0.6420608423611112 0.235111425 0.2570239680555556
0 0.21812724765625 0.5759333166666667 0.12492487656250002 0.12975967222222223
0 0.010387003906250001 0.7400044402777777 0.019651104687499997 0.22832711388888885
0 0.720353333984375 0.5464878479166667 0.04210950859375 0.09981513194444444
1 0.796150451171875 0.5664508763888889 0.14878693203124999 0.18216261666666667
0 0.9161625503906251 0.62758764375 0.16422708515624987 0.2670054791666667
1 0.571917316015625 0.4698797381944445 0.08070989296875002 0.18216261805555556
0 0.6364852296875 0.5902817423611111 0.17896541250000003 0.25078552083333344
7 0.644556218359375 0.4148566444444444 0.01122920234375 0.013724580555555517
7 0.6375379660156251 0.4435534930555556 0.01684380390625 0.0062384444444444085
7 0.235743063671875 0.39926052916666666 0.023160230468749977 0.014972269444444445
7 0.225566598046875 0.42421431249999997 0.016843803906250045 0.012476891666666667
7 0.24065584023437497 0.45166347291666664 0.0077200757812499795 0.02495378472222222
7 0.23047937421875 0.4497919395833334 0.0084219015625 0.01871533749999996
7 0.261359681640625 0.4560303868055556 0.014036503906249997 0.011229201388888851
7 0.406637487109375 0.47225034513888886 0.007018252343749953 0.021210715277777816
7 0.18521165234375 0.4753695680555555 0.011931026562500002 0.03243991944444444
7 0.135031154296875 0.4635165215277778 0.01122920234375 0.04366912083333337
6 0.43955308203125 0.46725958888888897 0.0077200765625000225 0.018715336111111074
7 0.33708661015625 0.4622688319444445 0.010527376562499979 0.018715336111111074
7 0.33392839765625004 0.4510396291666667 0.007018251562499999 0.011229202777777737
6 0.45253684726562504 0.45852576666666667 0.005614599218750005 0.016219961111111066