7 0.63502083671875 0.43588237916666667 0.007594932812499966 0.023628683333333338
0 0.5435124378906251 0.47651176180555554 0.008544299218749973 0.013502101388888911
0 0.5353072027343749 0.46469742013888893 0.011121160156249931 0.03713078750000002
0 0.529746619921875 0.46469742013888893 0.011392400781249989 0.03713078750000002
0 0.5231010535156251 0.4621657743055555 0.011392400781249989 0.042194076388888946
0 0.5026896695312499 0.45879025069444446 0.03702530156249999 0.0691982875
0 0.49556941953125 0.4638535395833333 0.022784801562499978 0.06582275972222228
0 0.480379552734375 0.47060458958333334 0.03417720078124997 0.0928269652777778
0 0.5987791507812499 0.4753464013888889 0.009493667187499976 0.021940916666666668
0 0.613494334765625 0.4702831118055556 0.008544300781249969 0.03544302361111112
0 0.61919053515625 0.4677514666666666 0.012341767187499996 0.04388183888888888
0 0.615393068359375 0.4660637034722222 0.025632900781250002 0.04725736527777771
0 0.624886734375 0.4694392298611111 0.016139234375000023 0.04050631249999997
0 0.630108251953125 0.47281475694444447 0.01708860078125003 0.0506328916666667
0 0.6405512859375 0.46943923055555553 0.024683534374999993 0.07088604722222223
0 0.6585892535156249 0.43821561458333336 0.02088606640624997 0.03881855138888884
0 0.6851715207031249 0.4905362680555555 0.09493667109374995 0.13333327777777784
0 0.440506149609375 0.4818563430555555 0.08164553515624999 0.11983117499999997
0 0.040348084765625 0.5367086423611112 0.08069616953125 0.19578050972222225
0 0.5661917503906251 0.48060809930555554 0.010443032031249988 0.018565390277777757