6 0.337788434765625 0.45103963055555557 0.017545625781249984 0.02869685555555558
6 0.482715328125 0.4797364798611112 0.015440151562499959 0.02370609305555552
6 0.400250873828125 0.5708177847222221 0.00912372578124998 0.008733819444444417
0 0.5732507734375 0.6232207333333334 0.0505314109375 0.06612752499999996
0 0.478925477734375 0.6394406916666666 0.05053141015625 0.07610903888888892
0 0.403128361328125 0.6375691597222223 0.044916808593750045 0.05739370555555554
0 0.364177065625 0.6138630652777778 0.035793082812499974 0.04741218888888889
0 0.45085247265625006 0.6213491972222223 0.03088030625 0.042421427777777784
0 0.5459497796875 0.6225968881944444 0.028774831250000067 0.03743067361111111
0 0.52208772421875 0.6201015104166667 0.018949278124999934 0.03243991805555556
0 0.510156696484375 0.6176061319444445 0.016141977343750023 0.027449161111111113
0 0.435412316796875 0.6107438409722222 0.018247450781249962 0.028696848611111155
0 0.95862297109375 0.6319545541666667 0.08070989062500011 0.11104433333333337
0 0.83779638046875 0.6378208138888889 0.13006298437499994 0.0718626583333333
6 0.8828258558593749 0.5071856402777778 0.011931027343750067 0.02869684999999996
0 0.059865677734375 0.6400645354166667 0.11720480234375 0.10231050972222222
0 0.24023474023437502 0.62197304375 0.040004033593749974 0.051155254166666705
0 0.28129151171875 0.6163584430555555 0.0336876078125 0.039926052777777776
0 0.31954098203125003 0.6151107513888888 0.03860038281249998 0.042421427777777784