0 0.53661279375 0.5664450131944445 0.0128552 0.022853690277777776
0 0.519625565234375 0.5672612152777778 0.01560988515624997 0.0244860944444444
0 0.704924096875 0.5517533534722222 0.04132028750000005 0.039177754166666606
0 0.791237582421875 0.5852176840277779 0.04866611484375003 0.09957679027777779
0 0.733389183203125 0.5974607333333334 0.08172234453125 0.11100363333333334
0 0.6098874394531251 0.6407195020833333 0.19650091953124998 0.25302298749999996
7 0.34341749179687503 0.5264510548611111 0.014691657031249994 0.026118504166666726
7 0.45528833593750007 0.5120314749999999 0.01377342812500002 0.026118502777777764
7 0.739174011328125 0.5030532368055556 0.016528114843749987 0.02775090694444439
6 0.5236083765625 0.48074367569444443 0.011936973437499976 0.024486095833333367
6 0.587884377734375 0.4768258972222223 0.01560988828125005 0.0244860944444444
6 0.724241322265625 0.48253932291666657 0.014691658593750035 0.026118501388888878
7 0.386851762109375 0.4845994916666667 0.008596707031249994 0.020377377777777796
6 0.384702586328125 0.5177127291666667 0.012895058593749998 0.025471722222222187