0 0.1547407046875 0.6820053291666667 0.309481409375 0.46740608055555555
0 0.57383011328125 0.5196231076388889 0.07880313593750002 0.12481143194444438
0 0.47281882187499996 0.5807552388888889 0.18196360781250004 0.29801913611111114
0 0.827364705078125 0.5647444409722221 0.34352708671875004 0.3937200319444444
7 0.270079841796875 0.17702846180555556 0.11032439140624999 0.0560377875
6 0.38910328085937496 0.055855808333333326 0.025790116406249997 0.09424536944444445
7 0.19639379101562499 0.3624261965277778 0.035819608593749996 0.06622647361111109
6 0.36904430078125 0.06240567916666667 0.017193412499999994 0.07896233611111111
6 0.41202782734375 0.05967656736111111 0.017193412499999994 0.08150950972222222
6 0.19455164218749998 0.42719714236111106 0.014941895312499986 0.07132081805555551
6 0.702064310546875 0.22075491597222222 0.017193413281249993 0.06113212638888892
7 0.49889549140625 0.4024531923611111 0.020058979687500055 0.020377376388888833
7 0.48571387890624995 0.41009470972222223 0.015760628124999964 0.03311323888888893
6 0.21276846953125003 0.43811360138888883 0.01576062812500001 0.04075475277777774
6 0.18196360625000002 0.4368400138888889 0.008596704687500002 0.03311323888888893