7 0.326674821875 0.09679253958333334 0.071639215625 0.03056606527777778
7 0.247155292578125 0.11971708819444445 0.02435733359375001 0.0203773736111111
7 0.37968784140625 0.3217927381944445 0.01432784374999998 0.03056606527777777
7 0.609649722265625 0.27509458680555554 0.010029489843750027 0.0331132375
7 0.61179889921875 0.30566065277777776 0.008596707812499993 0.02292454722222222
7 0.857879603515625 0.2458021076388889 0.022924549218749847 0.03056606527777777
7 0.8399697988281251 0.10825481319444445 0.032954038281249966 0.020377376388888892
7 0.8392534070312501 0.15410391180555555 0.03725239218750005 0.06622647083333333
7 0.8378206226562501 0.25599079583333334 0.011462275000000055 0.020377377777777757
7 0.526906428515625 0.3094814097222222 0.015760627343749965 0.010188688888888898
7 0.56129325234375 0.3247644430555556 0.015760628124999964 0.01018868888888886
7 0.4090599199218749 0.3324059597222222 0.008596707031249994 0.020377377777777796
7 0.4090599199218749 0.3578776798611111 0.008596707031249994 0.02547172083333334
7 0.42840250781249994 0.3425946472222222 0.007163921874999968 0.020377377777777796
7 0.035103215234375 0.23688700486111114 0.03581960703124999 0.03820758194444447
7 0.037968783984375 0.28783044722222223 0.04155074453125 0.066226475
7 0.213484861328125 0.3616984368055555 0.022924549218750024 0.04075475416666667
6 0.42689809023437497 0.04107315 0.012751792968749953 0.07068402777777777
6 0.43542316328124997 0.043301925694444444 0.004298353124999999 0.06113212916666667
6 0.6311414867187499 0.11462274444444445 0.010029490625000026 0.05094344166666666
0 0.539443291796875 0.3718871270833333 0.00716392109374997 0.03056606527777777
0 0.5473236046875 0.3718871270833333 0.011462275000000055 0.03056606527777777
0 0.561651448046875 0.3725239194444444 0.020058980468750053 0.03566040833333335
0 0.570964545703125 0.37252391875 0.018626196093750026 0.04075475416666667
0 0.5845759968750001 0.3725239194444444 0.028655685937499963 0.04584909722222221
0 0.6117988992187501 0.3737975055555556 0.04871466718750002 0.05349061388888891
0 0.637947212109375 0.3903541243055555 0.02579011796874999 0.03566040972222224
0 0.47489636445312494 0.3718871263888889 0.01705014609375004 0.025471722222222267
0 0.458347712109375 0.3642456104166667 0.015760627343750055 0.015283031944444442
0 0.42109532031249997 0.3782550576388889 0.03295403906249996 0.043301926388888905
0 0.7069357890625 0.3375003027777778 0.12035388125000006 0.16047184166666667
0 0.9861137984374999 0.36360881597222217 0.027222901562499936 0.06877364583333329
0 0.51200314453125 0.3706990805555555 0.012751885937499985 0.020403016666666694