7 0.22225618867187497 0.3725932208333333 0.011697694531250002 0.024261883333333303
7 0.528345851953125 0.3206034701388889 0.011697692968750052 0.013863931944444453
7 0.5288332558593749 0.3491978319444444 0.016571733593749992 0.029460858333333326
7 0.41770516210937503 0.3786586909722222 0.022420580468750017 0.02946085972222221
7 0.49861421367187503 0.37259322013888896 0.00877327109374999 0.017329918055555598
7 0.4971520015625 0.3959886097222223 0.007798462500000003 0.01906290833333336
7 0.46547074609375 0.41245203055555557 0.014622118750000013 0.013863933333333339
7 0.403083044140625 0.3899231375 0.00877327109374999 0.017329916666666632
0 0.27587062109375 0.4323814361111111 0.017546540624999985 0.019062911111111133
0 0.30901408671874997 0.43324793194444444 0.02339538750000001 0.031193852777777743
0 0.34508197695312504 0.43151493958333337 0.019496157031250006 0.02426188472222219
0 0.43963833750000003 0.4479783611111111 0.050690006249999975 0.08145061111111115