6 0.37603764921875 0.3078667673611111 0.01835347343749998 0.04690332083333336
6 0.468378560546875 0.34865226388888887 0.017206380468750025 0.03466767222222222
7 0.52630671171875 0.40881087013888884 0.013765104687499984 0.020392748611111164
6 0.18791454960937498 0.39963413333333336 0.02064765703125 0.03466767222222226
0 0.48235221757812496 0.46750374861111116 0.01720638046874994 0.041805133333333404
0 0.434747896875 0.4741313916666666 0.029824393750000056 0.050981869444444466
0 0.46170456015625005 0.4782099409722222 0.03785403750000001 0.07137461805555555
0 0.39287903671875 0.4853474034722222 0.06538424843750001 0.07341389305555562
0 0.49267604609374993 0.4731117541666667 0.01950056562499993 0.050981869444444466
0 0.5087353359375 0.48330812777777776 0.03326566875000001 0.05506041944444446
0 0.32118578124999997 0.5179758000000001 0.10094410312500002 0.11623866388888891
0 0.23687451367187498 0.5067597881944444 0.09062027421874999 0.10604229027777781
0 0.127118669921875 0.5146677652777778 0.13076849609375002 0.17537763333333328
0 0.042338131640625 0.5258837770833333 0.08467626328125 0.2630664486111111
0 0.55068613125 0.5102556895833333 0.05850169531249998 0.10400301527777774
0 0.587393077734375 0.5163735145833334 0.05161914296874999 0.12031721249999995
0 0.6292619390625 0.535746625 0.10323828593749998 0.1631419833333333
0 0.773412496875 0.5875150756944444 0.32003868906249994 0.29161629583333326
7 0.617407975 0.3436178048611111 0.01950056562500002 0.026510573611111077
6 0.612246060546875 0.40173713680555556 0.013765105468750071 0.028549848611111074