7 0.5639263390625 0.3292684270833333 0.01657173437500008 0.027727865277777753
0 0.477655844140625 0.31020551875 0.03314346640624999 0.024261884722222227
0 0.43378949140625 0.31107201458333333 0.013647309375000027 0.015596926388888911
0 0.385049098828125 0.3128050076388889 0.017546541406249984 0.015596926388888871
0 0.523471812890625 0.3110720159722222 0.015596924218750008 0.012130943055555538
0 0.555640472265625 0.3154044944444444 0.023395388281250006 0.010397950000000005
0 0.557102684375 0.3890566416666666 0.018521350000000058 0.022528891666666655
0 0.533219891796875 0.38732365069444447 0.017546541406249984 0.02252889305555554
2 0.461571515234375 0.371726725 0.061412894531250026 0.07798462777777779
2 0.403083044140625 0.44364588194444443 0.07700981953125 0.09011556944444447
0 0.12818723125 0.5190310215277778 0.254424846875 0.4349809236111112
0 0.25832407890625 0.4297819486111111 0.038992314062499964 0.07971761944444443
0 0.3007282203125 0.42025049444444446 0.043866353125 0.057188725
0 0.32071178164062497 0.3959886090277778 0.025345003906249986 0.02946085972222221
0 0.349956016796875 0.4219834847222222 0.062387702343749976 0.08491659444444445
0 0.503975656640625 0.38905664236111115 0.021445772656249938 0.032926843055555585
0 0.51957258203125 0.3942556173611111 0.00974807812500007 0.02252889305555554
0 0.5970698058593751 0.38645715486111115 0.016571733593749992 0.031193851388888937
0 0.611691923046875 0.38819014652777784 0.028269427343749952 0.034659834722222234
0 0.623389617578125 0.3951221131944444 0.032168658593749996 0.04505778472222228
6 0.8695285984375001 0.3310014201388889 0.011697693750000049 0.038125818055555524
6 0.904134276953125 0.33186791597222226 0.022420580468750017 0.032926843055555544
6 0.65117164140625 0.028594363194444444 0.023395389062500004 0.05718872638888889
6 0.678953664453125 0.028594363194444444 0.024370196093749998 0.046790776388888886
7 0.730618480859375 0.03639282638888889 0.03606789140625004 0.06585368611111111
7 0.8763522531250001 0.20622601458333334 0.04679077656250001 0.02772786527777779
7 0.8885373515625 0.08751608333333334 0.041916737500000065 0.029460861111111115