0 0.22307508281250002 0.5932812881944445 0.301817153125 0.2487234986111111
0 0.5255077453125001 0.5552447104166667 0.14625876875000002 0.10192611249999999
0 0.881794112109375 0.557324836111111 0.05148308828125003 0.056163366666666624
6 0.0797110140625 0.41409340208333334 0.015210915624999998 0.02704162083333333
7 0.42492936210937504 0.4772871236111111 0.009560482031249951 0.019424486111111132
6 0.26051198554687505 0.22563608958333334 0.019440035156250035 0.08012596249999998
7 0.40853995976562507 0.47451219166666664 0.012292049218749934 0.01942447777777782
7 0.20094087109375 0.23413430208333336 0.08604435624999998 0.03399283472222222
6 0.09850839648437501 0.4174120576388889 0.01912784296875001 0.03230480416666666
6 0.380644091015625 0.4539674909722223 0.013389489843749968 0.023803537499999944
0 0.400728328515625 0.5041249486111111 0.01721506171874996 0.028904297222222257
0 0.41794338710937495 0.5066753277777778 0.01530227421874999 0.027204044444444422
0 0.692906141015625 0.808470195138889 0.006694746093749959 0.018702779166666676
6 0.55040370390625 0.4080606638888889 0.012433096874999983 0.023803536111111138
6 0.56044582265625 0.4650191347222222 0.01338949062500001 0.032304805555555545
0 0.430376484765625 0.5075254541666666 0.011476707031250033 0.02210328611111115
0 0.39068620859375003 0.5015745694444445 0.00860752812500003 0.020403033333333397
6 0.2766108703125 0.2254295791666667 0.012757734374999963 0.07835052777777779
6 0.42235832304687493 0.4591066076388889 0.010438146093750067 0.02061855972222225