6 0.23710484140625 0.3499342125 0.008992598437500022 0.01776315833333335
6 0.41345969453125003 0.3277302645833334 0.005995065624999985 0.023092106944444444
6 0.549847439453125 0.33128289652777776 0.004995889843749967 0.02664473750000001
6 0.625285352734375 0.32773026527777777 0.00999177734375003 0.033750000000000016
6 0.631280418359375 0.38457237013888884 0.007993421093750008 0.01953947361111111
6 0.398472028515625 0.35171052847222223 0.009991774218750037 0.014210526388888903
7 0.22911142031249998 0.30819079097222224 0.020982731250000032 0.012434209722222218
7 0.8841793519531251 0.34371710625 0.027762985156249975 0.055065790277777776
7 0.88756948359375 0.1856250006944444 0.028976151562499906 0.04796052638888888
7 0.8201249925781251 0.2877631583333334 0.017985196093749954 0.014210524999999979
6 0.8171274601562502 0.3152960541666667 0.01199013124999997 0.030197369444444414
7 0.8171274609375001 0.34016447638888886 0.009991776562499943 0.012434208333333332
7 0.7521809125 0.32950658055555554 0.013988485937499994 0.023092105555555558
7 0.7581759777343751 0.3641447395833333 0.011990130468749971 0.03907894861111111
7 0.745186669921875 0.3543750027777778 0.009991777343749942 0.019539474999999997
7 0.32553206171875 0.30463815902777774 0.02797697499999998 0.04796052638888888
6 0.29955344335937506 0.3748026354166667 0.009991774218749994 0.0213157902777778
6 0.33602342734375 0.24690789722222223 0.006994243749999995 0.03907894444444445
6 0.329528773046875 0.24868421180555558 0.005995064843749986 0.035526315277777776
7 0.537357721484375 0.38013158055555557 0.007993421093750008 0.01421052777777771
0 0.51637498984375 0.4209868444444445 0.023980262500000026 0.03197368333333333
0 0.44393461132812495 0.4218750013888889 0.05095805859375 0.05861841944444445
0 0.71121462890625 0.4565131604166666 0.07793585624999996 0.09592105694444442