7 0.169872288671875 0.5158404145833333 0.06060308671875001 0.04244256805555556
7 0.381248520703125 0.3942261402777778 0.12487908828124997 0.09304716388888892
7 0.510810579296875 0.38932891875000003 0.12579731640624994 0.07998791249999995
7 0.9317265582031251 0.4627872076388889 0.13497960390625002 0.16813785694444444
6 0.70409766875 0.41871223263888885 0.012855201562499996 0.031015720833333343
6 0.732103640625 0.4129988131944445 0.013773429687500015 0.03591294027777773
0 0.578484008984375 0.5737908416666667 0.012855200781249998 0.017956472222222193
0 0.5488252375 0.5697098243055556 0.015609887499999964 0.0195888763888889
0 0.530919778515625 0.56481260625 0.01469165703124995 0.019588876388888822
0 0.511177864453125 0.5819528729166666 0.022955713281250033 0.031015718055555495
0 0.429455520703125 0.5950288104166667 0.05050257265624998 0.07016009861111108
0 0.293557676171875 0.59081439375 0.08172234453125 0.09164817916666669
6 0.28446721875000003 0.48400849027777776 0.016528114062499988 0.014691655555555547
7 0.554472144921875 0.33744172916666665 0.03786359296875004 0.022437683333333305
6 0.379353033203125 0.4823517708333333 0.00946589765625001 0.031786719444444445