6 0.708195459375 0.12256063680555555 0.048214307812500044 0.11785719583333333
7 0.621824659375 0.2977042152777778 0.028412001562499966 0.10255106666666668
7 0.602883325390625 0.33443892569444444 0.012914547656249997 0.02602042083333333
7 0.278728203515625 0.3772960888888889 0.010331635156249996 0.02908164722222221
0 0.44469088789062494 0.47066347708333334 0.012053575781250015 0.02448980694444442
0 0.46863106875000005 0.46632735416666665 0.029606918749999968 0.05255227499999996
0 0.47666876757812504 0.4812869263888888 0.02920672734375005 0.06257395555555555
0 0.48977434960937494 0.4897574965277777 0.023964494531249957 0.07492275138888883
0 0.38938238867187497 0.4715848736111111 0.025380991406249987 0.044699955555555546
0 0.4096584703125 0.47397590069444445 0.013449232812500078 0.023987412500000006
0 0.43263731132812494 0.47219408888888886 0.016358425781249953 0.027551030555555578
0 0.535523198828125 0.4882655256944444 0.07920921953124997 0.1239796513888889
9 0.3486927578125 0.4760206201388889 0.041326548437499964 0.10867351805555556
0 0.414510860546875 0.46664195625000005 0.01722448046874998 0.0279585763888889