0 0.20324743593749997 0.44104639305555554 0.0848082828125 0.0987805277777778
0 0.335333898828125 0.4263159645833333 0.035093082031250014 0.04852376805555549
0 0.293904565625 0.42458297291666663 0.012672501562499994 0.017329918055555598
0 0.1423219453125 0.43758041180555557 0.05458923906250002 0.0710526625
1 0.25247523203125 0.40465356736111113 0.044841160937500034 0.07451864305555553
7 0.302190432421875 0.3197369729166667 0.07408539609375002 0.06758667638888889
7 0.22761763203124996 0.3691272375 0.012672501562499994 0.024261883333333383
0 0.24126494140625 0.3310014201388889 0.03411827343749998 0.020795901388888892
0 0.36652775039062496 0.32926842777777776 0.021445772656249983 0.020795899999999968
0 0.17254098906249998 0.32666894027777776 0.03314346718750001 0.01906290833333332
0 0.20422224375 0.3275354368055555 0.028269428125000017 0.024261881944444418