7 0.114539921484375 0.2590822625 0.028269427343749997 0.012130944444444462
7 0.11551472929687501 0.2720797013888889 0.028269427343749997 0.010397950000000005
7 0.138422713671875 0.2885431215277778 0.007798461718750005 0.015596926388888871
7 0.562464127734375 0.09444804930555556 0.025345003906249986 0.04332479305555555
6 0.5317576796875 0.09618104097222221 0.016571732812499997 0.06412069305555555
6 0.5156733503906249 0.09704753680555554 0.015596925781250003 0.06238770138888889
6 0.5551530683593751 0.35699629513888886 0.00877327109374999 0.010397951388888889
0 0.2032474359375 0.551091370138889 0.406494871875 0.45057784861111116
1 0.789594355078125 0.36652774930555554 0.2573492710937499 0.39338912361111106
0 0.652146448828125 0.4211169888888889 0.04874039140625008 0.0866495861111111
0 0.627776252734375 0.4254494673611111 0.015596925781250003 0.07105265972222223
0 0.61802817421875 0.4167845111111111 0.017546540624999985 0.06065471111111115
0 0.605355671484375 0.4141850222222222 0.011697694531249959 0.04159180000000002
0 0.59268316953125 0.40985254236111107 0.013647309375000027 0.03985880972222217
0 0.5843973035156249 0.4063865583333333 0.00877327109375008 0.03292684166666662
0 0.375301020703125 0.43151494097222226 0.017546541406249984 0.031193851388888937
0 0.391872754296875 0.43151494097222226 0.015596925781250003 0.031193851388888937
0 0.404545255859375 0.42284998124999995 0.025345003906249986 0.031193851388888937
0 0.423554009375 0.4211169888888889 0.016571732812499997 0.027727866666666677
0 0.43963833828125 0.4193839965277778 0.00974807812500007 0.020795901388888892
0 0.449386416796875 0.4159180145833334 0.013647310156250026 0.020795901388888892
0 0.523959216796875 0.40725305624999997 0.01462211640624993 0.017329918055555518
0 0.5605145113281249 0.40378707222222227 0.017546541406249984 0.03119384999999997
1 0.41819256601562504 0.32233646111111114 0.02534500234374999 0.013863933333333339
1 0.386023907421875 0.3214699673611111 0.035093082031249966 0.015596926388888911
0 0.498614212890625 0.40811955 0.026319811718749975 0.012130941666666692