6 0.08700762656250001 0.31307994930555555 0.0127577328125 0.05360825416666665
6 0.48713655898437497 0.2522551965277778 0.017396908593750027 0.07216495972222224
6 0.10034525937500001 0.31823458888888884 0.013917528125000012 0.055670113888888886
6 0.466260267578125 0.25740983680555557 0.01739691015625002 0.07422681805555556
6 0.891324769140625 0.43988409305555554 0.027835055468749915 0.043298977777777733
6 0.85653095 0.44194594930555553 0.016237115624999986 0.04329897638888893
6 0.61819328203125 0.5347294687499999 0.017396909375000026 0.022680415277777793
7 0.60717523984375 0.5336985423611111 0.013917528125 0.02474227361111111
7 0.602536061328125 0.5048325583333333 0.025515467968750018 0.020618561111111135
7 0.879146934375 0.3873067659722222 0.02203608750000008 0.02474227361111111
7 0.8890051828125 0.3512242847222222 0.03479381875000005 0.026804127777777804
7 0.8901649765625 0.3244201569444444 0.027835054687500006 0.026804127777777766
7 0.860590228125 0.2852448923611111 0.04523196562499994 0.030927840277777778
6 0.38447171328124996 0.5827688729166667 0.0057989687499999665 0.01855670416666663
6 0.380412433984375 0.5820619520833333 0.004639175781250016 0.01855670416666663
0 0.42158512109375 0.6270987777777778 0.015077321875000039 0.03298969722222217
0 0.42796398789062506 0.6291606326388889 0.011597939843750016 0.03711340694444445
0 0.364175317578125 0.6085420722222222 0.032474232031249974 0.08659795
0 0.22557993437499996 0.6270987777777778 0.015077321874999994 0.03298969722222217
0 0.154832500390625 0.6167894958333333 0.03363402578125001 0.05360825555555553
0 0.139175280859375 0.6209132069444444 0.01623711640625001 0.04948454166666667
0 0.1961646546875 0.6117526777777778 0.048711346875000026 0.0639175361111111
0 0.30518529179687504 0.5931959736111111 0.10902063671874998 0.13814435277777784
0 0.4472600578125 0.6200001020833332 0.026675262499999963 0.04742268750000002
0 0.07612597578125 0.5870104055555555 0.11018042968750001 0.12577321666666674