6 0.37188919296875 0.5510913694444445 0.012672503125000035 0.027727866666666597
6 0.40357044765625005 0.5814187236111111 0.0077984609375000066 0.019062911111111133
6 0.4308650679687499 0.5554238506944446 0.0077984609375000066 0.019062912500000015
6 0.436713913671875 0.5831517152777778 0.007798461718750005 0.008664958333333396
6 0.39382236875 0.5978821465277778 0.007798462500000003 0.010397951388888929
0 0.6287510609375 0.6767332680555556 0.09943040156250005 0.12650839444444448
0 0.274408409375 0.6490054020833333 0.09455636093749997 0.09878052916666667
0 0.556127876171875 0.6576703604166666 0.055564047656250004 0.0710526625
0 0.531270276171875 0.6386074506944444 0.06043808671874995 0.06412069305555555
0 0.213482917578125 0.6490054013888888 0.050690008593750016 0.08491659444444445
0 0.43037766367187497 0.6204110375 0.016571732031249998 0.02426188611111115
0 0.41185631484375007 0.6212775333333334 0.010722885937499971 0.015596924999999985
7 0.723307421484375 0.4159180111111111 0.03119385078125001 0.0970475333333333
7 0.552228644140625 0.476572725 0.020470963281249956 0.07971761944444451