0 0.009677497265625 0.5483457951388888 0.01647233671875 0.01757049305555556
0 0.02367898515625 0.5512742125 0.009883401562500001 0.014642077777777807
0 0.036856853515624996 0.5483457972222223 0.014825103906249998 0.014642075000000037
0 0.08750928984374999 0.5578631451388888 0.06012402968749999 0.08785246249999995
0 0.1661647 0.5483457972222222 0.014825103124999984 0.039533608333333345
0 0.182431131640625 0.5542026284722222 0.02059042109375 0.04539043749999997
0 0.21043410546875002 0.5527384201388889 0.04529892656250001 0.06296093194444449
0 0.269734519140625 0.5563989381944444 0.05847679765625 0.0878524652777778
0 0.305561851171875 0.5717731215277778 0.07741998359374999 0.08931667361111108
0 0.392453429296875 0.5871473034722222 0.11448274296874997 0.1142082041666667
7 0.037886374609375 0.5240399381944445 0.02306127265625 0.013177868055555564
7 0.05271147734375 0.5233078361111112 0.011530635937499995 0.014642075000000037
7 0.331917590625 0.4771853020833333 0.008236168749999972 0.01903470138888884
7 0.536174569921875 0.4361874868055556 0.013177869531250063 0.03367677916666665
6 0.17460677265625 0.46840005208333335 0.01976680625 0.024891534722222195
6 0.11839492265625 0.49270590416666665 0.008236167187499999 0.008785247222222223
6 0.1352790671875 0.5183295381944445 0.005765317187500019 0.016106287500000052
7 0.8921487207031251 0.38286072986111114 0.01872688359375001 0.056596804166666695