0 0.45757503593750004 0.5246979923611111 0.03260592656250001 0.03813558472222225
0 0.37691827109375 0.52469799375 0.030889824999999992 0.028983045833333342
0 0.400943690234375 0.5239352819444445 0.018877114843749966 0.01830508055555558
0 0.419820805078125 0.5224098583333333 0.01716101328125008 0.021355927777777832
0 0.437410844921875 0.5224098583333333 0.012870760156249971 0.018305080555555502
7 0.579847258203125 0.3988505604166666 0.014586861718749945 0.030508468055555623
7 0.753602521484375 0.42325733611111105 0.058347446093749956 0.07016947777777784
7 0.740302735546875 0.5254607041666667 0.012870760156249971 0.03355931388888883
7 0.7711925613281251 0.5185962999999999 0.014586861718750033 0.03508473888888888
7 0.513348330078125 0.4621556319444445 0.006864405468749979 0.01677965555555553
0 0.48839801640624997 0.5213486875 0.0219819078125 0.02309210555555552
0 0.5133774578125 0.5133552659722223 0.015986842187500017 0.017763156944444504