0 0.49661508671874993 0.6066993576388889 0.16992453593749995 0.29183684305555563
0 0.304061741015625 0.5655028625 0.059253057031250035 0.0582135305555555
0 0.34616259726562504 0.5613447520833332 0.024948655468750004 0.04712523750000004
0 0.364874089453125 0.5551075888888889 0.026507946093749978 0.03465091111111115
0 0.39450061796875 0.5530285326388888 0.029626528125000016 0.044353165277777704
6 0.13176008789062502 0.24047732152777776 0.015592910156249995 0.07068785694444443
6 0.464278889453125 0.22730997430555558 0.017931846093750002 0.07207389305555556
6 0.3792093296875 0.47471747569444445 0.009228507812500019 0.020790545833333358
6 0.8474746472656249 0.4282852555555556 0.026507946093749978 0.03880901944444446
6 0.11822315312500001 0.24255637430555557 0.014599542187499991 0.06375767638888889
6 0.149302112109375 0.24671448333333335 0.016372555468750005 0.06930181944444441
7 0.058863235156250006 0.10464575069444446 0.047558375 0.08732029583333334
7 0.8470848242187501 0.2917606659722222 0.04288050156250005 0.02910676527777775
7 0.827203864453125 0.3458160881944444 0.035863692968749916 0.08454822083333333
7 0.827983510546875 0.3957134006944445 0.04833802109375007 0.02079054583333328
0 0.12435345625000001 0.5918375534722222 0.18477598281250002 0.18850095416666665
0 0.24080749453125 0.5714588784722222 0.04345422187499999 0.06458141805555558
6 0.44644561210937506 0.2252342208333333 0.014501942968750025 0.07265620277777778