7 0.345547151953125 0.3766540486111111 0.021794749218749975 0.0387462194444444
7 0.29163382578124997 0.3613594868055556 0.02179475000000002 0.020392745833333316
7 0.609951875390625 0.3797129611111111 0.01835347265625007 0.03262839444444442
7 0.665012296484375 0.3817522381944444 0.020647657031249978 0.01631419861111109
7 0.5761126597656251 0.4164199069444445 0.010323828906250032 0.024471297222222195
0 0.42813778203124997 0.44395011875 0.024088934375000016 0.03874622361111114
0 0.505566496875 0.45108757986111114 0.018353471875000072 0.028549848611111154
0 0.3306349546875 0.44496976041666664 0.06538424843749997 0.06525679305555557
0 0.270986167578125 0.4714803319444444 0.03785403828125 0.04894259444444447
0 0.25263269453125 0.47351960694444445 0.044736590624999996 0.05709969166666669
0 0.218793478125 0.46434287013888886 0.05047205156249999 0.07545316805555555
0 0.16959033359375 0.4586715520833333 0.11997062031250001 0.11953116805555561
0 0.10367241015624999 0.4680465465277777 0.1568846578125 0.1429686513888889
0 0.048869898437499996 0.49148402986111106 0.09773979687499999 0.16640613472222227
0 0.37775828828124997 0.47566664166666667 0.05850169531249998 0.06321751666666668
0 0.5440866382812499 0.47075384305555557 0.05391332656249999 0.0815709944444445
0 0.468378562109375 0.4850287659722222 0.07456098515625005 0.11827793750000003
0 0.775629419140625 0.5944625951388889 0.29216884140625005 0.28857377916666666
6 0.422715159765625 0.36140599444444443 0.014501942968749936 0.028124980555555564
6 0.56707541171875 0.35437474930555557 0.013183584375000024 0.03281247638888887
6 0.47940457343750004 0.4059372138888889 0.009228509374999926 0.028124980555555526