0 0.963759976171875 0.45346719444444444 0.07020421015625011 0.06240374166666669
0 0.9081816425781251 0.4534671951388889 0.04797287734375004 0.049922993055555524
0 0.8643040124999999 0.4576274402777778 0.04446266562499997 0.04992299444444449
0 0.8169161691406248 0.4534671909722222 0.03627217578124995 0.04160249583333334
0 0.771283434375 0.4617876923611111 0.05967357968749996 0.06240374305555558
0 0.6589566980468751 0.4701081875 0.05499329765625003 0.058243491666666675
0 0.59518787265625 0.4701081875 0.04446266562500005 0.058243491666666675
0 0.5624259089843751 0.47322837916666666 0.03978238515625003 0.056163369444444396
0 0.5407796125 0.4711482513888889 0.04329259687500002 0.060323619444444414
0 0.5062625421875 0.47322837986111116 0.06318378906249995 0.07280436527777781
0 0.414412033203125 0.4784286881944444 0.10179610390625 0.09152549027777776
0 0.317881244140625 0.514830875 0.20593234921875 0.16016960833333332
0 0.10434343906249999 0.5293917451388889 0.20710241875 0.18097085138888888
7 0.763092942578125 0.2402544090277778 0.022231335156250066 0.039522373611111106
7 0.7414466449218751 0.26001559166666666 0.023401403906250007 0.02912174444444445
7 0.590507592578125 0.3161789611111111 0.044462664843750055 0.03328199444444443
7 0.534929261328125 0.34842089444444446 0.02223133359374998 0.018721122222222223
7 0.536684366015625 0.3765025791666667 0.018721124218749986 0.024961497222222247
7 0.534929259765625 0.4149848861111112 0.019891192968749926 0.03952236944444449
0 0.71219489140625 0.4701081902777778 0.049142945312499985 0.06240374166666669