7 0.677501255859375 0.03942598055555556 0.08717899609374999 0.076132925
7 0.6733717226562501 0.13459213819444443 0.073413890625 0.10060422361111113
7 0.670924603125 0.2589878979166667 0.07341389218750001 0.15362537083333333
7 0.663659685546875 0.4071752041666667 0.020647657031249978 0.03942597777777779
7 0.47117762578125 0.2623866902777777 0.02753020937499997 0.040785494444444445
7 0.46850107890625 0.3337613104166667 0.02523602656250006 0.04214501249999998
7 0.47079526171874997 0.37590632361111115 0.00994146406249996 0.03398790833333333
7 0.405640434765625 0.3575528506944444 0.01147091953124999 0.010876137499999987
7 0.407934619921875 0.3752265645833333 0.03288330703125002 0.029909365277777766
0 0.10897374804687501 0.40196372569444444 0.046648410156249986 0.04622355972222228
0 0.42467898476562504 0.4123866965277778 0.021412385156250036 0.01631419861111117
0 0.37497166015625 0.41306645277777776 0.019882926562500014 0.0203927472222222
0 0.33711762265625 0.40898790347222225 0.011470920312499988 0.006797581944444491
0 0.332529253515625 0.42530210625 0.013000378906250009 0.02311178472222224
0 0.34935327265625 0.4320996840277778 0.03288330781250002 0.05845920972222218
0 0.40020768828125003 0.47107248124999995 0.09329682343750001 0.12099697916666664
0 0.05773696796875 0.45135948819444444 0.1154739359375 0.1712990847222222
0 0.218712221484375 0.5268126569444445 0.28906720234375005 0.31540783333333333