7 0.5263962367187499 0.24955080833333332 0.04289154531249997 0.02426188333333334
7 0.49520238554687496 0.30500654375 0.10527924765624999 0.09704753749999999
7 0.42062958515624993 0.3214699645833333 0.04386635312499996 0.04332479305555555
0 0.7428035785156251 0.3301349243055556 0.06628693359374997 0.03639282638888888
0 0.6823654921875 0.32840193125 0.05069000781249997 0.02946085694444444
0 0.595607594140625 0.4921696506944444 0.027294619531249963 0.051989754166666714
0 0.508849695703125 0.4861041798611111 0.023395388281250006 0.04332479583333332
0 0.502026041015625 0.4679077659722222 0.023395389843750003 0.031193851388888857
0 0.4893535386718749 0.46530827847222217 0.013647310156250026 0.02946085972222221
0 0.986505540234375 0.5978821458333333 0.02144577265625003 0.1767651555555555
1 0.4016208328125 0.5060335840277778 0.17936464374999997 0.27727867638888887
0 0.71258453515625 0.5233635006944444 0.23395388281250007 0.2911426097222222
0 0.546379798046875 0.46357528680555554 0.07311058984374999 0.14383831249999998
0 0.312425914453125 0.28681013125 0.07700981953125004 0.04332479305555555
1 0.026807215625000002 0.43324793194444444 0.051664815625000006 0.07625163611111105
0 0.195448973046875 0.4540438326388889 0.026319811718749996 0.027727868055555563