0 0.9392273597656249 0.8145061104166668 0.11990136484375 0.3639282597222222
0 0.8237126296874999 0.6516048875 0.34898120937499993 0.38125817777777776
0 0.6398638703125 0.6165984624999999 0.09748078437499999 0.162901225
1 0.5959975171874999 0.5776061423611111 0.09163193749999995 0.14730429861111113
0 0.53799645 0.5854046104166667 0.039967121875 0.058921718055555614
0 0.520449909765625 0.5793391381944444 0.02631981328125006 0.050256756944444446
0 0.505827791015625 0.5715406770833333 0.026319811718749975 0.04159180138888882
0 0.41809508515625 0.5750066604166667 0.016571732812499997 0.031193851388888857
0 0.4107840261718749 0.5767396520833333 0.017546541406249984 0.027727868055555563
0 0.391775273046875 0.5767396520833333 0.022420580468749972 0.0415918013888889
0 0.37569094492187494 0.5845381145833334 0.027294621093750006 0.03985880972222217
0 0.3532703625 0.5923365756944444 0.03704269687499999 0.051989748611111095
0 0.31915208828125 0.6044675194444444 0.052639621875 0.06931966944444447
0 0.27333611953125 0.6148654694444444 0.05458923749999998 0.09011556944444447
0 0.21874688085937502 0.6321953868055555 0.11307771015625001 0.11784343749999995
0 0.48145759492187495 0.5654752041666667 0.016571733593749992 0.02599487222222218
0 0.46342365 0.5646087097222222 0.019496156249999962 0.01386393333333326
0 0.445389705859375 0.5628757180555556 0.018521350781250057 0.017329916666666632
0 0.42930537539062497 0.5637422138888889 0.015596925781250003 0.01906290833333336