0 0.34841935546874997 0.44682383125 0.023823545312499972 0.0370588486111111
0 0.18537696484375 0.46932384652777775 0.04913606250000002 0.055588273611111086
0 0.48093782812499997 0.44814736180555553 0.014889715624999944 0.02382354583333329
0 0.45562531093749997 0.4521179527777778 0.03573531875000002 0.0635294555555556
0 0.52784043359375 0.4460297159722222 0.007444857812500061 0.021176484722222236
0 0.547197064453125 0.4513238368055556 0.031268403906249985 0.0370588486111111
0 0.154108561328125 0.4839709201388888 0.022334574218750004 0.0502941513888889
0 0.320128894921875 0.4597061993055555 0.03275737578125 0.037058848611111174
0 0.285138062109375 0.4702944416666666 0.031268403906249985 0.0317647277777778
0 0.40276681875 0.46102972986111107 0.08487138124999997 0.1244118486111111
0 0.11465081367187499 0.4914709270833334 0.08338241015625 0.06882357638888889
0 0.587399298046875 0.46367679027777786 0.049136063281249955 0.06617651666666664
0 0.690138338671875 0.4755885631944444 0.14740818828124996 0.1747060013888889
0 0.505505859765625 0.4305885298611111 0.01340074453124993 0.01058824305555556
0 0.505505859765625 0.4460297159722222 0.01935663046874998 0.02382354583333337
0 0.9147249046875 0.5735298166666667 0.16974276249999995 0.3652943666666667