6 0.5677481496093749 0.40406765694444446 0.007342024218749988 0.024240330555555543
6 0.537331196484375 0.4488190354166666 0.005244302343749929 0.016781768055555566
6 0.67735406640625 0.04605662222222222 0.03566125468749996 0.09136740000000002
6 0.709344310546875 0.03497794513888889 0.02622151171875 0.06175148194444444
6 0.652181415234375 0.047921263194444445 0.018879488281250013 0.08763811805555556
6 0.7906309953124999 0.3826242875 0.023074929687499957 0.04848066111111109
6 0.771751507421875 0.3826242875 0.018879488281250013 0.04848066111111109
0 0.55463739375 0.47772096805555553 0.01258632500000001 0.011187844444444452
0 0.50953639453125 0.47585632708333336 0.025172651562500016 0.0261049708333333
0 0.48646146445312494 0.4767886472222222 0.014684046093749981 0.035428175
0 0.47387513906249995 0.48145025 0.010488604687499948 0.03356353611111113
0 0.4607643828125 0.4842472111111112 0.017830628125000025 0.05034530277777781
0 0.444507046875 0.48611185208333335 0.01887948906249992 0.046616020833333334
0 0.419334394921875 0.49263809444444445 0.03775897578125002 0.06712706944444449
0 0.38524643046875007 0.5010289770833333 0.04719872031250003 0.06899170972222224
0 0.35168289609375 0.5140814631944445 0.043003278125 0.08763811805555556
0 0.28088481601562504 0.5299309104166667 0.10908148671875 0.1118784486111111
0 0.569845869921875 0.47958560833333336 0.011537464843750022 0.01864640833333332
0 0.5829566261718749 0.47678864791666664 0.014684047656249977 0.03169889583333337
0 0.599738392578125 0.48517953125 0.03356353515624999 0.05220994305555556
6 0.1036274 0.38542124861111104 0.012586326562499995 0.03169889444444441
6 0.11883587695312499 0.3882182097222222 0.017830627343750006 0.03729281666666664
0 0.9879677519531249 0.5372274354166666 0.020470964843749863 0.055455734722222164