0 0.12279416484375001 0.47274232847222225 0.24558832968750002 0.33798507361111113
0 0.915299541015625 0.6858285715277778 0.16839489765624993 0.5438452069444444
0 0.271706452734375 0.44353165486111107 0.10681143203125001 0.22176582916666668
0 0.73676498671875 0.5779771909722222 0.18711491718750003 0.2855235041666667
0 0.6081234816406249 0.47610351111111116 0.07328667578124995 0.1094968777777778
0 0.3422643703125 0.4442246763888889 0.043660146875000014 0.1094968777777778
0 0.3781280625 0.4303643090277778 0.03430440156249999 0.0873202958333334
0 0.406974945703125 0.4310573284722223 0.026507946093749978 0.06375767638888882
0 0.55003989296875 0.4560059854166667 0.04132121093749994 0.07207389305555559
0 0.52353194609375 0.4449176944444444 0.027287592187500032 0.06098560277777775
0 0.5009222273437499 0.43729449305555557 0.027287592187499942 0.056827494444444446