6 0.82965085390625 0.31928001527777783 0.017569074999999934 0.03817478333333335
6 0.339180790625 0.33402936180555554 0.014640896875000031 0.05032130694444443
6 0.4553319109375 0.3409702319444444 0.008784539062500051 0.03643956666666664
6 0.564162581640625 0.24119522847222222 0.025377557031249953 0.09370174305555558
6 0.68226581953125 0.3722041472222222 0.013664837500000004 0.026028263888888938
6 0.363582286328125 0.4528917604166667 0.01073665859374997 0.024293043055555567
6 0.2576797953125 0.4390100201388889 0.01756907812499997 0.024293043055555567
6 0.44410722226562493 0.3427054527777778 0.013664838281250003 0.03643956666666668
6 0.5797795394531249 0.20562327083333334 0.01952119609374998 0.07808478611111111
6 0.65103190625 0.340102625 0.013664837500000004 0.04511565555555556
6 0.5475695640625 0.39910001805555556 0.00976059843749999 0.024293044444444453
6 0.587588016796875 0.4025704541666667 0.007808477343750031 0.020822611111111104
7 0.16788229062499999 0.3201476236111111 0.035138153124999995 0.04685087222222223
7 0.2122930125 0.39042393125 0.05563541093750002 0.10411304861111112
7 0.77255135546875 0.17438935555555554 0.040018453124999985 0.06420304444444444
7 0.69007429921875 0.3218828402777778 0.052707231250000056 0.08849609166666667
7 0.6061331531249999 0.45375936875 0.017569076562500018 0.032969131944444445
6 0.042458602734375 0.5084187194444445 0.012688777343750002 0.024293044444444453
0 0.5866119578125 0.44248045416666665 0.017569078125000016 0.03123391111111107
0 0.5739231785156249 0.4659058916666667 0.02537755546874996 0.05379174166666666
0 0.5378089660156251 0.5101539375 0.08784538515625 0.14922870277777775
0 0.3635822859375 0.5084187208333333 0.104438403125 0.0763495666666667
0 0.226933910546875 0.6151345944444445 0.22546982109374997 0.2516065333333334
0 0.12014599414062502 0.7746492368055555 0.23992944765625 0.44570015972222227
0 0.47436507656249993 0.5786950277777778 0.18935560624999997 0.33489697222222226