0 0.42520349843749994 0.54915293125 0.011700701562500004 0.033281995833333314
0 0.41408783320312503 0.551233057638889 0.03159189453125007 0.04160249583333334
0 0.440414411328125 0.54499268125 0.01638098359375002 0.02496149583333336
0 0.2069854125 0.5730743645833333 0.05967357812499998 0.043682620833333394
0 0.161937711328125 0.5845150513888888 0.03276196328125001 0.029121744444444413
0 0.095243712109375 0.5907554256944445 0.09360561484375 0.0665639930555555
0 0.14906693867187498 0.5657939277777777 0.035102103906249994 0.024961497222222247
0 0.39127146328125 0.5345920569444444 0.00936056093750004 0.02080124444444446
0 0.32674209374999996 0.5345920576388888 0.014040842187500013 0.018721123611111147
0 0.33902783203125 0.5377122444444444 0.015210910937499999 0.02080124444444438
0 0.39460616328125003 0.5699541791666667 0.06084364843750003 0.11440686111111108
0 0.289299848828125 0.5876352395833333 0.08658519296875 0.10816648749999998
0 0.6543617410156249 0.6021961124999999 0.19423164765625006 0.208012475
0 0.3741299359375 0.5262715590277778 0.012870771874999987 0.018721123611111067
7 0.401041549609375 0.47530850486111115 0.017551053906250048 0.008320498611111147
7 0.44374911015625 0.47114825208333333 0.016380981250000027 0.008320498611111147
7 0.40162658437500004 0.4909094388888889 0.037442245312500025 0.027041622222222214
7 0.438483794921875 0.4909094388888889 0.024571472656250037 0.027041622222222214
7 0.376528583203125 0.4990219451388889 0.009360561718749993 0.018721123611111147
7 0.348563904296875 0.43682619375 0.016614992968749975 0.031201870833333267
7 0.071959314453125 0.3692221416666666 0.04563273671875 0.016640997222222214
7 0.113496806640625 0.40874451041666665 0.13338799921875 0.06240374027777781
7 0.22582354257812504 0.36922214166666667 0.03510210390624997 0.02080124444444446
7 0.228163681640625 0.40770444999999994 0.06084364921874998 0.056163369444444396
0 0.46217771562500004 0.5527931506944445 0.037442245312499976 0.04784287083333333