6 0.312719628515625 0.35509455138888885 0.011996436718749993 0.04052129999999998
6 0.5084090265625 0.36469170208333335 0.007197864062499981 0.029857801388888917
6 0.500011519140625 0.36042630138888887 0.009597149218750012 0.02985779999999999
7 0.10664833007812499 0.37322249999999996 0.039588244531250004 0.02132699999999998
7 0.035389491015624996 0.40361347777777773 0.020393944531250003 0.012796202777777745
7 0.043187175 0.4196087256944444 0.0215935875 0.01492889861111111
7 0.044986640625 0.4324049256944444 0.01799465625 0.01492889861111111
7 0.5320420054687499 0.3694902770833334 0.027591806249999972 0.012796198611111089
7 0.56443238515625 0.4153433270833333 0.015595367187499942 0.010663501388888916
7 0.667301838671875 0.37482202499999995 0.016795013281249993 0.0277250972222222
0 0.4810571453125 0.4720376055555556 0.011996437500000035 0.02132700000000006
0 0.470260351171875 0.47097125625 0.011996435156249952 0.019194301388888925
0 0.4516658734375 0.48376745625 0.029991095312500084 0.04052129861111114
0 0.42347424609375006 0.4795020569444445 0.021593587500000046 0.044786699999999985
0 0.40967834296875 0.47310395624999996 0.0131960828125 0.02345970138888889
0 0.39048404257812497 0.4912319076388889 0.04438682109374996 0.06824640138888888
0 0.36889045390625 0.48056840902777775 0.015595367187499987 0.029857801388888876
0 0.36109277109375004 0.48376745694444445 0.01679501250000004 0.031990499999999936
0 0.339499183203125 0.4816347569444444 0.03359002734375003 0.0533175
0 0.489454650390625 0.47630300624999994 0.016795013281249993 0.029857801388888956
0 0.49965162421875 0.47736935625 0.010796793749999978 0.027725098611111162
0 0.5164466363281249 0.4795020576388888 0.02759180703125006 0.049052101388888915
0 0.553035769921875 0.4901655555555555 0.05278432421874992 0.07037909722222224
0 0.56983078203125 0.5029617590277778 0.043187175 0.07037910416666666
0 0.604620451953125 0.5104262083333333 0.06718005078124997 0.10236959999999995
0 0.676399148828125 0.5264214583333333 0.12356330703125007 0.15995250277777784
0 0.902931873046875 0.6099522027777778 0.19194300234374992 0.4436016
0 0.26752055742187497 0.4830565527777777 0.03359002421874999 0.0490521027777778
0 0.17552286874999998 0.5005751541666668 0.0799262484375 0.07555850555555557
0 0.015595367187499997 0.4979854520833333 0.0287914484375 0.019194301388888925
0 0.007797684375 0.5225115006944444 0.01559536875 0.03412319861111115
0 0.037788778125 0.5267769013888889 0.07557755625 0.06398099999999994
0 0.29901120625 0.48625560208333335 0.0215935875 0.04052130138888891
6 0.155953688671875 0.4542651006944445 0.016795013281249993 0.017061595833333363
6 0.032390381640625 0.45639780277777775 0.01919429921875 0.025592400000000026
6 0.367090989453125 0.4521324013888889 0.011996438281249988 0.017061597222222245
6 0.49065429570312497 0.45746415069444435 0.009597150781250008 0.01492889861111111
6 0.4738592828125 0.4254736506944444 0.011996437500000035 0.01492889861111111
6 0.5206453894531251 0.4340044520833333 0.011996436718750036 0.019194301388888845
6 0.5956231234375 0.4190755513888889 0.02279323125000001 0.01919429999999996