0 0.334853653515625 0.4292436715277778 0.01961486015624998 0.039852409722222225
0 0.268303240234375 0.42799828402777773 0.026620163281250032 0.04732473750000005
0 0.4329279453125 0.4367159937499999 0.028021228124999985 0.039852409722222225
0 0.377586022265625 0.4616237548611111 0.09106898671874997 0.13948343750000006
0 0.05710681132812499 0.42667690069444447 0.11421362265624999 0.15394400138888886
0 0.3108955046875 0.42965880416666663 0.06304775937499998 0.07721404444444444
6 0.392157059765625 0.39727871597222225 0.009807427343750019 0.022416976388888878
7 0.4467984515625 0.40101488124999995 0.012609548437499996 0.024907756944444435
6 0.723648166015625 0.29017536527777776 0.02662016484374998 0.0423431888888889
7 0.743263024609375 0.23786907708333335 0.049037146093750025 0.02739853472222222
0 0.469355538671875 0.4383765166666666 0.016812735156250015 0.029889308333333274
0 0.495975702734375 0.44584884305555555 0.044833960156250005 0.039852411111111034
7 0.49527517304687496 0.40599643541666663 0.009807428906249971 0.01992620416666663