6 0.6312250453125 0.42725089166666663 0.010796793749999978 0.025592400000000026
6 0.7799808710937499 0.4613740909722222 0.008397506249999954 0.01706159861111113
6 0.57484178828125 0.4261845409722222 0.008397506249999954 0.019194298611111073
6 0.457876521875 0.38033149027777774 0.02399287500000007 0.042654000000000046
6 0.98032137734375 0.4283172416666667 0.020393943750000077 0.03199050000000001
6 0.944931887109375 0.42191913958333327 0.014395725781249879 0.027725101388888854
7 0.47107260390625 0.24063963819444442 0.031190737500000055 0.02345970138888889
7 0.9641261867187498 0.33127938958333336 0.040787887499999974 0.02132700138888891
7 0.9689247617187501 0.22357803888888886 0.040787887499999974 0.049052099999999994
7 0.6132303886718751 0.46990489027777776 0.008397505468750044 0.017061600000000017
0 0.577840898828125 0.5008290409722223 0.05278432734375001 0.0917060986111111
0 0.6120307453125 0.5040280895833333 0.01799465781249996 0.02559240138888891
0 0.63242468984375 0.5029617395833333 0.017994656249999963 0.027725101388888933
0 0.652218810546875 0.5061607888888889 0.03359002421874999 0.046919397222222235
7 0.666014713671875 0.4549759888888889 0.010796792968749979 0.012796199999999973
0 0.8051733890625 0.5413503402777777 0.11156686875000003 0.13436010000000004
6 0.67182746953125 0.4749618152777777 0.010530631249999978 0.016640997222222214