6 0.49699480781250005 0.5419459666666667 0.009278351562500032 0.016494850000000047
6 0.445963871875 0.5512243180555555 0.009278353124999939 0.018556702777777743
6 0.5300489371093751 0.57081195 0.008118558593749992 0.0164948472222222
0 0.477061945703125 0.5982818944444445 0.013917528906249999 0.02268041666666668
0 0.45850524296875 0.5993128243055555 0.009278353124999939 0.016494848611111085
0 0.447487199609375 0.6024056083333333 0.012757733593750053 0.02268041666666668
0 0.43704905195312505 0.6085911743055555 0.017396908593750027 0.04329897638888893
0 0.4979382375 0.5993128243055555 0.011597940625000015 0.028865984722222276
0 0.5106959734375 0.6013746819444444 0.02551546718750002 0.05773197222222224
0 0.529832572265625 0.6044674631944444 0.02667526328125005 0.05979382361111113
0 0.548389276953125 0.6054983930555555 0.026675261718749965 0.08247424166666661
0 0.42139183359375 0.6178695270833333 0.02319587968749994 0.057731968055555506
0 0.41095368906249996 0.6281788090277778 0.01855670468749997 0.05360825694444442
0 0.38949749921875 0.6333334465277777 0.038273201562499984 0.09278352083333338
0 0.353157274609375 0.646048204861111 0.06842784609374997 0.11958764861111107
0 0.27456673671875 0.6725774305555556 0.157731984375 0.20618560000000002
0 0.5958296765625001 0.6065980388888889 0.07886599218749994 0.1649484833333334
0 0.4699920269531249 0.6035052548611112 0.012757733593749964 0.02680412638888888
0 0.6607781410156249 0.6169073180555555 0.13917528046875 0.17731961666666665
0 0.13425769453125 0.73163671875 0.2685153890625 0.3505155208333333
0 0.0397344828125 0.8563790076388889 0.079468965625 0.28247427361111116