6 0.5810033238281249 0.3979613979166667 0.009136871093750009 0.0342914569444445
6 0.40384958984374997 0.31403756597222227 0.010152075000000016 0.03609627083333334
6 0.3013136171875 0.3744988201388889 0.010152075000000016 0.0342914569444445
7 0.31552652421875005 0.3654747520833333 0.012182492187500005 0.034291456944444416
7 0.576434890234375 0.3573530923611112 0.01827373828124994 0.02887701805555554
7 0.5764348890625 0.32757366875000005 0.030456228125000085 0.016243320833333325
7 0.62414965 0.4051806513888888 0.02030415156250003 0.03790108611111115
0 0.07949074609375 0.4990309604166667 0.157357184375 0.14979952916666667
0 0.827698783203125 0.4981285527777778 0.20811756796875 0.23823539444444447
0 0.5266897144531251 0.4638370951388888 0.05482121328125 0.0758021736111111
0 0.489634636328125 0.4557154340277778 0.029441019531249956 0.04872996805555556
0 0.7139955269531251 0.49993336527777776 0.09238389453125002 0.11189844166666663
0 0.655113483203125 0.4872996715277778 0.06395808203125002 0.09745993472222222
0 0.39065189101562503 0.4566178409722222 0.028425814843749998 0.0541444097222222
0 0.366286907421875 0.4629346875 0.04060830546875001 0.06316847500000004
0 0.16832141484375002 0.4863972645833333 0.10761201093750002 0.11370325694444448
0 0.18608755000000002 0.43496007847222223 0.07004932812500002 0.0649732902777778
0 0.31907975234375 0.47376356875 0.08629265 0.09204549305555558
6 0.42821457304687505 0.42322878958333326 0.01015207578124997 0.016243320833333286
0 0.44851872695312506 0.47466597569444446 0.07106453515625004 0.09385030694444446
6 0.6876234171875 0.3567413930555556 0.011700701562500004 0.047842869444444484
6 0.69230369765625 0.40562432430555556 0.014040842187499968 0.029121745833333375
6 0.58114703203125 0.4201851979166667 0.011700701562499916 0.01664099861111118