0 0.485815094921875 0.5437496229166666 0.09360345078125007 0.11953116805555561
1 0.5754634714843749 0.5085934006944445 0.03559567734374998 0.08671869027777777
7 0.08635247929687499 0.21445297916666664 0.030322244531249997 0.037499975000000026
7 0.086352478515625 0.2531248277777778 0.05405269609375 0.03984372222222221
7 0.09294427148437501 0.3175779076388889 0.02504881015625001 0.09843743194444446
7 0.089648376171875 0.3972653534722222 0.02900388515625001 0.05156246527777779
7 0.088989196484375 0.5906245930555556 0.017138660156250006 0.039843722222222294
6 0.26960430625000004 0.20976548125 0.022412093749999994 0.0749999486111111
6 0.22807601523437498 0.42539033125000003 0.01582030078125003 0.037499970833333326
6 0.40341769296874996 0.1253905388888889 0.02109373593749999 0.10781242499999999
6 0.391552465625 0.1359374048611111 0.010546868750000016 0.09609368472222223
6 0.6136958671875 0.3832028631944444 0.01186522656250002 0.056249962500000014
6 0.638744678125 0.4394528222222222 0.014501943749999935 0.028124983333333298
6 0.5299801054687501 0.4441403208333333 0.007910151562500013 0.018749986111111148
6 0.560302348828125 0.4476559402777778 0.007910150781250014 0.021093736111111146
7 0.834520910546875 0.40546847152777776 0.04350582734374999 0.025781229166666718
1 0.9340569757812499 0.5203121423611111 0.12656241250000005 0.2085936069444444
0 0.27185291640625003 0.7004723270833334 0.29228799843750003 0.3311323736111111