6 0.6316970394531249 0.02975442291666667 0.025822588281249993 0.05780859305555556
6 0.64781908515625 0.06363800902777778 0.023909804687500015 0.12727601805555555
6 0.600955866015625 0.19285724166666668 0.02964815859375003 0.0510075861111111
0 0.1120293875 0.3655543444444444 0.22188298906250004 0.2278338722222222
0 0.114354616796875 0.5678844298611111 0.22870923359375 0.5712849319444444
0 0.953523026171875 0.24580797708333332 0.017215058593750145 0.023803540277777795
0 0.93391698671875 0.26791126319444447 0.014345882812500044 0.01700252638888888
0 0.9248312617187502 0.2891644229166666 0.015302274999999987 0.0221032875
0 0.9047470273437501 0.3180687180555556 0.02295341249999989 0.039105813888888875
0 0.92674404609375 0.31466821666666667 0.015302274999999987 0.02890430000000003
0 0.8774898484375001 0.3282702375 0.04112486406249989 0.06290935277777779
0 0.824888277734375 0.3614251659722222 0.08894447421875 0.12241819861111113
0 0.963565143359375 0.34296527708333335 0.07172941171874996 0.16662477361111108
7 0.829670237890625 0.24046431736111112 0.020084235156249974 0.03060454861111113
7 0.8785283531249999 0.25511818194444447 0.008371065625000007 0.017007877777777795