6 0.40527594843750003 0.4021604402777778 0.007310231250000054 0.03098113055555558
6 0.575044323828125 0.42106689305555556 0.008789061718750001 0.031294044444444405
6 0.46605996328125 0.5546386027777778 0.007031248437500004 0.014062497222222229
6 0.497700584375 0.5593261027777777 0.008789060937500004 0.01093749722222223
7 0.357075601953125 0.38979487291666665 0.04394530703124997 0.024999995833333344
7 0.64008337890625 0.4515136159722222 0.03867187031250001 0.026562495833333345
7 0.66557165703125 0.5007323590277778 0.024609371875000008 0.031249995833333266
7 0.2828080328125 0.4358886173611111 0.027246090625000007 0.032812495833333344
6 0.270063894921875 0.4694823638888889 0.019335935156250005 0.03124999722222223
0 0.13999572773437502 0.5255568444444445 0.08263706328125 0.06839896666666666
0 0.412886141796875 0.5694823520833333 0.03427733984375005 0.031249995833333342
0 0.04242720390625 0.523388607638889 0.0843749890625 0.0578124930555555
0 0.49066933593749995 0.586669848611111 0.024609371875000008 0.03437499722222223
0 0.36718302265625 0.5632323513888888 0.053613274999999974 0.04062499444444446
0 0.557905655859375 0.5796386 0.03251952734375001 0.03281249722222223
0 0.53197792421875 0.5874510986111111 0.015820310937500005 0.02031249722222223
6 0.676516644921875 0.5285624763888889 0.007798463281250001 0.017329916666666632
6 0.30170302812500005 0.5017011048611112 0.010722885937500015 0.025994876388888834
0 0.510799311328125 0.5883506909722223 0.00974807890624998 0.02252889305555554