0 0.295524187890625 0.4385153236111111 0.11068086953125 0.09609368333333326
0 0.39004715859375 0.39874170694444444 0.0663824484375 0.06437085833333332
0 0.5223091578125001 0.3817549534722222 0.029168045312499925 0.04827814305555557
0 0.6817276121093749 0.4193046215277778 0.12874171796875 0.15198674861111108
0 0.575113376171875 0.37728475416666674 0.024139072656249993 0.028609269444444467
0 0.5469511265625 0.38086091319444443 0.018104303125000065 0.03576158749999997
0 0.5031990578125 0.3790728333333334 0.01709850937499997 0.02860927222222224
1 0.624397315625 0.34062912638888887 0.07644039531249999 0.15913906666666663
0 0.3478037828125 0.40947018333333335 0.028162249999999965 0.05006622222222224
7 0.520800465234375 0.18596025972222224 0.07442880546875008 0.06794701666666669
7 0.58969739921875 0.1832781388888889 0.04526075937499998 0.048278144444444455
7 0.662114615625 0.1761258208333333 0.07141142187499998 0.07331125555555555
7 0.461458580078125 0.3111258173611111 0.024139072656249993 0.04649006527777778
7 0.750624545703125 0.2583774729166667 0.02514486640625 0.051854304166666684
6 0.71290724609375 0.30218541875 0.008046357812499938 0.017880793055555542
6 0.5328700015625 0.3218542923611111 0.006034767187499934 0.025033109722222197
7 0.676195740625 0.2726821090277778 0.015086920312500052 0.023245031944444446
7 0.296005358203125 0.3692383965277778 0.01911009921875002 0.04470198472222226