7 0.812011244921875 0.09180719513888888 0.06136942578125 0.14682778472222222
6 0.3655056546875 0.03878605069444445 0.0780022625 0.07341389305555555
7 0.820614436328125 0.5144468993055555 0.037280491406250074 0.07035497916666664
0 0.814592202734375 0.5695073173611112 0.09176736640624998 0.0703549791666667
0 0.9141024402343749 0.5664484041666666 0.12216530546874989 0.10706192777777777
0 0.6846840249999999 0.5791938743055556 0.031545031250000036 0.026510573611111157
0 0.74720054375 0.5710367736111112 0.03269212499999998 0.030589122222222265
0 0.617579138671875 0.571546592361111 0.05907524140625 0.043844406944444435
0 0.527245637109375 0.5802135111111112 0.02523602578125006 0.024471300000000046
0 0.303562682421875 0.5919393402777777 0.016059288281250028 0.027530211111111036
0 0.027687037890625 0.6067240840277778 0.046457228906249995 0.03262839861111107
7 0.040305051953125 0.5333101909722222 0.01835347421875 0.026510573611111157
7 0.03801086796875 0.562879675 0.017206381250000003 0.018353472222222205
0 0.32679129765625003 0.5944884340277778 0.034986307812499985 0.04486404583333336
0 0.44780951132812497 0.5822527847222222 0.03957467578124998 0.038746222222222175
0 0.9763321839843752 0.5695073194444444 0.04588368203125004 0.10706192777777777