0 0.7500984117187499 0.5940683381944445 0.02199702031250004 0.054408087500000035
0 0.69223668359375 0.5830166958333334 0.021040628125000006 0.03570530833333328
0 0.579860601171875 0.5753655569444445 0.06790384453125001 0.11221668611111113
0 0.540648522265625 0.5847169465277777 0.07364219921875001 0.1241184541666667
0 0.4751356433593751 0.5906678326388888 0.11476706328125 0.15642325694444448
0 0.31350536328125 0.5991690958333333 0.277353734375 0.2244333694444445
0 0.159526219921875 0.5660141652777778 0.13006933828124997 0.12751895833333332
0 0.64269555078125 0.5991690958333333 0.086075296875 0.11901769444444439
0 0.8213496296875 0.6331741513888889 0.14728439843750002 0.1904283111111111
0 0.9648084570312498 0.6170217513888889 0.06886023750000003 0.1003149138888889
7 0.12720016054687502 0.17257565625 0.04781960859375001 0.10031491527777778
7 0.12480918046875 0.24908703125000003 0.0392120796875 0.04590682361111113
7 0.8141766878906249 0.4922231791666667 0.02199701953125004 0.03230480277777777
7 0.813698491796875 0.5160267173611112 0.015302275781250074 0.015302273611111082