0 0.12067313203125 0.7512233743055555 0.2413462640625 0.39050840138888887
0 0.9586766363281249 0.6680877965277777 0.07894066328124989 0.29440672361111114
6 0.303554937890625 0.547579345138889 0.0042902539062500186 0.02288135138888892
6 0.462723340234375 0.4781725791666667 0.006864405468749979 0.024406775000000006
6 0.45714601093749996 0.47817257847222217 0.006006356249999989 0.021355926388888946
7 0.3035549375 0.5666471395833332 0.01287076093749997 0.009152540277777711
7 0.50691295 0.4857996958333333 0.007722456249999965 0.027457622222222255
7 0.53565764765625 0.42859631666666664 0.018877114062500054 0.013728811111111128
7 0.522786887890625 0.4728335972222223 0.012012710156250073 0.0167796583333333
7 0.714132190625 0.4041895430555556 0.01716101406250008 0.05338982222222223
7 0.52707714140625 0.5208844354166666 0.012012709374999986 0.00915254027777779
6 0.533512520703125 0.46291834375000007 0.007722455468749967 0.02745762083333329
0 0.19586957695312499 0.6261386527777778 0.09953387890624998 0.14949149722222227
0 0.37219899296875003 0.6169861118055555 0.07808261249999995 0.1220338763888889
0 0.518496634765625 0.6192742465277777 0.11841099453124997 0.16627115416666668
0 0.811091917578125 0.6368166166666667 0.2711440164062499 0.22271182222222222
0 0.6686555046875 0.6238505173611111 0.11669489375 0.1418643791666666
0 0.46358139062500003 0.5925793361111111 0.01887711562500005 0.08847455833333334
0 0.409095172265625 0.5994437423611111 0.03861228046875005 0.06559320694444443
0 0.43354961640624995 0.5887657784722222 0.015444912500000019 0.02593219861111117