0 0.7239008371093749 0.39779245347222214 0.05691412109374996 0.05544145694444443
0 0.6564615023437501 0.39086227361111114 0.046778729687499965 0.05266938333333337
0 0.48883772265625003 0.39571340000000005 0.029626528125000016 0.03187883888888889
0 0.521193009375 0.39224830833333335 0.01949113593749994 0.024948655555555553
0 0.5500398925781249 0.3922483090277778 0.021050428906249953 0.027720729166666618
0 0.58317482578125 0.3943273638888889 0.02027078124999999 0.026334691666666684
7 0.15670874335937499 0.18226378958333334 0.028067238281249997 0.04019505416666668
7 0.8252547507812501 0.20790546319444445 0.033524757812500104 0.019404512500000002
7 0.8408476609375001 0.29522575902777776 0.02260972031250006 0.011088293055555533
7 0.81550918125 0.30700706944444445 0.014033618750000088 0.04296712777777781
7 0.059253057812499996 0.13583156944444447 0.020270782812500006 0.06652975
6 0.031965465234375004 0.12543629722222222 0.018711491406250003 0.07623200277777778
6 0.75313754375 0.1399896798611111 0.014033618749999999 0.05266938472222221
6 0.8307122687499999 0.26819804861111113 0.014813264062500053 0.04296712777777777
6 0.09082869882812501 0.25780277430555554 0.013253972656250002 0.05821352916666669
6 0.302892273046875 0.28760255833333337 0.007016810156249997 0.03465091111111111
6 0.834610496484375 0.3201744152777778 0.014813264843749962 0.022176583333333333
7 0.02052519140625 0.48246139444444447 0.0410503828125 0.09726398611111114
7 0.421398386328125 0.3520532513888889 0.010135391406249994 0.011088288888888877
7 0.42256785468749997 0.3652205993055555 0.00779645468750001 0.012474329166666662
7 0.4346523609375 0.3763088888888889 0.014813264062499965 0.018018472222222214
7 0.16567466640625 0.25364466597222224 0.01169468281249999 0.011088290277777801
6 0.08069330781249999 0.3174023423611111 0.005457517187499994 0.027720729166666697
6 0.5017018730468751 0.3229464861111111 0.007016810156250042 0.019404508333333344
6 0.5399045011718749 0.3167093236111111 0.007016810156250042 0.023562619444444464
7 0.24441886054687503 0.38878321736111116 0.013253972656249991 0.040195056944444474
6 0.6073438363281249 0.34858816111111113 0.006237163281249991 0.012474327777777777
6 0.38514194296875 0.1678123875 0.015820301562499983 0.06093745833333334
6 0.294834387890625 0.33421852083333337 0.01713866015625003 0.028124980555555564