6 0.538071525390625 0.3824997319444445 0.015820302343750026 0.06093745833333332
6 0.58487325078125 0.5758589715277778 0.00922850781249993 0.03046872916666664
6 0.2829691625 0.5582808590277778 0.009228509374999971 0.02343748472222226
6 0.2987894640625 0.45398405555555554 0.014501943750000024 0.03984372222222221
6 0.229575644140625 0.4258590763888888 0.010546867968750017 0.04921871666666667
6 0.627719901171875 0.5430464951388889 0.013183583593749937 0.03046872916666664
7 0.213096162890625 0.41765595555555557 0.027685527343750006 0.03749997500000006
7 0.016660751953125 0.48445278541666664 0.014501942968749997 0.03046872916666664
7 0.017319930078125 0.5242965083333333 0.01845701796875 0.05859371111111113
0 0.195957503125 0.6239058152777778 0.05668941406250001 0.05624996111111113
0 0.554551006640625 0.6789839006944445 0.07778315078124995 0.1429686513888889
0 0.7463721628906249 0.6883588951388889 0.1476561492187499 0.23671858749999994
0 0.38646030195312503 0.6930463916666666 0.34013648515625 0.36796849722222214
0 0.8782080101562499 0.7258588694444444 0.24257795781250008 0.4570309361111112
9 0.235416094921875 0.6212775340277777 0.014622117968750015 0.06412069305555555