0 0.47005606953125 0.4789761673611111 0.015411675000000003 0.027398531944444453
0 0.37408336953125004 0.4827123305555555 0.011208490625000022 0.019926205555555597
0 0.36427594023437504 0.4876938833333333 0.008406367968750005 0.019926208333333365
0 0.3530674484375 0.4879429555555556 0.01681273593750001 0.025405902777777812
0 0.45044121171875 0.4769835388888889 0.03222441093749993 0.052306288888888886
0 0.32294463125 0.4969097472222222 0.018213795312500024 0.022416980555555535
0 0.38108867734374996 0.4794743145833334 0.011208490625000022 0.01245387916666666
0 0.422419984375 0.47324737569444436 0.012609553124999983 0.014944654166666677
0 0.40770884140624997 0.47324737569444436 0.011208490624999979 0.014944654166666677
0 0.24728732187500002 0.5118543993055555 0.03222441093749997 0.042343187499999935
0 0.554820279296875 0.4851823479166667 0.019614860156250025 0.047117170833333374
0 0.570932484375 0.47885162152777777 0.03222441093750002 0.03985241250000008
1 0.12119180273437499 0.51870403125 0.04623502265625 0.039852409722222225
1 0.040630778125 0.5286671368055555 0.05324032968750001 0.049815512499999985
7 0.04903714609375 0.5442344819444445 0.011208490624999994 0.02241698055555561
7 0.39650035078125 0.26609786597222224 0.022416981249999957 0.03736163472222221
1 0.19544805312500002 0.5056274576388888 0.071454128125 0.09963102361111116
0 0.5218953378906249 0.4950416624999999 0.07425624921875 0.0921587
1 0.796363248046875 0.42716802500000006 0.40350565703125013 0.6251846888888889
6 0.37604485664062504 0.2864392 0.014010613281249995 0.054797061111111094
6 0.506483663671875 0.26236169930555553 0.015411674218750004 0.06143912638888887
6 0.58214097421875 0.2851938131944444 0.012609551562499988 0.057287840277777766
7 0.5303017046875 0.42965880277777774 0.007005307812500039 0.022416977777777763