6 0.5710304871093751 0.24421857500000002 0.013183585156250021 0.056249961111111094
6 0.71604991875 0.3942184722222223 0.013183584375000024 0.028124980555555526
7 0.7022071546875 0.35554662361111106 0.027685528125000046 0.025781233333333337
7 0.714072380859375 0.32390602013888886 0.01713866015625003 0.01874998750000003
7 0.7015479761718749 0.2641404361111111 0.021093736718750034 0.04453121944444444
7 0.7002296167968749 0.15515613541666665 0.03164060390625005 0.03749997638888889
7 0.645517741015625 0.2875779201388889 0.025048810156250045 0.04921871527777778
7 0.615854675 0.27117168124999996 0.018457018750000033 0.053906212499999974
0 0.22496138984375 0.5043746444444445 0.17797839218749997 0.14531239999999992
0 0.31724648203125005 0.49499965277777785 0.027685528125000004 0.07031245277777781
0 0.36404820703125 0.4832809104166666 0.03427732031250001 0.05156246527777779
0 0.39832552773437496 0.49499965277777785 0.06064448984374997 0.07031245277777781
0 0.47544949843750006 0.46687467222222223 0.014501943749999935 0.023437483333333377
0 0.49852077148437496 0.4739059180555556 0.010546867968750017 0.018749988888888916
0 0.4517190453125 0.4703902937499999 0.019775376562500037 0.03046872638888887
0 0.551255109765625 0.4938277791666667 0.07646479140624995 0.07265620277777782
1 0.563120336328125 0.43992156597222226 0.05800777265625001 0.06328120694444447
0 0.085783935546875 0.5301558784722222 0.17156787109375 0.15937489027777782
0 0.890073236328125 0.65554641875 0.21884750546875004 0.5882808458333334