7 0.47136600078125 0.2450605645833333 0.05326555468750005 0.02670865416666663
7 0.351177055078125 0.2547728027777778 0.04233928828124998 0.026708655555555558
7 0.336836328125 0.30333399236111114 0.07375230781249997 0.06555760694444446
7 0.43448984765625004 0.30697608333333337 0.11609159531249995 0.0922662611111111
7 0.3382021125 0.35068115208333334 0.060094473437500004 0.029136712499999995
7 0.504144804296875 0.31061817152777776 0.02048675234374997 0.041277012499999995
7 0.504827696484375 0.3616074215277778 0.024584102343750035 0.05584537083333336
7 0.29176547539062503 0.4101686097222223 0.024584103906249988 0.04127701111111111
7 0.5492156589843751 0.45508771249999996 0.012292050781250018 0.038848952777777786
0 0.5813115710937501 0.5170032305555555 0.019120968749999977 0.02185253611111114
0 0.539655175390625 0.52185935 0.015023617968750003 0.012140297222222231
0 0.47204889335937494 0.5255014368055555 0.03277880390624999 0.04370507083333332
0 0.430392496484375 0.5242874083333333 0.020486750781249972 0.012140297222222231
0 0.10601892187499999 0.5437118840277778 0.043705070312500004 0.04127700972222222
0 0.048656016015625005 0.5558521812499999 0.027315669531250003 0.04127700972222222
0 0.066411201171875 0.5522100930555556 0.019120967968750003 0.02913671388888888
0 0.017499090624999998 0.5522100930555556 0.034998181249999996 0.06798566666666667
0 0.370980916015625 0.5279294979166667 0.03551037109374997 0.0437050708333334
0 0.6202364003906251 0.50971905 0.028681453906250008 0.021852536111111064