0 0.3796872390625 0.4691402798611111 0.031640603125000014 0.04921871527777771
0 0.37045872968750004 0.4749996479166667 0.029003885937500008 0.046874968055555556
0 0.36123022070312494 0.47617152222222214 0.02636716953125 0.03984372222222221
0 0.324316183203125 0.46679653125 0.055371055468750006 0.09609368472222223
0 0.31772439023437504 0.47851527083333334 0.05009762109375 0.0773436972222222
0 0.26828594843750003 0.4953121465277778 0.08833001718750003 0.10312492916666668
0 0.408691125390625 0.47539028611111117 0.02636716953125 0.04921871666666667
6 0.1028319609375 0.3746091048611111 0.01318358593750001 0.02578123194444441
7 0.13513174296875002 0.26328105625000003 0.035595678124999995 0.02343748472222222
6 0.31311013632812495 0.16835924652777776 0.014501942968749982 0.06328120694444443
6 0.417919634765625 0.4062497083333333 0.007910150781250014 0.018749986111111068
0 0.439672549609375 0.4402340604166667 0.05141598046875 0.03046872916666672
1 0.5022945765625 0.4437496826388888 0.03427732031249997 0.12187491527777776
1 0.594579669140625 0.40390595972222226 0.17138660078125004 0.34218726388888887
0 0.4521969546875 0.5093746368055556 0.09228509218749999 0.13124990972222222
6 0.747509251953125 0.19296860555555556 0.013183585156249933 0.07031245277777776
6 0.7620111953125 0.19101549305555557 0.01318358593750002 0.0726562
7 0.8833001742187501 0.22734359375 0.036914037500000066 0.01874998750000003
7 0.8793450984375 0.33277984236111113 0.02900388593750005 0.08912729583333336
6 0.90984614140625 0.39302208402777783 0.007018251562499955 0.029944540277777775
6 0.898967851171875 0.3936459277777778 0.01614197890624993 0.03867836388888893