0 0.388994903125 0.502061938888889 0.009278353125000027 0.014432994444444427
0 0.37681706484375 0.502061938888889 0.015077321874999994 0.014432994444444427
0 0.37391758046875 0.50721658125 0.013917528125 0.02061855972222225
0 0.35942015625 0.5082475069444445 0.019716498437500007 0.026804130555555538
0 0.34608252421875 0.52061864375 0.023195879687499987 0.03917526527777777
0 0.3559407734375 0.5134021493055556 0.01739690937499998 0.03298969583333336
0 0.40987119492187496 0.5010310090277778 0.00927835234374994 0.028865987499999968
0 0.4139304734375 0.50618565 0.00811855937499999 0.02268041666666668
0 0.423208824609375 0.5082475083333334 0.01739691015625002 0.030927838888888854
0 0.42842789804687503 0.5113402909722222 0.011597939843750016 0.028865979166666653
0 0.44350522109375 0.5072165763888888 0.018556703125000063 0.04123712222222219
0 0.442345426953125 0.5154640020833333 0.01855670546874997 0.04123712083333331
0 0.451623778125 0.5175258597222222 0.023195878125000034 0.04123711666666665
0 0.8737888332031251 0.5012371930555556 0.011597939843749927 0.030927841666666702
0 0.47174621054687493 0.5216495701388889 0.04001289296874999 0.05360825694444442
1 0.173389205078125 0.5621503131944444 0.34445882109375 0.33667162916666665
7 0.45869852890625007 0.46391760277777777 0.012757732812500056 0.020618561111111135
7 0.459278426171875 0.4793815236111111 0.009278353906250026 0.014432994444444427
0 0.531765551953125 0.5340207027777778 0.08002578515624999 0.09484537500000004
7 0.9016238878906251 0.28041241666666666 0.044072172656250075 0.032989694444444474
7 0.9080027546875 0.34123717152777777 0.010438145312500069 0.0845361013888889
0 0.23575067460937502 0.42591332152777783 0.20562432109375 0.3009447430555556