6 0.56710618984375 0.07904474027777778 0.014040840624999973 0.0915254888888889
6 0.698154048828125 0.38378301458333336 0.02106126328125004 0.031201870833333346
6 0.5442898222656251 0.08320498888888889 0.02223133359374998 0.08320499166666667
7 0.67533768046875 0.19241153888888887 0.024571473437499946 0.06448386666666665
7 0.687623417578125 0.2943376527777778 0.03744224609374998 0.022881372222222238
7 0.679432926171875 0.3182590854166667 0.03978238671874994 0.020801248611111114
7 0.670072364453125 0.3723423284722222 0.011700702343750003 0.07904474027777775
7 0.508602680859375 0.4409864451388889 0.011700700781250007 0.0166409986111111
6 0.5817320667968751 0.4014640756944445 0.01755105234375005 0.020801245833333266
0 0.43956854140625 0.44514669374999993 0.00936056093750004 0.016640995833333328
0 0.44892910273437503 0.44410663333333333 0.009360561718749948 0.014560875000000017
0 0.45653455859375003 0.44514669374999993 0.010530631249999978 0.016640995833333328
0 0.430207980078125 0.4493069430555555 0.009360561718749948 0.02080124722222223
0 0.429037909765625 0.4545072576388889 0.009360560156249953 0.01456087361111113
0 0.41733720859375 0.45242712986111105 0.016380981250000027 0.02704162083333333
0 0.430207980078125 0.4732283784722222 0.018721122656249988 0.02704162083333333
0 0.408561682421875 0.4690681291666667 0.029251752343749972 0.03952236944444449
0 0.386330349609375 0.4825889395833334 0.017551052343750005 0.03744224583333333
0 0.370534401171875 0.4836290020833333 0.02340140234375001 0.04784286805555556
0 0.35005817421875 0.4919495013888889 0.01989119374999997 0.04784286944444444
0 0.556575558203125 0.5002699993055556 0.06786406953125006 0.1185671097222222
0 0.20964975351562504 0.5075504368055556 0.05265315703125002 0.0956857375
0 0.288044455078125 0.4711482527777778 0.10647638515625002 0.17681060277777777
0 0.47525568085937503 0.5210712493055556 0.09243554140624992 0.14768885694444447
0 0.10551350898437499 0.65315916875 0.20944256015625 0.44930694305555546
9 0.6115688562500001 0.5137908111111111 0.011700701562500004 0.054083244444444505
6 0.469990365234375 0.4108246361111111 0.009360561718750039 0.01872112222222226