0 0.0325247796875 0.5407419319444445 0.065049559375 0.08727957222222224
2 0.060586399218749996 0.4903011395833333 0.11986772343749999 0.10881608749999998
0 0.23433083867187499 0.49030114027777777 0.09372635859374998 0.09521407777777774
0 0.320087268359375 0.4659308715277778 0.034430091406249995 0.041939534722222206
0 0.36663165 0.45516261180555556 0.03187971406250001 0.03400502638888885
0 0.42082716367187506 0.44892835694444444 0.01530226171875002 0.019269513888888905
0 0.441548976953125 0.44212735 0.021040611718750046 0.019269513888888826
0 0.460995602734375 0.44212735 0.011476697656249969 0.019269513888888826
0 0.168977425390625 0.5016361493055556 0.03825565703125 0.03853903194444446
0 0.49032493906249996 0.45402911180555555 0.04973235312500002 0.06574305416666672
0 0.5830949046875 0.4296588395833333 0.02869174218749997 0.04420653472222216
0 0.51264073828125 0.43532634444444446 0.02295339375000003 0.03287152499999995
0 0.5327249578125001 0.4307923430555555 0.013389479687500039 0.01700251388888887
0 0.5483460179687499 0.43192584375 0.020403017187499994 0.021536518055555596
0 0.60509190703125 0.4188905826388889 0.01912782812499998 0.02720402083333337
0 0.637290419140625 0.4171903319444444 0.026141364843750025 0.023803519444444435
0 0.655461855859375 0.4200240826388889 0.014027072656249917 0.022670018055555612
0 0.6838348 0.4160568291666667 0.00956391406249999 0.01700251388888887
0 0.6940363078124999 0.41945733055555556 0.013389479687500039 0.01700251388888887
0 0.7048754125000001 0.42172433333333337 0.013389479687500039 0.021536519444444478
0 0.7204964710937499 0.4200240826388889 0.016577451562500033 0.022670018055555612
0 0.73516113828125 0.4143565770833334 0.02295339374999994 0.02720402083333329
0 0.7542889671874999 0.41832383125 0.01912782812499998 0.032871526388888836
0 0.774054390625 0.4211575819444445 0.02167820625000001 0.03400502777777782
0 0.796051392578125 0.4149233291666667 0.026141364843749938 0.03287152500000003
0 0.845783745703125 0.41038932361111113 0.06949777578124987 0.0714105583333333
7 0.7644904761718749 0.3049737361111111 0.04463159921875004 0.08501256944444448
7 0.63824681015625 0.36674953819444445 0.012751885937499985 0.027204020833333332
6 0.50052644765625 0.40812232430555556 0.008926318750000028 0.021536518055555596
6 0.5199730722656251 0.3922533083333333 0.005738347656249943 0.010201508333333307
6 0.57353099140625 0.3939535604166667 0.005738348437499941 0.013602012500000014
6 0.579269339453125 0.38715255694444445 0.005738347656250031 0.013602011111111128
6 0.599353559765625 0.3877193069444444 0.0038255664062499584 0.019269516666666674
7 0.52889939296875 0.40698882222222227 0.040168439062500026 0.023803519444444435