6 0.486745366015625 0.4494032798611111 0.0070499023437500695 0.02506631805555557
6 0.42336807890625006 0.4485080513888889 0.008920496874999984 0.01969496388888893
0 0.464084966015625 0.5281831347222222 0.040285152343749964 0.07519895555555552
0 0.41926773281249996 0.5138595256944445 0.04129228281249997 0.06803714861111117
0 0.387543172265625 0.5290783604166667 0.016114061718750027 0.04118037916666661
0 0.37344336953125 0.5308688138888888 0.030213865624999992 0.06624669722222226
0 0.35481148515625 0.53713539375 0.02719247812500001 0.06445624861111111
0 0.327115440234375 0.5308688125000001 0.03625663984375001 0.09131301666666664
0 0.27877325625 0.5371353944444445 0.09265585625000003 0.12175068888888885
0 0.217841959765625 0.5604112590277778 0.09769149921875002 0.13965520416666663
0 0.10605065624999999 0.5962202868055556 0.2084756734375 0.24350137916666673
0 0.502859428515625 0.5237070076388889 0.02316396484374996 0.02685677361111113
0 0.53206616484375 0.5263926847222222 0.039278025000000036 0.05013263611111106
0 0.5783940921874999 0.52370700625 0.07754892187499998 0.10205572083333334
0 0.5990402351562499 0.5478781013888888 0.07855605156249998 0.1468170083333333
0 0.709320844140625 0.5648873875 0.23466102421875004 0.2488727305555556
0 0.8634115601562501 0.628448411111111 0.27293192187500004 0.4870027555555556