0 0.18720690273437499 0.4945309097222222 0.16874988359374998 0.1499998944444444
0 0.356615965234375 0.45664031805555555 0.05668941484375001 0.0773436972222222
0 0.519433236328125 0.47070280833333333 0.07646479140624995 0.13828115555555556
0 0.483617844921875 0.4679684319444445 0.022412094531250037 0.06093745833333336
0 0.47135710820312504 0.4533590708333334 0.016171860156249985 0.033906219444444476
0 0.46063446093750005 0.45281219930555555 0.013183584375000024 0.02812497916666664
0 0.39603489609375 0.44109345625 0.03691403750000002 0.0609374569444444
0 0.439936228125 0.44179657152777785 0.020302734374999964 0.02109373472222218
6 0.4106686640625 0.35812475416666667 0.006591792187500012 0.018749986111111148
6 0.40710909960937497 0.35812475138888894 0.005273435156250006 0.023437483333333297
7 0.29900370117187497 0.4003122277777777 0.02636716953125 0.046874972222222214
6 0.46626473671874996 0.3653389138888889 0.008580506249999953 0.016779658333333378