7 0.54443018125 0.5389604270833334 0.016571732812499997 0.031193851388888857
7 0.597557209375 0.49476913819444446 0.03314346874999998 0.04332479305555555
7 0.6906513593750001 0.5545573534722222 0.010722887499999967 0.020795901388888816
0 0.47863065234375 0.5848847083333333 0.013647309375000027 0.015596924999999985
0 0.464008534765625 0.5814187243055555 0.007798463281250001 0.015596926388888871
0 0.45572266875 0.581418725 0.006823654687499925 0.019062911111111133
0 0.44256276210937495 0.5796857326388889 0.015596925781250003 0.025994876388888834
0 0.418679970703125 0.5822852194444444 0.03411827421874998 0.048523769444444455
0 0.21251319882812503 0.6175695784722223 0.12671484296875 0.1364224013888889
0 0.2792824484375 0.5831517159722223 0.020470965624999993 0.02252889305555562
0 0.019586791796875 0.6039476173611111 0.03881104296875 0.05025676249999999
0 0.3046274515625 0.5848847083333333 0.012672501562499994 0.012130944444444462
0 0.329972455859375 0.5857512034722222 0.016571733593750037 0.013863934722222224
0 0.368477365234375 0.5788192361111111 0.011697692968749961 0.013863933333333339
0 0.380662462890625 0.581418725 0.012672502343750036 0.019062911111111133
0 0.737442135546875 0.5900836833333334 0.04191673671874998 0.060654711111111065
0 0.790081758984375 0.5900836840277778 0.014622117968750015 0.025994876388888914
7 0.17790243203124997 0.46444178124999996 0.03801750625 0.020795901388888892
7 0.376275827734375 0.5363609381944444 0.03899231171875002 0.04679077638888892