0 0.08028748124999999 0.6590553020833333 0.16024610625 0.22535439583333322
0 0.22653127578124996 0.6097020826388889 0.1339370453125 0.1339370458333333
0 0.313231594921875 0.6107650763888889 0.05381399140624996 0.07228348611111117
0 0.39036498281250004 0.5926942034722222 0.03348426093750003 0.044645679166666716
0 0.4154781785156249 0.5873792375 0.014350397656250014 0.042519697222222264
0 0.43102444257812494 0.5788753034722222 0.014350397656250014 0.0297637902777778
0 0.44238517421875 0.5756863263888888 0.008371065625000007 0.027637805555555495
0 0.45015830625 0.5724973479166667 0.007175198437500007 0.0255118180555555
6 0.469890103125 0.5172217409722222 0.008371065625000007 0.02125984583333336
6 0.509951630078125 0.52572568125 0.009566932031250008 0.01700787916666668
0 0.77483605390625 0.6235209854166666 0.1877510359375 0.19133863749999994
0 0.6467644640625 0.5988190743055556 0.09925691875 0.12330712083333337
0 0.576208341796875 0.585000173611111 0.046638792968749954 0.05740159166666664
0 0.546909612109375 0.58393718125 0.021525596093750023 0.03826772638888893
0 0.483528690234375 0.5775592270833333 0.016742130468750015 0.02551181805555558
6 0.509353696875 0.5576154541666666 0.008371065625000007 0.01700787777777772