6 0.25033815234374995 0.2982225409722222 0.01199643749999999 0.04478670138888891
6 0.4338836468749999 0.33767749027777777 0.00959715000000001 0.03412319999999999
0 0.349908584375 0.42298549027777776 0.02399287499999998 0.034123200000000034
0 0.324716065625 0.4229854923611111 0.016795012499999994 0.02559240138888883
0 0.309120696484375 0.4229854923611111 0.014395725781250012 0.02559240138888883
0 0.289926398828125 0.42405184027777776 0.023992875781249978 0.03625589999999998
0 0.275530673828125 0.4229854909722222 0.014395725781249969 0.029857801388888876
0 0.2551367296875 0.42618453958333335 0.035989314062500014 0.04905209861111107
0 0.180758816015625 0.42938359097222223 0.03598931328125001 0.07251179861111107
0 0.14716879101562502 0.4336489916666666 0.05038503671875001 0.08104259999999996
0 0.091985178125 0.43684804027777774 0.07917648906250001 0.0917061
0 0.03939454765625 0.4400470902777777 0.0787890953125 0.11943120000000004
0 0.375101103515625 0.41445469027777776 0.011996436718750036 0.017061600000000017
0 0.382898787890625 0.4208527902777778 0.01079679453125002 0.017061600000000017
0 0.3900966515625 0.42938359027777784 0.013196081250000002 0.02132699999999998
0 0.4026929109375 0.4389807395833333 0.019194299999999977 0.031990498611111126
0 0.41768845624999995 0.43898074027777784 0.015595368750000027 0.027725099999999968
0 0.437482578515625 0.45177694097222226 0.03598931328125001 0.05331750138888888
0 0.47587117851562494 0.46350679097222225 0.05998218671875 0.1066349986111111
0 0.5286555035156251 0.4773693402777778 0.08877363671875002 0.1300947
0 0.60063413046875 0.5221560402777778 0.16795012499999995 0.19407569999999993
0 0.8171120773437501 0.6917056909722222 0.3657758453125 0.48625560138888885
7 0.46327491914062496 0.3739333902777778 0.010796794531249976 0.012796199999999973
7 0.455477234765625 0.3835305402777777 0.014395725781249969 0.010663499999999953