0 0.38289878789062504 0.6277246930555556 0.08277541953125 0.0767772
0 0.35470715976562495 0.6351891430555555 0.07197862578124999 0.08317529999999998
0 0.340311434765625 0.6469189930555556 0.040787888281249976 0.04691940000000001
0 0.290526219140625 0.6191938902777778 0.07557755703125002 0.10236960000000003
0 0.199953115625 0.6223929402777778 0.14635653750000002 0.13436009999999995
0 0.108780191796875 0.6159948402777778 0.17754727578125 0.15568710000000002
0 0.035795616796875 0.6138621402777777 0.07159123359375 0.16421789999999994
0 0.41588899140624996 0.62026024375 0.04558646249999998 0.05331750138888888
0 0.46147545351562497 0.62345929375 0.05518361171874995 0.06824640138888896
0 0.5142597796875 0.6319900930555555 0.05518361406249994 0.05971559999999998
1 0.571842678515625 0.6309237423611112 0.05998218671875 0.08744069861111106
0 0.6300254015625 0.6405208930555556 0.049185393750000014 0.05971559999999998
0 0.7026038484375 0.6533170930555555 0.08637435 0.12796199999999996
0 0.830965730078125 0.6831748930555555 0.3047095132812501 0.18767759999999994
0 0.89394702734375 0.6405208895833334 0.03239038124999993 0.017061598611111055
0 0.9107420398437501 0.6533170902777777 0.027591806249999885 0.025592399999999946
0 0.9868616683593749 0.7140990423611111 0.026276663281250022 0.07037910416666666
0 0.97552280234375 0.6746440902777777 0.046786106249999904 0.06824639999999998
0 0.9700666558593749 0.6575824895833334 0.05986668828125001 0.04265399861111116