0 0.668737230078125 0.5711341131944445 0.07886599140625003 0.13608249583333334
0 0.759665090625 0.523711425 0.04963920312500001 0.05360825555555553
0 0.710489849609375 0.5325774138888889 0.05798970078125008 0.10020621388888884
0 0.8915336675781249 0.5072165791666666 0.010902092968749954 0.01649484999999997
0 0.8797037535156249 0.5113402916666666 0.010438146093749979 0.020618561111111135
0 0.86914965703125 0.506804213888889 0.00927835156250012 0.02061856111111106
0 0.8575517171874999 0.5068042152777779 0.013917528124999912 0.024742272222222222
7 0.9016934027343751 0.5311341034722221 0.016098086718749904 0.06597939027777776
7 0.925399665234375 0.4589691472222222 0.01275773515625005 0.01649484722222228
7 0.92713935859375 0.4837114152777777 0.011597940625000015 0.012371136111111111
7 0.834935733203125 0.452783575 0.005798971093750005 0.024742272222222222
7 0.8343558359374998 0.4775258513888889 0.011597940625000015 0.02061856111111106
2 0.797822324609375 0.4919588555555556 0.06146908203125001 0.07835053055555553
7 0.639069573828125 0.4442655361111111 0.03131443828125002 0.061855680555555556
0 0.5552629191406251 0.7262565624999999 0.36937131484375 0.42377584166666665
7 0.350141803515625 0.5515464840277777 0.0057989695312500086 0.022680415277777793
7 0.5237298515625 0.4933726861111111 0.011597940624999924 0.024742272222222222
0 0.084636615234375 0.5070691833333333 0.050147450781250005 0.043301924999999936