7 0.29877860546874996 0.5129655513888889 0.010722885937500015 0.03465983611111112
7 0.932891107421875 0.35006432916666663 0.03899231328124984 0.10744548888888891
7 0.8471080179687501 0.44711186458333335 0.021445773437500114 0.024261881944444418
7 0.85051984609375 0.4791722111111111 0.026319810937500066 0.0259948777777778
0 0.500563828515625 0.6334084763888889 0.05166481640625005 0.08491659444444445
0 0.60048163359375 0.6429399298611111 0.05848847187500006 0.07971761805555554
1 0.72282001796875 0.6386074500000001 0.09260674374999996 0.11957643055555557
0 0.676029241015625 0.6360079625 0.022420580468750017 0.05198974999999998
0 0.65458346875 0.6342749708333333 0.024370196874999993 0.04852376666666661
0 0.64922202578125 0.6238770215277777 0.031193851562500007 0.04852376805555557
0 0.448411609375 0.8604303923611111 0.011697693750000049 0.008664959722222282
0 0.5468672015625 0.6152120624999999 0.019496156250000053 0.024261883333333303
0 0.44938641640625 0.6108795840277778 0.021445771874999943 0.02252889305555554
0 0.47083218984375 0.6108795840277778 0.019496156249999962 0.02252889305555554
0 0.532245083984375 0.6082800965277777 0.013647310156249936 0.020795898611111124
0 0.569287781640625 0.6108795833333334 0.011697692968750052 0.015596924999999985
0 0.57757364921875 0.6160785590277779 0.014622118750000013 0.02252889305555554
1 0.553221755078125 0.5995065819444444 0.019983553906249972 0.033750000000000016