0 0.4832571874999999 0.3404282979166667 0.011530635937500033 0.014642076388888883
0 0.4663730421875 0.34189250625 0.02059042031249998 0.026355737499999973
0 0.45484240546875 0.34994564791666666 0.02059042031249998 0.027819948611111103
0 0.43589921914062496 0.35360617083333334 0.023884889843750035 0.03806939999999999
0 0.41819145546875003 0.3543382715277778 0.02635573906250004 0.04246202361111106
0 0.40954347890625 0.35360617083333334 0.025532123437499978 0.03806939999999999
0 0.543381216796875 0.34482092152777777 0.006588933593749946 0.011713659722222205
0 0.5590299390625 0.35580247916666663 0.021414037499999948 0.030748363888888856
0 0.5660306804687499 0.37410507708333335 0.017295954687500004 0.035140984722222234
0 0.577561316796875 0.37849770069444444 0.018943188281249947 0.035140984722222234
0 0.5985635457031251 0.3784976993055556 0.037886374218750074 0.04978305972222223
0 0.5474993019531251 0.35140985694444443 0.014825103906250003 0.02489153055555554
0 0.612976841796875 0.39460398541666664 0.023884889843750035 0.052711476388888914
0 0.637685347265625 0.4048534354166667 0.058476797656249954 0.07028197083333328
0 0.39060029296875004 0.3572666875 0.04035722656250003 0.04831885555555553
0 0.36795082734375 0.34482092152777777 0.016472337500000035 0.038069401388888875
0 0.34365413125 0.33310726041666666 0.022237654687500007 0.03221257083333333
0 0.32100466718750004 0.32066149097222224 0.013177868750000021 0.010249454166666656
0 0.30741498984375 0.32578622291666665 0.014001485937499992 0.014642076388888923
0 0.26994042226562504 0.3287146381944444 0.052711477343750035 0.0497830625
0 0.21269905195312502 0.32139359930555556 0.028826589843749993 0.043926231944444456
0 0.19540309648437498 0.31626887152777783 0.014001486718749989 0.04246202361111114
0 0.32429913515625 0.35653458402777777 0.060947646875000004 0.06149672638888891
0 0.534733240625 0.34628512916666665 0.009059784374999946 0.017570491666666636
0 0.519084519921875 0.34482092152777777 0.015648719531249976 0.01757049583333333
6 0.25223266132812505 0.23207692708333336 0.01564871953125002 0.026355740277777744
6 0.41860326484375 0.05710410208333333 0.017295954687500004 0.07174617916666667
6 0.39595380156250004 0.05490779097222222 0.02141403906249999 0.06442514305555555
6 0.894241995703125 0.33017884166666667 0.023061272656250152 0.02928415555555554
7 0.8798287023437499 0.21743484791666667 0.014001485937499858 0.035140984722222234
7 0.8757106164062499 0.2401300673611111 0.02059042031249998 0.016106284722222242
7 0.8662390242187499 0.31846518333333335 0.021414039062499945 0.02342732222222222
6 0.8637681707031251 0.33237515486111113 0.006588935156250031 0.01903469861111111
0 0.9652779828125 0.4629153784722222 0.0688255250000001 0.1325528625