0 0.35528444726562497 0.49238944027777776 0.06970030234374999 0.06306465833333337
0 0.314197132421875 0.48811583541666664 0.05925305703124999 0.07900407638888886
0 0.25845248007812505 0.4957390354166667 0.11148930546874998 0.10533876805555553
0 0.12630256914062502 0.4922739444444444 0.23077506484375002 0.12890138611111115
0 0.652953098828125 0.5114474423611111 0.041321213281250026 0.07207389583333336
0 0.6568513250000001 0.5156055513888889 0.02884688281250005 0.06375767777777779
0 0.6919353722656251 0.50798235 0.07250703046874998 0.10672480555555555
0 0.717663673828125 0.5273868597222222 0.05067695859375006 0.10672480277777778
0 0.7743179281250001 0.5391681694444445 0.12240434218749999 0.14414778888888888
0 0.89165457421875 0.5749741236111111 0.21518215468749996 0.21021555000000006
0 0.6068760453125 0.5010521680555555 0.06860880312499998 0.051283347222222234
0 0.5901136656249999 0.48649878611111114 0.06471057656250005 0.05544145833333332
0 0.4280253734375 0.4851127493055556 0.03274510937499997 0.03326487361111106
0 0.52267433203125 0.49079550694444446 0.014033618750000088 0.020790547222222244
7 0.195691017578125 0.31301322986111113 0.031185819531249992 0.08732029583333328
0 0.556147123828125 0.4934289680555556 0.009355746093750028 0.013860363888888828