7 0.615195496484375 0.4551559312500001 0.06196284921875002 0.03281247916666664
7 0.009319144140625001 0.3824997305555556 0.018638288281250002 0.07968744722222224
0 0.618491392578125 0.5571089861111111 0.013183585156250021 0.03515622500000006
0 0.539389884375 0.5465621166666667 0.018457018750000033 0.023437483333333377
0 0.5103859984375 0.5395308715277778 0.013183584375000024 0.018749984722222182
0 0.500498309375 0.5453902430555555 0.014501942187500028 0.021093736111111146
0 0.516318610546875 0.5336714993055556 0.011865227343750017 0.02578123194444441
0 0.43062531015625005 0.5371871243055556 0.011865226562499932 0.014062490277777723
0 0.42073762226562506 0.5418746201388889 0.013183585156250021 0.014062490277777803
0 0.41282747109375 0.5407027451388888 0.013183584375000024 0.01640623750000003
0 0.3976663484375 0.5430464944444444 0.014501942187500028 0.021093736111111146
0 0.384482763671875 0.5407027451388888 0.014501942968749982 0.01640623750000003
0 0.36866246171875006 0.5430464944444444 0.019775376562499992 0.021093736111111146
0 0.355478878515625 0.5407027465277778 0.011865225781250021 0.02109373472222218
0 0.34163611328125 0.5453902423611111 0.013183584374999979 0.02578123194444449
0 0.3231790953125 0.5453902430555555 0.02373045312500004 0.021093736111111146
0 0.30472207734375 0.5465621159722223 0.018457018749999988 0.02812497916666672
0 0.223643030859375 0.5535933625 0.038232396093749975 0.03749997500000006
0 0.16959033437499998 0.5629683569444445 0.05668941406250001 0.04687496666666667
0 0.079282778125 0.57234335 0.102831959375 0.051562466666666674
0 0.281650803515625 0.5489058659722222 0.01977537734374999 0.02343748472222226
0 0.480063752734375 0.5699996013888889 0.04482418828124999 0.06562495555555559
0 0.5222512234375 0.5535933631944444 0.02109373437499995 0.02812497916666672
0 0.59937519453125 0.5535933625 0.035595678125000065 0.06093745833333328
1 0.5782814585937499 0.534843375 0.022412093749999952 0.04687496666666667
0 0.9236913769531249 0.6168745673611111 0.12260733828124995 0.11249992361111107
0 0.80833501171875 0.6180464437500001 0.13974599843750007 0.13828115694444446
0 0.014592578125 0.5746870979166666 0.02918515625 0.060937456944444475