7 0.645810198046875 0.1507702798611111 0.055564047656250004 0.03465983472222221
7 0.49910161718749996 0.27294619722222224 0.019496157812500046 0.015596924999999985
7 0.48642911484375 0.24521833055555556 0.025345003124999987 0.015596927777777757
7 0.475706229296875 0.1611682298611111 0.011697692968749961 0.02426188194444444
7 0.476681037109375 0.19409507291666664 0.01364730859374994 0.027727868055555525
6 0.176440219921875 0.04159180277777778 0.021445772656250008 0.08318360555555555
6 0.507387483984375 0.32666894027777776 0.012672502343749947 0.022528891666666655
6 0.131111655078125 0.3214699638888889 0.014622117968749992 0.022528891666666655
6 0.398696408203125 0.17503216458333334 0.013647310156250026 0.05198975138888891
6 0.14183454140625001 0.32493595000000003 0.008773270312499993 0.02599487499999999
6 0.411856314453125 0.17503216458333334 0.014622117968749926 0.05198975138888891
6 0.198860800390625 0.042458297916666665 0.025345003906250007 0.08491659583333333
6 0.667255970703125 0.26948021319444443 0.028269427343749952 0.05372274305555555
6 0.49617719375 0.3292684284722222 0.009748076562500074 0.027727868055555525
0 0.43671391484375005 0.4167845083333333 0.05069000781250006 0.07798462777777779
0 0.419167373046875 0.3829911701388889 0.031193849218750014 0.0415918013888889
0 0.235903499609375 0.4150515194444444 0.01949615703124996 0.0502567611111111
0 0.22079397812499998 0.3899231375 0.04776558437499998 0.05892171666666665
0 0.6887017421875 0.43151493958333337 0.045815968750000026 0.034659834722222234
0 0.5965824015625 0.5354944423611111 0.19106233749999993 0.24955080694444445
0 0.202760031640625 0.4185175013888889 0.06238770078124998 0.08491659444444445
0 0.322173993359375 0.45577682430555555 0.18618829921875002 0.2946085958333333
0 0.77594704609375 0.40205407847222224 0.1520700234375 0.04505778472222228
0 0.79836762578125 0.6472724097222222 0.4016208328124999 0.497368625