7 0.39076158203125 0.3703123701388889 0.022148429687500037 0.020624993055555603
7 0.4297850054687499 0.3693748708333334 0.022148429687500037 0.02249999166666667
7 0.46300765039062497 0.36562487222222223 0.023203116406249967 0.018749997222222228
7 0.49148420273437504 0.36468737152777775 0.01054687109375001 0.016874995833333312
7 0.500976386328125 0.3618748729166667 0.012656246093750045 0.018749993055555574
7 0.532617000390625 0.36187487361111115 0.023203116406249967 0.026249991666666694
7 0.5674216765625 0.3599998756944444 0.02109374218750002 0.018749993055555532
7 0.603281039453125 0.35999987291666663 0.025312491406250005 0.022499990277777826
7 0.6386130578125 0.3581248743055555 0.026367178125000022 0.018749993055555532
7 0.6771091378906251 0.3553123756944444 0.023203116406250057 0.020624993055555565
7 0.71191381328125 0.3571873756944445 0.025312490625000007 0.02437499305555555
6 0.49939435585937497 0.3753123638888889 0.009492185156249989 0.016874994444444427
6 0.56900370703125 0.37343736388888893 0.007382807812500047 0.024374991666666703
6 0.711913813671875 0.3706248645833333 0.010546872656250006 0.022499990277777788
6 0.7523478796874999 0.3806248666666666 0.010546871875000008 0.026249991666666736
0 0.594843541796875 0.41437485486111114 0.012656246093749957 0.018749993055555574
0 0.61488259765625 0.4162498541666666 0.008437498437499968 0.02249999166666667
0 0.628593530078125 0.41343735625 0.01054687109374992 0.016874995833333312
0 0.659706800390625 0.4209373520833334 0.011601558593750028 0.02437499305555559
0 0.56847636328125 0.4068748576388889 0.012656245312499958 0.018749993055555574
0 0.5700583941406251 0.42281235069444445 0.015820307031250015 0.028124990277777803
0 0.585351357421875 0.42415163263888883 0.014765619531249996 0.020624993055555527
0 0.60486306953125 0.42415163124999994 0.01792968124999996 0.028124990277777723
0 0.6435098234375001 0.4232141319444444 0.01898436874999998 0.02999998888888887
0 0.67409575 0.4213391319444445 0.016874993750000032 0.02249999166666667
0 0.7057363640625 0.4194641340277778 0.01898436874999998 0.02624999027777777
0 0.27806073203125 0.43151769861111106 0.024257804687499985 0.02249999166666667
0 0.55371074375 0.4287498458333333 0.01898436875000007 0.02999998888888887
0 0.527343565625 0.4221873465277778 0.023203117187499966 0.031874990277777786
0 0.437695158984375 0.42406234513888885 0.027421864843750043 0.0356249875
0 0.901230152734375 0.4278123451388888 0.07066403671875002 0.06187497916666673
0 0.5104685714843751 0.41249985486111107 0.008437496093749974 0.020624990277777755