6 0.319042857421875 0.20718742708333335 0.015820307031250015 0.06187497361111111
6 0.5811326089843749 0.13593745277777777 0.01898436796874998 0.073124975
6 0.5621482406249999 0.1312499534722222 0.016874993750000032 0.05999997916666666
6 0.652323990625 0.31968738888888887 0.013710932812499976 0.04687498611111111
6 0.824237993359375 0.03937498611111111 0.022148432031250033 0.07874997222222221
6 0.5842966703125001 0.41062485694444445 0.008437496875000061 0.014999997222222245
7 0.1297265171875 0.2746874034722222 0.0316406140625 0.02812499027777776
7 0.11707027148437499 0.21562492430555555 0.018984367968750006 0.022499993055555556
0 0.39287095703124997 0.43660698333333336 0.007382810937499995 0.014999994444444473
0 0.38285142734375 0.4319194840277778 0.014765617187500002 0.02437498749999997
0 0.3707225265625 0.4375444819444444 0.01792968124999996 0.0318749888888889
0 0.36123034257812503 0.4431694819444445 0.011601557031249987 0.0318749888888889
0 0.404472513671875 0.43848198402777777 0.013710930468750026 0.022499993055555556
0 0.33117175898437495 0.4424998451388889 0.042187485156249996 0.050624981944444473
0 0.522091116015625 0.5687693319444445 0.33222644921875 0.5418748111111111
0 0.972948878515625 0.47531233333333334 0.05167966953125003 0.06937497499999996
0 0.41765610390625 0.4443748444444444 0.014765620312499995 0.03374998888888885
6 0.1053452296875 0.29740990069444445 0.011154659374999997 0.04728812638888888
6 0.1469606875 0.3553759923611111 0.010296607812500014 0.02593219861111109