7 0.6397005484375 0.50529360625 0.08093114531249998 0.09221940416666664
7 0.640992002734375 0.6139671243055554 0.026690049218749935 0.02793366249999999
7 0.6405615124999999 0.6577043944444444 0.02410715468750002 0.05051022777777779
7 0.663377216796875 0.6760280166666667 0.016358438281249922 0.025932952777777747
7 0.700829403125 0.6737320993055556 0.012053590624999977 0.018279887499999998
7 0.6904977582031251 0.6951169479166667 0.04821430703125005 0.015306129166666693
7 0.6948026078125 0.7120411562500001 0.04304848906250003 0.015306129166666693
7 0.6577809140624999 0.7073618500000001 0.01205358906249998 0.009183677777777809
7 0.859555327734375 0.6974128673611111 0.014636486718750064 0.019897968055555517
7 0.866504581640625 0.7167423090277778 0.01279155390624993 0.012638465277777853
7 0.6435749054687501 0.7389033930555555 0.016358425000000044 0.029081647222222135
7 0.6655296339843749 0.7289544090277776 0.010331635156250041 0.015306129166666772
7 0.6659601207031249 0.7452554256944445 0.009470667968750046 0.013775512499999977
7 0.678444181640625 0.7613268604166666 0.006887757031249997 0.009183673611111153
0 0.673708848046875 0.7751023784722223 0.011192607031249935 0.01836735416666673
0 0.681888061328125 0.771275848611111 0.003443878906250042 0.016836741666666596
0 0.684901455078125 0.7751023798611111 0.007748727343749984 0.012244904166666811
1 0.69824648671875 0.78275544375 0.022385214062500047 0.03367348472222223
0 0.727949943359375 0.7858166687500001 0.031855882031250005 0.04897960972222219
0 0.906601173046875 0.78275544375 0.03960461171874989 0.06122451527777773
0 0.93759608359375 0.7881125895833334 0.07576534062500002 0.07806125972222225
0 0.783195508984375 0.8010207791666667 0.08437503828125 0.09795921944444438
0 0.856808424609375 0.782653426388889 0.0507972179687501 0.06734696666666654
0 0.5688140351562501 0.8354595694444444 0.01721939531250003 0.02908163888888882
0 0.942923148828125 0.8767758618055556 0.11110059296875008 0.24032674583333333
0 0.8116596917968749 0.778895007638889 0.010331635156249953 0.019897968055555597
0 0.825865694921875 0.7834868444444445 0.01291454609375009 0.022959194444444442