0 0.43914240585937503 0.37281585208333334 0.014636486718750064 0.03673470972222219
0 0.09647643515625 0.3697546270833334 0.0835140671875 0.10408168194444446
0 0.45334840624999995 0.37205054583333336 0.01721939531250003 0.03214287222222225
0 0.46970683203124997 0.3804689159722222 0.025829093749999997 0.0520408375
0 0.48176040859375 0.3873566756944445 0.027551032812499977 0.05051022916666668
0 0.5024236847656249 0.39500973958333335 0.03960461171874998 0.09030616250000002
0 0.5583867183593749 0.40648933819444444 0.11536994921875002 0.17448987361111112
0 0.38360985468750003 0.3911832097222222 0.07404340156250004 0.11632658333333332
0 0.33625651640625 0.3651627881944445 0.017219396875000025 0.027551031944444422
0 0.31602372695312503 0.36363217499999995 0.014636486718750018 0.027551033333333346
0 0.30009578671875003 0.3605709479166666 0.01721939687499998 0.030612256944444423
0 0.20581959609374997 0.4263873048611111 0.22815699218750002 0.2540817430555555
7 0.691406548828125 0.15011166874999998 0.04390945859375002 0.032142870833333344
7 0.71637467265625 0.13097900833333334 0.03702170156250002 0.03061226111111112
7 0.696141883203125 0.21133618819444447 0.024107153906250022 0.022959195833333328
7 0.6806444257812501 0.18148923749999998 0.013775514062499994 0.01530613055555556
6 0.71551370234375 0.2656729472222222 0.02496812343750001 0.04285716111111112