0 0.025345003906250003 0.6152120624999999 0.05069000781250001 0.07278565277777783
0 0.0619002984375 0.6108795826388889 0.07506020468749999 0.07451864305555553
0 0.345081977734375 0.5952826569444445 0.05458923828125002 0.10571249444444446
0 0.373838808203125 0.5779527409722222 0.032168658593749996 0.06412069583333332
0 0.391872754296875 0.5658217986111111 0.015596925781250003 0.036392825
0 0.71892078671875 0.5632223111111111 0.03801750625000002 0.024261883333333383
0 0.7618123316406249 0.5675547888888889 0.04776558359375001 0.01906290833333336
0 0.8217630140625001 0.56668829375 0.06238770156250002 0.017329918055555598
0 0.9172941832031251 0.5710207736111111 0.07213578046875 0.015596924999999985
0 0.984227994140625 0.56668829375 0.03053799140624989 0.031193848611111165
0 0.9645723632812502 0.5684212847222222 0.024370196875000083 0.02079590000000001
0 0.22225618945312497 0.6256100131944444 0.22225618828125 0.39512211250000007
2 0.466445553515625 0.5294289722222222 0.12380059609374996 0.23395388333333333