7 0.31096370234375004 0.39252262638888885 0.038992312500000015 0.06758667777777781
7 0.66238193125 0.29894107291666666 0.018521348437499974 0.032926843055555585
7 0.7554760804687499 0.17156618055555556 0.017546540624999985 0.03812581666666668
7 0.7730226218749999 0.2235559326388889 0.027294620312499962 0.013863934722222224
7 0.557102683984375 0.3232029569444444 0.01852134921875006 0.04679077777777777
7 0.585859515234375 0.34313236180555556 0.011697694531250047 0.01732991805555556
7 0.396259389453125 0.35093082430555556 0.010722886718749968 0.025994876388888876
6 0.5629515312500001 0.044191288888888895 0.018521350000000058 0.060654711111111106
6 0.6477598136718751 0.08751608263888888 0.012672502343750036 0.05025675972222222
6 0.47814324843749995 0.28594363472222223 0.008773270312499993 0.017329916666666674
6 0.5049504640625001 0.2885431222222222 0.007798462500000003 0.01906290833333336
6 0.761812331640625 0.33100141944444444 0.0068236554687500115 0.024261883333333303
6 0.7486524257812499 0.2885431222222223 0.009748078124999981 0.053722744444444435
6 0.09114453359375001 0.3318679152777778 0.020470964062500006 0.01906290833333332
0 0.49471498125 0.5389604263888889 0.19788599218749997 0.266880725
0 0.4342768953125001 0.4185175013888889 0.053614431250000025 0.053722741666666705
0 0.45669747578125 0.3890566430555555 0.03606789062499995 0.03292684444444447
0 0.517135562109375 0.3925226256944444 0.026319811718749975 0.02946085972222221
0 0.481067671875 0.38732365069444447 0.014622117187500016 0.025994876388888834
0 0.50251344453125 0.3890566430555555 0.018521348437499974 0.03292684444444447
0 0.5278584488281249 0.3777921965277778 0.024370196093749998 0.020795901388888892