6 0.42968489453125003 0.4116111006944444 0.005998218749999928 0.021326998611111096
6 0.34630965351562504 0.42014190138888885 0.007197863281250027 0.02132699999999998
6 0.501663519140625 0.45746415208333335 0.008397505468749955 0.019194301388888845
6 0.29112604296875 0.47452575208333336 0.009597149999999966 0.019194301388888845
7 0.540651943359375 0.40308030208333334 0.026392163281250002 0.05971560138888895
0 0.377500390625 0.46066320208333333 0.01199643749999999 0.012796201388888859
0 0.36970270703125 0.4691940013888889 0.017994656250000008 0.017061600000000017
0 0.36910288476562503 0.4841229 0.014395725781250012 0.02132700000000006
0 0.36130520078125 0.4915873513888889 0.020393945312499984 0.027725099999999968
0 0.403892554296875 0.46172955138888894 0.016795013281249993 0.01919430000000004
0 0.4032927328125 0.4798575006944445 0.020393943750000032 0.021326998611111096
0 0.39069647265625 0.45426510138888887 0.009597149999999966 0.012796199999999973
0 0.396694690625 0.5054499013888889 0.031190737499999965 0.04691940000000001
0 0.42008774492187495 0.45426510138888887 0.008397505468750044 0.02132700000000006
0 0.426685784765625 0.46066320208333333 0.014395725781250058 0.012796201388888859
0 0.43148436054687506 0.46919400069444445 0.014395725781249969 0.02559240138888883
0 0.46867331640625 0.5011845 0.026392162500000003 0.05545020000000002
0 0.48606815039062495 0.5097153013888889 0.027591805468750064 0.05545020000000002
0 0.51965817578125 0.5065162513888889 0.05878254374999994 0.07464449999999997
0 0.550249093359375 0.5203788006944444 0.06478076328125004 0.0938388013888889
0 0.6786109734375001 0.5342413513888888 0.24472732500000002 0.24952589999999997
0 0.33671250390625 0.5097153013888889 0.01919430000000002 0.04691940000000001
0 0.31151998359375 0.5129143527777777 0.038388599999999995 0.05758290000000004
0 0.2815288921875 0.5246442 0.0431871765625 0.06824639999999998
0 0.307921053125 0.5246442013888889 0.0215935875 0.051184799999999975
0 0.22694509921875 0.5246442013888889 0.09957043125000002 0.11090040000000004
0 0.093378517578125 0.5427721513888889 0.18675703515625 0.21113730000000003
0 0.03459597265625 0.6067531534722223 0.0691919453125 0.1770141013888889