0 0.33364674609375 0.4791970034722222 0.01674213281250001 0.0297637902777778
0 0.31271908203125004 0.48047257361111106 0.03707186093749999 0.02976378611111114
0 0.303152150390625 0.48578753680555553 0.04424705859375 0.03188977361111114
0 0.27205962265625 0.48153556527777774 0.022721462499999977 0.027637802777777803
0 0.2403691609375 0.5006694298611111 0.07175198749999998 0.048897651388888935
0 0.19851383476562498 0.49748045277777775 0.03826772734374999 0.03401575833333336
0 0.0089689984375 0.5112993534722221 0.017937996875 0.06590552916666666
0 0.0795251203125 0.5038584076388889 0.0370718609375 0.034015756944444475
0 0.5046556515625 0.4825985597222222 0.014350398437500012 0.03826772777777773
0 0.49150112070312507 0.4847245444444444 0.014350397656250014 0.0552756083333333
0 0.599727035546875 0.4847245430555555 0.013154530468750014 0.03401575833333336
0 0.6326133640625 0.47940958055555555 0.057401590624999964 0.07866143888888888
0 0.7268476640625 0.5085355840277778 0.13632877812499994 0.16157484583333334
0 0.41652031406250006 0.5159765284722222 0.16383370625000002 0.25724416527777777
2 0.551653225390625 0.4638899034722222 0.08251478671875008 0.17433075694444444
6 0.50728657265625 0.3378189958333333 0.007175200000000004 0.027637802777777765
6 0.6045105019531251 0.37523632500000004 0.0059793320312500065 0.027637802777777724
6 0.7007777535156251 0.41881901388888887 0.011958664843750012 0.012755908333333347
7 0.7880760058593751 0.39755916666666674 0.045442925781250046 0.080787425
7 0.7360558140625 0.3943701881944444 0.04663879218750004 0.044645681944444404
7 0.691210821484375 0.3933071958333333 0.016742130468750015 0.012755908333333347
7 0.9356459578124999 0.31251977152777777 0.021525596875000018 0.042519695833333336