7 0.6846103929687499 0.37374537708333333 0.07781821718749997 0.10761165138888885
7 0.6957909718749999 0.30838366041666665 0.03441276250000005 0.017673715277777783
7 0.597141052734375 0.3797582770833333 0.08029644453125 0.09244712083333337
0 0.67093731015625 0.5320241298611111 0.024471296874999916 0.04350452916666667
0 0.5936997769531249 0.5401812298611112 0.022941841406249976 0.03806646249999998
0 0.546286638671875 0.5476585701388889 0.03517749140625002 0.03942597916666667
7 0.493902766796875 0.45181265555555555 0.022177113281250004 0.040785497222222175
0 0.50346186796875 0.562613251388889 0.07035498125000003 0.09108760555555556
0 0.633083271875 0.5469788125 0.06653134062500002 0.08972809166666672
0 0.7047128140625001 0.5279455791666666 0.039001129687499955 0.05709969444444446
0 0.8243927531249999 0.5231872722222223 0.08870845312500002 0.08564954166666665