7 0.220387909765625 0.40818772638888895 0.017152200781249995 0.042967130555555615
7 0.31160643203125 0.43175034861111106 0.015592907812499978 0.026334694444444452
7 0.4663660625 0.4532339125 0.017931845312500007 0.03049280277777784
7 0.618007108203125 0.3596764534722222 0.018711491406249968 0.048511273611111135
0 0.521359502734375 0.5689679513888889 0.09350058828124999 0.12335724166666671
0 0.480009856640625 0.5509494777777778 0.06081234921875005 0.10672480277777778
0 0.4694846437500001 0.5308519506944445 0.05379553906250001 0.09147840416666662
0 0.44258687460937496 0.5363960965277778 0.024948657031250043 0.06930182083333333
0 0.434010771875 0.5257698208333333 0.023389365624999936 0.05544145555555555
0 0.424655028515625 0.5202256722222222 0.02027078515624998 0.04989731388888888
0 0.41296034492187494 0.5174535993055555 0.021830075781250003 0.04435316805555555
0 0.15879591484375002 0.5038242409722222 0.09823533125000002 0.040195056944444474
1 0.31940288632812497 0.4989731131944445 0.049897311718750004 0.038809020833333346
7 0.43167183554687505 0.4539269291666667 0.009355744531250033 0.04019505555555559
0 0.29055600390625 0.5010521673611111 0.010915037500000002 0.045739204166666686
0 0.3705442453125 0.5093250736111111 0.046778729687500006 0.05544145555555555
7 0.6321153046875001 0.30248492569444446 0.033524754687500026 0.029851359722222248
7 0.9151266199218749 0.2979545180555555 0.06938844921875002 0.054055422222222226
7 0.920194315234375 0.33884259236111114 0.0358636914062501 0.05544145694444443