0 0.8943861988281249 0.5753532506944444 0.20763407109374993 0.4263159624999999
0 0.40625116914062503 0.43584741875 0.028269427343749997 0.038125818055555524
0 0.44036944453124993 0.42804895555555555 0.016571732812500083 0.02599487500000003
0 0.46717665976562495 0.42458297291666663 0.013647308593750029 0.019062909722222247
0 0.5173792652343749 0.4297819486111111 0.018521349218749972 0.019062911111111133
0 0.478386949609375 0.42284998124999995 0.00877327109374999 0.015596926388888951
0 0.45840338906249994 0.4211169895833333 0.007798464062499999 0.015596926388888871
0 0.49105945195312495 0.42198348541666664 0.014622117968750015 0.017329918055555598
6 0.4808239703125 0.37692570138888887 0.007798464062499999 0.017329919444444404
6 0.41697405703125 0.4037870736111111 0.006823654687500014 0.015596924999999985
7 0.5122615234375001 0.3877569006944444 0.007798464062499999 0.012130943055555498
7 0.426478433203125 0.40248732986111113 0.005848847656250022 0.013863934722222224
7 0.404057851953125 0.4085527993055556 0.007798463281250001 0.015596926388888951
6 0.44305016679687503 0.4094192951388889 0.005848847656250022 0.013863934722222224
7 0.63644488671875 0.36046046875000004 0.010443034374999983 0.020253156944444465