0 0.46220239101562494 0.48833870972222226 0.008371063281250013 0.019133863888888828
0 0.4663879234375 0.49046469583333335 0.007175198437500007 0.019133861111111056
0 0.469377590625 0.4936536756944444 0.008371065625000007 0.02551182083333327
0 0.4735631234375 0.4947166666666667 0.007175200000000004 0.027637802777777724
0 0.48073832382812504 0.5000316277777779 0.009566932031250008 0.03401575555555551
0 0.48791352148437495 0.500031626388889 0.009566932031250008 0.04251969722222218
0 0.423336730859375 0.48514973263888883 0.01435039921874992 0.017007879166666604
0 0.422140865234375 0.49896863472222225 0.01913386328124993 0.0318897694444444
0 0.40719253515625004 0.5010946194444444 0.02272146406250002 0.04464568333333329
0 0.336038480078125 0.5032206048611111 0.031092528906250028 0.04464567916666663
0 0.317502547265625 0.5032206055555556 0.02032973046875002 0.05740159166666664
0 0.2947810859375 0.5042835979166667 0.03707186093749999 0.06803151805555553
2 0.45024372890625 0.4794095826388889 0.041855328125000035 0.02338583194444447
0 0.254121625390625 0.5134253388888889 0.08251478671875004 0.08291340833333333
0 0.37669793867187507 0.5049214013888889 0.05740159140625001 0.07440946944444451
0 0.8055356640625 0.6866931208333333 0.35684658593749996 0.4566615499999999
0 0.9422232230468751 0.5155513222222222 0.034680127343750124 0.0361417416666667
0 0.96853228671875 0.53362219375 0.05859745781250005 0.1062992402777778
0 0.98348061640625 0.5485040895833333 0.031092528124999852 0.11480318194444447
1 0.51721224921875 0.4772835972222222 0.04903052499999996 0.11267719722222225
7 0.06577265507812499 0.35822844722222225 0.04305119140625 0.023385833333333356
7 0.07055612265625 0.3794882944444445 0.031092529687500002 0.019133863888888828
7 0.169215105859375 0.3794882930555556 0.029896663281250003 0.05314961944444442