7 0.287476438671875 0.34974237430555555 0.07959881171874997 0.14201131805555553
7 0.11194889453124998 0.6781206659722222 0.079564771875 0.3411404569444445
7 0.221831499609375 0.6151659229166667 0.02787370390624999 0.12174923472222221
7 0.45126924257812495 0.5117106875 0.011700700781250007 0.024961497222222247
7 0.59635794375 0.5075504354166667 0.014040842187499968 0.02496149305555559
0 0.671242433984375 0.54291255625 0.03744224453125007 0.029121745833333375
0 0.559500733203125 0.55955355625 0.03627217578125004 0.07488449027777777
0 0.5132829613281251 0.5824349270833333 0.07722463203125 0.12480748472222218
0 0.38340517421875 0.5574734298611111 0.016380981250000027 0.024961498611111133
0 0.35532348867187497 0.5605936173611111 0.014040842968750012 0.018721123611111067
0 0.2710784390625 0.5564333680555555 0.018721123437500032 0.014560872222222245
0 0.19268373710937498 0.55747343125 0.030421824218749994 0.029121748611111147
0 0.158751701953125 0.5553933041666667 0.014040842968750012 0.02080124722222223
0 0.039404544140625 0.6240374208333334 0.07488448984375 0.15808948055555558