6 0.9359345582031249 0.2651656888888889 0.017994655468749877 0.06398100000000002
6 0.820768758203125 0.25876758888888884 0.017994655468750054 0.06398099999999998
6 0.34570983125 0.44857789236111106 0.013196081250000002 0.04265400138888893
6 0.312119806640625 0.46563949027777785 0.010796794531249976 0.017061599999999937
6 0.14420096015625 0.25130313819444444 0.020456501562499986 0.08744070138888888
7 0.29952354921874996 0.38779594027777775 0.03359002500000004 0.027725100000000048
7 0.30972051875 0.5082934902777778 0.025192518749999993 0.05118480000000005
7 0.279129605078125 0.4986963402777778 0.026392163281250002 0.03199050000000001
7 0.277330138671875 0.5210896902777777 0.01319608203125 0.025592400000000026
7 0.28092906992187505 0.5466820902777778 0.01799465546875001 0.017061600000000017
7 0.27792996054687497 0.5626773409722222 0.014395725781250012 0.010663498611111145
7 0.358306090625 0.4997626923611111 0.04558646250000002 0.04265400138888885
6 0.37270181640625 0.45177694097222215 0.01199643749999999 0.04905209861111114
7 0.852559316796875 0.25556854027777776 0.016795013281249993 0.04052129999999998
7 0.9431324207031249 0.3270139902777778 0.020393944531250163 0.02132699999999998
7 0.975813369140625 0.3442677576388889 0.04736724140625004 0.029473462499999985
7 0.158565405859375 0.4869664902777777 0.01799465546875001 0.025592400000000026
7 0.090785533984375 0.4848337895833333 0.01439572578124999 0.021326998611111096
7 0.856158248828125 0.5605446402777778 0.014395725781250058 0.023459700000000003
7 0.803373923828125 0.5616109902777778 0.016795013281249993 0.02132700000000006
7 0.746372163671875 0.5552128916666667 0.010546867968750017 0.017061600000000017
0 0.037095307421875 0.5210763604166666 0.03691403671875 0.03409654027777778
0 0.09198517734375 0.5285541402777778 0.028791449999999996 0.027725099999999968
0 0.190659037890625 0.5346090097222223 0.04619260859374998 0.035156224999999985
1 0.246739223046875 0.5370849409722223 0.05278432734375001 0.04052130138888883
0 0.4860681515625 0.5616109909722221 0.03239038124999993 0.03838860138888889
0 0.6120307449218749 0.5690754416666667 0.05638325703125 0.053317502777777845
0 0.578440719140625 0.5744071916666666 0.027591805468749973 0.04691940277777778
0 0.54125176328125 0.5509474916666667 0.08037613124999998 0.06824640277777776
0 0.5448506953125 0.5754735416666666 0.07077898125000007 0.06611370277777782
1 0.657617208203125 0.5691676347222222 0.039588244531250004 0.0573985138888889
0 0.70140420390625 0.574407192361111 0.05998218749999999 0.08957340138888886
0 0.93887591875 0.5850706923611111 0.12224816250000003 0.11090040138888892