0 0.034605678515625 0.6299424923611111 0.06726174140624999 0.13344036250000002
0 0.29829120078125 0.5996151375 0.04679077656249997 0.06931966944444447
0 0.317299953515625 0.5727537645833334 0.022420580468750017 0.025994873611111066
0 0.329485051953125 0.5623558152777778 0.015596925781250003 0.022528891666666735
0 0.38651131093749996 0.5848847076388889 0.012672501562499994 0.02946085972222221
0 0.44110055 0.5831517152777778 0.041916737500000065 0.0745186444444444
0 0.404545255859375 0.5892171868055556 0.023395388281250006 0.038125818055555524
0 0.46644555390625 0.6126125743055556 0.08285866562499997 0.11264445972222224
0 0.35434265195312503 0.5926831708333333 0.061412894531249984 0.0831836027777778
0 0.176440219921875 0.6628693354166667 0.24760119296875 0.2859436347222223
6 0.43281468359374997 0.5034340965277778 0.00974807812500007 0.025994876388888914
6 0.356292267578125 0.5077665756944444 0.00877327109374999 0.020795901388888892
6 0.30657706757812503 0.5103660631944444 0.008773271093750035 0.02946085972222221
6 0.243214557421875 0.4913031548611111 0.00877327109374999 0.0329268430555555
6 0.44158795390625 0.5017011048611112 0.005848846875000024 0.025994876388888834
6 0.36311592265625003 0.4991016173611112 0.006823654687500014 0.020795901388888892
7 0.8388221515625001 0.17589866041666666 0.057513662499999896 0.05372274305555555
7 0.7930061828125 0.21662396527777777 0.034118275000000066 0.06931966944444447
7 0.515673350390625 0.49823512152777777 0.03704269765625003 0.039858809722222256
7 0.51762296640625 0.5398269229166667 0.03899231406250001 0.02946085972222221