7 0.6370167859375 0.46756611666666664 0.015137032812500006 0.029152802777777726
7 0.7773339277343749 0.40926050902777783 0.029012646093749962 0.029152804166666692
7 0.6921881203125 0.4384133145833333 0.012614193749999992 0.015697665277777793
7 0.671374699609375 0.4574747611111111 0.011352774218750028 0.02691028055555557
0 0.578781269921875 0.5150328729166667 0.03910400078125002 0.07624579305555557
0 0.591395464453125 0.5004564701388889 0.02396696796875002 0.03363785138888886
0 0.6109474640625 0.5127903486111111 0.03531974375000004 0.05382056111111114
0 0.6323915937500001 0.5195179180555556 0.04541109843750002 0.06279065277777779
0 0.67023417578125 0.5251242263888889 0.05297961406249998 0.08297336388888886
0 0.708076756640625 0.5367105909722222 0.08073083984374999 0.09867102638888889
0 0.767363468359375 0.5512869930555556 0.10848206640624998 0.11436868888888883
0 0.8398950808593749 0.5789447861111111 0.14254038984375006 0.13679392222222223
0 0.93426125390625 0.613810675 0.12992619531250008 0.25116261388888883
0 0.406578412890625 0.6064305506944444 0.45032671796874996 0.40385806805555563
0 0.062210923046875 0.3890077208333333 0.07442374296875001 0.09418598055555552