0 0.44362762460937494 0.4354684486111111 0.014501942968750025 0.023437483333333377
0 0.602018983203125 0.43108228055555553 0.01713866015625003 0.03984372222222221
0 0.61322503046875 0.43459790277777777 0.023730451562500043 0.037499974999999984
0 0.638933018359375 0.4404572736111111 0.03559567734374998 0.0539062138888889
0 0.6567308578125 0.45217601597222223 0.03427732031250006 0.058593709722222165
0 0.70287340390625 0.4568635125 0.07646479062499996 0.08203119444444443
0 0.8004248605468749 0.4689840513888888 0.13710928046874987 0.14765614722222226
0 0.5683937703125 0.4314840777777778 0.018457018750000033 0.021093733333333295
0 0.32120155703125 0.4502340645833333 0.030322243749999967 0.03515622638888887
0 0.42535187656249995 0.43734345 0.022412093749999952 0.028124983333333298
0 0.5367531671875 0.4244528347222222 0.015820301562499937 0.021093733333333375
0 0.51961450625 0.4256247111111111 0.013183584375000024 0.018749986111111148
0 0.48995144101562504 0.43031220486111105 0.03559567734374998 0.042187473611111095
0 0.9487401890625001 0.5123433993055555 0.10151360312499999 0.19687486250000003
6 0.539389883984375 0.39656222013888887 0.010546867968750017 0.023437484722222183