0 0.585351357421875 0.22781242083333333 0.02953123984374999 0.05062498333333332
0 0.668671641015625 0.2087499173611111 0.012656246093749957 0.018749993055555532
0 0.6924021015624999 0.20593741944444446 0.01792968124999996 0.02062499444444445
0 0.695038819140625 0.21343741527777776 0.014765619531249996 0.024374991666666665
0 0.7076950648437499 0.19374992222222223 0.012656245312499958 0.04874998333333333
0 0.74355442734375 0.20312491944444444 0.06960935156249999 0.0824999722222222
0 0.75673801640625 0.2349999083333333 0.04113279843750002 0.056249980555555565
0 0.831093459375 0.20687491805555555 0.10757808749999995 0.11624995833333332
0 0.8616793863281249 0.21531241458333336 0.13499995390625 0.11437495972222224
0 0.875390318359375 0.22843741041666668 0.09703121484375003 0.12187495694444443
0 0.9086129632812501 0.23968740624999998 0.08121090937500011 0.12937495416666664