0 0.64047876875 0.4428386395833333 0.05535482968750003 0.07623200694444444
0 0.608903126953125 0.42620620138888893 0.009355744531250033 0.04019505833333336
0 0.77574726171875 0.43868052916666667 0.07484596562500005 0.08454822222222226
0 0.504040809375 0.40749470902777774 0.008576101562499971 0.027720729166666697
0 0.514955845703125 0.40680168888888885 0.008576100781250063 0.023562616666666654
0 0.5414637925781249 0.40541565416666664 0.011694682031250014 0.012474327777777777
0 0.524701415234375 0.4047226368055556 0.007796457031250004 0.01386036250000002
0 0.53054875625 0.40749470833333334 0.0038982281250000026 0.013860363888888906
0 0.48260055820312503 0.4171969645833334 0.017152200781250036 0.01940450972222223
1 0.6798508671875 0.4074947083333334 0.04054156562499998 0.06930181944444445
1 0.651003983984375 0.3915552909722222 0.017152200781250036 0.03465091250000003
0 0.573039435546875 0.45323391041666666 0.08264242265624996 0.1219712069444444
0 0.87788082109375 0.4920429319444444 0.19335208124999995 0.17186851944444445
0 0.44712668828125 0.4199690375 0.02884688281250005 0.0360369472222222
7 0.073676499609375 0.18226379027777778 0.022609719531249996 0.023562619444444426
7 0.045999084375 0.19543113472222223 0.03586369375 0.022176583333333333
7 0.487668254296875 0.3506672159722222 0.01949113828125002 0.008316218055555543
7 0.62878408828125 0.3492811791666666 0.019491137499999932 0.013860363888888866
7 0.8474746472656249 0.3250255430555556 0.02027078203125008 0.04573920277777776
7 0.079152198046875 0.2881570201388889 0.01789548515624999 0.03631405972222224
7 0.31413997421875 0.33413397499999997 0.017037884375 0.0362353361111111
6 0.033524755859375 0.28483048541666667 0.031185819531250002 0.04573920138888887
6 0.52041336484375 0.3465091055555556 0.005457517187500027 0.022176580555555565
6 0.60188631875 0.3451230701388889 0.004677874999999965 0.01663243750000001
6 0.5707004984375 0.3742298347222222 0.0062371640624999895 0.011088291666666725
6 0.5975982679687499 0.3458160888888889 0.005457518750000024 0.015246402777777807
6 0.037033160546875 0.1143480048611111 0.017931846093750002 0.0817761486111111
6 0.058473411328125 0.12197120555555557 0.017152199218750004 0.07484596666666667
6 0.41360193203125 0.3839320902777778 0.008576099999999975 0.013860363888888906
6 0.450339416015625 0.38809019791666666 0.009947100781250029 0.013860365277777792
7 0.20850122187500003 0.23513244166666666 0.009052151562499989 0.02682119166666668
7 0.20799832421874997 0.26999999027777777 0.014081125000000005 0.0393377472222222
7 0.37797762265625 0.32543045138888893 0.01005794687499999 0.01430463611111112
7 0.45089773593750004 0.3692383972222222 0.009052151562500032 0.01251655555555552