0 0.31751820390625 0.5872033923611112 0.01199643749999999 0.021327001388888867
0 0.30492194375 0.5968005423611111 0.017994656250000008 0.027725098611111162
0 0.28932657695312497 0.5957341930555556 0.02039394453125003 0.03412319999999996
0 0.273731206640625 0.5968005409722222 0.025192519531250034 0.04905210416666669
0 0.24733904453125 0.5968005416666666 0.04678610781249999 0.06611370277777774
0 0.23354314062499998 0.6159948430555555 0.04558646249999998 0.07037910000000001
0 0.181958459375 0.6202602402777778 0.091172925 0.11729850000000003
0 0.34750929687500004 0.5797389423611111 0.019194299999999977 0.027725101388888933
0 0.39429540390624995 0.5936014923611111 0.02399287499999998 0.055450201388888905
0 0.41588899140624996 0.5968005423611111 0.040787887499999974 0.07890990138888891
0 0.47527135703124995 0.6010659402777777 0.11396615624999998 0.14289089999999996
7 0.8429621675781249 0.41018928888888884 0.026392163281249915 0.05971560000000006
0 0.552482997265625 0.5707549402777777 0.04526076015624998 0.04649006388888889