2 0.9186147121093751 0.3143038673611111 0.16163028046875 0.6252072291666667
0 0.39336411015625006 0.4612785861111111 0.3108274609375 0.3213477777777778
0 0.64499088671875 0.3609636701388889 0.0994647890625 0.1377204736111111
0 0.77171285234375 0.3422608902777778 0.02199701875000004 0.035705308333333324
0 0.743021086328125 0.34056063611111115 0.014345883593749952 0.02890429722222222
0 0.58894632734375 0.3580732333333333 0.019127842187500032 0.054408088888888845
0 0.701322409375 0.3470215902777778 0.02964815781250003 0.05610834166666668
0 0.7228412335937501 0.3368200722222222 0.011476706249999946 0.01870278055555552
0 0.7324051554687501 0.34192083194444445 0.005738353125000017 0.022103286111111113
0 0.7558367640625 0.33682007430555555 0.012433098437499979 0.02550379305555555
0 0.82900076640625 0.3555228541666667 0.02295341250000007 0.04930733055555558
6 0.33904103125 0.21049129166666666 0.012433098437500022 0.03400505277777776
6 0.5431351183593749 0.28020165694444443 0.008607530468750024 0.020403033333333317
6 0.5405528625 0.09572422361111112 0.011476706249999946 0.02890429722222222
6 0.551073176171875 0.20028976875 0.011476707031249945 0.027204043055555575
6 0.723701965625 0.28105177847222224 0.006694745312499961 0.015302276388888893
6 0.77008698671875 0.28105177847222224 0.007651137499999993 0.015302276388888893
6 0.718441809375 0.3014548166666667 0.007651137499999993 0.011901769444444455
7 0.5312758609375 0.23429483194444442 0.02964815781250003 0.017002527777777762
0 0.7912232749999999 0.337160125 0.01625866718750002 0.025503791666666664