7 0.26368864257812497 0.20676560833333335 0.17718748671874998 0.1799999861111111
7 0.5083761214843749 0.30801560208333334 0.021937497656250037 0.025499998611111133
7 0.5341104960937499 0.30951560138888884 0.024468748437499955 0.028499997222222243
7 0.39784488125 0.3470155986111111 0.018562499999999992 0.016500000000000032
0 0.041528292187499996 0.3539060069444444 0.08305658437499999 0.11953116666666667
0 0.4423092671875001 0.38906223263888884 0.025048810937499954 0.02578123194444441
0 0.400780974609375 0.38906223263888884 0.01582030234374998 0.02578123194444441
0 0.38232395625 0.38789035763888885 0.01318358593750002 0.018749984722222182
0 0.46999479453125004 0.3738278673611111 0.011865225000000024 0.01874998750000003
0 0.482519198828125 0.36796849722222225 0.010546867968749929 0.021093736111111146
0 0.52536585 0.3597653777777778 0.009228509375000016 0.018749986111111106
0 0.537231076171875 0.3656247486111111 0.014501942968749936 0.025781233333333375
0 0.5596431699218749 0.3714841194444445 0.03559567890625006 0.046874966666666636
0 0.512841444921875 0.35976537708333334 0.018457019531250028 0.02812497916666668
1 0.08964837578125 0.31874978125 0.06328120624999999 0.1523436486111111
0 0.31356911289062495 0.38204996527777774 0.03121874765624999 0.03749999722222215
0 0.20303787226562503 0.3812999638888889 0.022781247656250003 0.02399999722222219