2 0.6511446984375 0.5124165826388889 0.055502453125 0.09642850416666665
1 0.81298478828125 0.5241479479166666 0.09712929062500004 0.13155231527777778
0 0.76936714296875 0.5497232527777778 0.05679538750000006 0.09909976944444444
0 0.8998699859375001 0.5545985145833334 0.13025142499999998 0.1387672041666667
0 0.9589310261718751 0.579692282638889 0.08073083984375007 0.2130397152777778
0 0.7014753230468751 0.5709464569444445 0.16272310078125002 0.24667756666666665
0 0.5636021812500001 0.5406723902777778 0.06307096874999996 0.1143686916666666
0 0.520083212890625 0.5317022972222222 0.03658116171875001 0.042607941666666704
0 0.35420656484375 0.5317022986111111 0.0353197421875 0.024667758333333328
0 0.3054117796875 0.5238960256944444 0.06277438593750002 0.06736082361111112
0 0.02838193671875 0.5322255444444445 0.0567638734375 0.06279065277777779
6 0.681292612890625 0.4191276159722222 0.006307097656249994 0.020182712500000043
6 0.6901225484375001 0.41912761458333325 0.006307096874999996 0.02466775416666667
6 0.5658727398437501 0.43594653958333335 0.010091354687499976 0.026910279166666683
6 0.327842908203125 0.4025329381944444 0.008829935156249968 0.02018270972222227
6 0.31973699453125 0.4768007805555555 0.004207065624999995 0.02056787499999994
6 0.613179828125 0.49830356111111107 0.005258832812499925 0.018698069444444423