0 0.48402292343750003 0.4655819388888889 0.010517664062500032 0.022437683333333305
0 0.4961182375 0.4571678069444444 0.022087095312499992 0.0430055583333334
0 0.525041814453125 0.45623290486111107 0.031552992968750006 0.06731305138888888
0 0.8082825007812501 0.4571678083333333 0.10412487656250002 0.07292247222222224
2 0.8067048511718748 0.4253810895833333 0.20614621953124992 0.1327562958333333
6 0.40514042539062506 0.33376054652777776 0.01051766484375003 0.028047104166666673
6 0.485074689453125 0.34404448541666666 0.008414130468750081 0.026177298611111077
6 0.5965619312499999 0.41696695763888886 0.010517664062499942 0.018698070833333386
6 0.413659755859375 0.33750016041666664 0.009465897656249922 0.024307490277777788
6 0.3984091421875 0.3356303534722222 0.00841413124999999 0.028047104166666673
6 0.30006898164062495 0.4150971513888889 0.011569430468750008 0.01869807222222219
7 0.292811775390625 0.3870500451388889 0.02818734296875003 0.014958454166666652
7 0.30953486328124996 0.4138506173611111 0.011569431250000007 0.01994461805555561
7 0.85582235625 0.30664834583333334 0.04101889062499993 0.022437683333333347
7 0.59782403203125 0.3823755284722222 0.023138862500000013 0.013088648611111055
7 0.5852028347656251 0.4356650277777777 0.012621197656249982 0.022437683333333385
0 0.510842967578125 0.4730611673611111 0.05784715390624999 0.09722996250000003
0 0.46509112773437505 0.47025645694444446 0.03576005859375 0.06918285833333336
0 0.44352991601562497 0.4730611673611111 0.011569430468750053 0.04113575416666669
2 0.123056672265625 0.44220935208333334 0.24611334453125 0.3982688875
6 0.638527405078125 0.2892591493055556 0.011569430468749965 0.03552633194444448
6 0.655355668359375 0.28645443888888883 0.013672963281250006 0.03739613888888888
6 0.848424941015625 0.37520793750000003 0.021035328906249973 0.029916911111111076
7 0.8421143421874999 0.2807826840277778 0.021035328125000065 0.03178671805555556
7 0.8273896121093749 0.34996554305555555 0.01472472890625003 0.016828263888888903
7 0.8375883496093749 0.34994106388888885 0.011983342968750144 0.027998147222222238