0 0.791011970703125 0.5676379097222223 0.4179299867187501 0.33313300833333326
0 0.15837853515625 0.5982062944444444 0.3167570703125 0.4292050694444444
7 0.276051212109375 0.3343200361111111 0.00842190234375 0.023706091666666672
7 0.379921333203125 0.2881555375 0.01684380390625 0.011229202777777777
7 0.37957042109375 0.29876089791666666 0.014738326562499982 0.009981515277777773
7 0.701006338671875 0.23200952638888886 0.030178480468750025 0.038678363888888886
6 0.72381565625 0.22826645902777778 0.018247453125000045 0.061136770833333326
6 0.11322777578125001 0.34617308333333335 0.011229201562500003 0.02994453611111112
6 0.279209424609375 0.1727442923611111 0.01614197890625002 0.06987059305555555
6 0.23745082734374998 0.34243001875 0.009825551562500002 0.027449162499999995
6 0.397116048828125 0.31997161319444445 0.011931027343749978 0.03743067638888888
6 0.265081814453125 0.17949082638888889 0.020982728906250036 0.07088676944444446
1 0.30563976406250004 0.3879706715277778 0.060133170312500005 0.04366912083333337
0 0.43127157578124997 0.40857920833333333 0.027371181250000022 0.04990756666666667
0 0.40635678359374994 0.40296460625 0.0252657046875 0.04616449861111115
0 0.367054574609375 0.38674464791666663 0.015440153906249999 0.02121071527777774
0 0.34880712109375 0.40421229791666663 0.028073004687500003 0.02121072083333336
2 0.189144314453125 0.3739144743055555 0.02098273046875001 0.023092101388888942
6 0.15475246679687502 0.3447022854166667 0.004912775781250001 0.017957198611111103
6 0.16492893125000002 0.3449665986111111 0.004210951562500021 0.014933194444444454
0 0.83341738671875 0.36491008611111114 0.09334274375000007 0.06238445555555556
0 0.68813958125 0.38175389097222223 0.13545225468749997 0.07610903749999996
7 0.26318445312499994 0.35056166250000004 0.021054756249999994 0.011229200000000005
7 0.21607636914062497 0.36557292222222215 0.0030890164062500336 0.012476894444444437
7 0.02012629453125 0.37326701180555555 0.015440153125 0.03618298472222222
0 0.9474701941406248 0.3543750020833333 0.10291529609375001 0.0781578958333333
0 0.8835228246093749 0.38368421319444446 0.10891036015625008 0.040855265277777796
7 0.7197076402343751 0.05950657986111111 0.05895148203125 0.03730263194444444
7 0.703720797265625 0.017763158333333334 0.028976150781249998 0.03552631666666667
6 0.18914431523437497 0.34371710763888885 0.008992599218749998 0.01598684305555555