6 0.549304221484375 0.03812581805555556 0.022420580468750017 0.06931966944444444
6 0.575136629296875 0.035526330555555555 0.021445772656249938 0.060654711111111106
6 0.4152681421875 0.36306176597222223 0.009748078124999981 0.025994873611111143
6 0.464008534765625 0.36219527083333336 0.009748078906250068 0.024261883333333383
0 0.4630337265625 0.4427793861111111 0.048740392187499995 0.07798462777777779
0 0.35677967109375 0.43584741875 0.038992312500000015 0.05718872638888889
0 0.5956075941406249 0.4401798986111111 0.06433731796875 0.09704753611111114
0 0.420629585546875 0.4323814354166667 0.010722886718749968 0.025994876388888914
0 0.40795708320312496 0.43151493958333337 0.016571732031249998 0.027727868055555563
0 0.39820900507812496 0.42544946874999995 0.010722886718749968 0.032926843055555585
0 0.38602390703125 0.4341144270833333 0.011697693750000005 0.025994876388888914
0 0.553690856640625 0.4306484444444444 0.02924423515625003 0.07451864444444449
0 0.529808064453125 0.4323814347222222 0.026319811718749975 0.06758667499999997
0 0.509337099609375 0.42371647708333326 0.024370196093749998 0.04679077638888892
7 0.21981916953125 0.24088585 0.039967121875 0.02426188333333334
7 0.24175234570312504 0.26601422986111106 0.035093082031250014 0.019062909722222205
6 0.227130228125 0.3284019326388889 0.017546540624999985 0.039858809722222215
6 0.24857600078125 0.33186791597222226 0.007798462500000003 0.032926843055555544
6 0.43963833828125 0.3951221131944444 0.005848846874999936 0.020795901388888892