6 0.576844080078125 0.44308783958333336 0.006864405468749979 0.018305081944444388
6 0.551531583203125 0.4453759729166666 0.007722455468749967 0.013728809722222242
0 0.570755647265625 0.5094914298611111 0.007722455468749967 0.018305081944444388
0 0.557884887109375 0.5064405840277778 0.009438558593750025 0.018305081944444464
0 0.57976518046875 0.5102541409722222 0.006864404687499981 0.016779659722222187
0 0.586629586328125 0.5094914284722222 0.012012710156250073 0.015254234722222215
0 0.5643202671875 0.5125422743055555 0.010296607812500014 0.018305081944444464
0 0.5265660375 0.5140677 0.006864406249999977 0.03355931388888891
0 0.5411528996093751 0.5224575284722223 0.034322027343749985 0.05033897083333332
0 0.611513055859375 0.5308473569444445 0.04633473828124997 0.061016936111111086
0 0.772826583984375 0.5262710861111111 0.039470330468749995 0.045762705555555526
0 0.829886951953125 0.5316100694444444 0.09181142265625004 0.06864405277777778
0 0.38241352109375 0.5026270236111111 0.03432202656249998 0.0320338944444444
0 0.339510986328125 0.49499990486111106 0.04118643203125001 0.028983045833333342
0 0.31891777265625 0.49957617499999996 0.03775423125000001 0.03508474166666665
7 0.29360527734374997 0.43398296805555553 0.02145126875000001 0.03508474166666673
7 0.50854697109375 0.45762702986111115 0.01887711718749996 0.018305076388888925
7 0.5360045941406251 0.4789829583333333 0.006864403906249983 0.01830508055555558
9 0.673292705078125 0.5262710875000001 0.015444911718749932 0.07627117222222227
7 0.9307172570312499 0.3543186868055556 0.029012645312499964 0.07176074583333336