7 0.7305518624999999 0.5992964555555556 0.021093735937499948 0.039843722222222294
0 0.225439298046875 0.590233975 0.01845701796874999 0.016406238888888917
0 0.202368024609375 0.5902339756944445 0.014501942968750004 0.011718740277777803
0 0.18984361953125 0.5867183527777778 0.010546867187499998 0.018749986111111068
0 0.255102363671875 0.5890621 0.014501942968750025 0.014062488888888917
0 0.26894512773437496 0.5878902270833333 0.010546867968749974 0.011718743055555573
0 0.286742966796875 0.5972652208333333 0.017138660156249985 0.021093736111111146
0 0.30783670234375 0.592577723611111 0.01186522656250002 0.021093736111111146
0 0.316406033203125 0.5984370958333334 0.01582030234374998 0.028124980555555606
0 0.10612785585937501 0.6148433340277778 0.04614254609375 0.046874968055555556
0 0.348227905859375 0.5981245819444444 0.023730452343749996 0.032812477777777835
0 0.32317909453125 0.608671448611111 0.023730451562500043 0.035156224999999985
0 0.27044475625 0.6133589451388889 0.03427732031249997 0.04453121805555556
0 0.5182961484375 0.639140179861111 0.09492180937499999 0.10546867638888892
1 0.20650437070312502 0.6567182909722221 0.10151360234375002 0.12656241249999997
7 0.38316440546874997 0.5828902173611111 0.022412093749999994 0.03046872916666664