7 0.066466816796875 0.07346937222222222 0.03926019453125 0.14693874444444444
7 0.07111605195312501 0.22897953750000002 0.03202805390625 0.022040811111111107
7 0.094362219140625 0.26846932777777777 0.041326519531249994 0.027551013888888913
7 0.106760173828125 0.29693870694444446 0.024795911718749997 0.03306121944444445
7 0.5634182421875 0.18765301736111112 0.04752549843749998 0.031224481944444448
7 0.565484568359375 0.22622443888888888 0.033061216406249996 0.04959183055555556
7 0.8654462515624999 0.36030604375 0.016530607812500087 0.056938765277777824
6 0.540768246484375 0.2752349638888889 0.026332624218750045 0.05087819999999997
6 0.11478362382812499 0.3381356541666667 0.03216865859374999 0.04638624166666669
7 0.095296379296875 0.18367342916666665 0.03822703203125001 0.0697959027777778
6 0.30141240625 0.016530608333333332 0.04132652187499999 0.033061216666666664
6 0.577576884375 0.10561222291666666 0.019630096875000013 0.07530610694444444
0 0.0301111671875 0.8055135465277778 0.060222334375 0.38338366250000006