6 0.292442353515625 0.17936464444444442 0.02144577265625003 0.11611044722222223
6 0.31437553085937503 0.2027600326388889 0.020470964843749995 0.0970475375
6 0.391775267578125 0.6330619090277778 0.004874039843749988 0.019062909722222167
7 0.10527924765624999 0.58748419375 0.021445773437500003 0.07971761527777778
7 0.8263446234374999 0.6048141118055556 0.025929865624999947 0.020795901388888816
0 0.38797352343749997 0.7148590868055555 0.02924423749999998 0.04332479305555563
0 0.41575554609375 0.6871312194444444 0.008773270312499993 0.008664961111111088
0 0.41819256562499996 0.7009951541666666 0.01169769374999996 0.015596927777777835
0 0.404545255859375 0.7096601118055555 0.017546541406250026 0.03639282638888888
0 0.3636033265625 0.7053276333333334 0.021445773437500027 0.03812581944444449
0 0.349956017578125 0.715725582638889 0.023395389843749958 0.06238770138888883
0 0.34410716953125 0.727856525 0.015596925000000006 0.05892171944444442
0 0.49227796171874993 0.7148590868055555 0.025345003124999987 0.039858809722222256
0 0.474244016796875 0.7079271208333334 0.014622117968750015 0.0259948777777778
0 0.250038212890625 0.7061941263888888 0.012672502343749992 0.05372273888888886
0 0.295854180859375 0.6992621631944445 0.09065712890624997 0.1507702847222223
0 0.687434504296875 0.804108161111111 0.22810503515624997 0.13863933888888877
6 0.8431113296875001 0.6779463833333333 0.014622117187500016 0.02079590000000001
6 0.8299514238281251 0.6276896243055555 0.007798463281250001 0.020795901388888892
1 0.659502847265625 0.6887758194444444 0.14808680078125 0.15459190555555555
1 0.44341719882812497 0.68486745625 0.04376058515625001 0.1083050652777777