7 0.7294959496093749 0.23946913194444444 0.08182590234374994 0.03806646388888887
7 0.773850176953125 0.3285174638888889 0.006882552343749992 0.02039274722222224
7 0.7967920183593751 0.3407531125 0.023706569531250034 0.017673713888888897
7 0.779585637890625 0.3659041694444445 0.03823640234374999 0.021752266666666662
7 0.779968000390625 0.39717304861111113 0.02523602578124997 0.02990936388888888
7 0.777291453515625 0.44611564375000007 0.021412385156249946 0.03806646249999998
7 0.8300576886718749 0.4114479708333333 0.04741313984374997 0.08564954166666665
7 0.8296753242187499 0.4950582402777778 0.049707321875000154 0.0815709944444445
7 0.57005015234375 0.5233167611111111 0.019882929687500005 0.020392749999999973
6 0.056080053124999994 0.3953927270833333 0.0214123859375 0.03398791249999999
6 0.08513971914062499 0.4015105493055556 0.015294561718749999 0.029909362499999995
6 0.8018173609374999 0.43663139999999995 0.01758874531249992 0.033987913888888874
6 0.653077754296875 0.17537762777777777 0.01835347265624998 0.0788519583333333
6 0.672195956640625 0.17469787083333332 0.018353474218750065 0.08021147500000002
0 0.52674469609375 0.5325226215277777 0.012235648437500047 0.01495468194444448
0 0.44721297812500005 0.5291238319444445 0.01682401718749995 0.021752266666666662
0 0.46671354374999996 0.5304833472222222 0.017588745312500008 0.01903323055555559
0 0.5053323093750001 0.5284440722222222 0.012235649999999954 0.014954680555555594
0 0.49118484140624996 0.5304833472222222 0.014529832812499954 0.01903323055555559