0 0.41334420703125 0.3463817430555556 0.027345926562500057 0.02617729722222227
0 0.3881018125 0.3463817451388889 0.016828262500000024 0.018698070833333347
0 0.36969589999999997 0.35105626319444444 0.019983562499999996 0.024307490277777788
0 0.34497938906250003 0.3529260701388889 0.025242393750000015 0.028047104166666673
0 0.32289229335937497 0.3529260701388889 0.029449458593750012 0.028047104166666673
0 0.5400820617187501 0.3613402013888889 0.01998356249999995 0.029916911111111076
0 0.566902104296875 0.36507981458333333 0.03786359140624995 0.05235459305555557
0 0.5921445003906249 0.3772335611111111 0.042070657031250035 0.061703630555555514
0 0.634741040234375 0.38751749930555557 0.06836481796875002 0.07853189305555558
0 0.73597355859375 0.3585354909722222 0.04101889062499993 0.020567876388888864
1 0.4438454332031251 0.35292606805555554 0.042070657031249944 0.07292247222222221
0 0.49327845546875004 0.38798494999999994 0.08203778125000002 0.12714687499999996
0 0.725906103515625 0.42538108888888887 0.12658650703124996 0.127146875
0 0.94937903046875 0.4285546909722222 0.07488164374999987 0.06470546250000003
6 0.478027841015625 0.28907215694444444 0.005258832031250016 0.01869806944444446
6 0.45615111289062504 0.2698131472222222 0.005258832031249927 0.016828263888888903
7 0.44700073203125 0.269626175 0.008414132812499985 0.014958458333333348
7 0.371799433203125 0.3014128951388889 0.015776496093750002 0.011218843055555578
0 0.8901434593750001 0.42271253194444447 0.05276623593750003 0.06117824444444445
0 0.8522894210937502 0.40741797013888886 0.04588368281249995 0.06729606805555556