0 0.414121092578125 0.5721584340277778 0.007345828906250062 0.009794437500000046
0 0.3963074640625 0.5747702944444444 0.012855200000000044 0.0179564694444445
0 0.3770246625 0.5731378874999999 0.020201028124999975 0.0244860944444444
0 0.354528062890625 0.5747702944444444 0.013773428906249973 0.0179564694444445
0 0.309810318359375 0.577218904861111 0.022037485156250015 0.02938331250000006
0 0.288231947265625 0.5788513118055556 0.021119257031249995 0.032648126388888934
0 0.48023355078124996 0.5743349923611111 0.016528115624999985 0.031015720833333343
0 0.825028383984375 0.5914752590277778 0.07621297265624989 0.11100363194444446
0 0.082028415625 0.5996372923611111 0.055093715625 0.07182587916666666
0 0.033668379296875 0.6012696965277778 0.06733675859375 0.08162031805555559
0 0.180431916015625 0.6072551715277777 0.20201028828125 0.22853689305555547
0 0.339744576953125 0.57623945 0.01469165859374999 0.0179564694444445
0 0.426058063671875 0.5803204673611111 0.02387394296874996 0.032648126388888934
1 0.45865517773437503 0.5631801993055556 0.02295571484374994 0.05386940972222216