0 0.48515646835937504 0.5540818826388889 0.017219394531250033 0.02448980694444442
0 0.468798041015625 0.55561249375 0.013775516406249988 0.02448980694444442
0 0.454592041015625 0.55714310625 0.01635842578125004 0.02448980694444442
0 0.44339943437499996 0.5579084131944444 0.01635842656250004 0.02908164583333333
0 0.416278886328125 0.5617349465277778 0.03443878984374997 0.0459183875
0 0.380979124609375 0.5716839291666667 0.027551033593749975 0.05663267777777779
0 0.14550389218749998 0.6053574159722221 0.15927940937500001 0.16989803472222217
0 0.288424875 0.5816329138888889 0.15583552968750003 0.18061232499999996
0 0.55604297421875 0.5553573958333333 0.012914545312500003 0.022959194444444442
0 0.569818491015625 0.5599492361111111 0.011192607031250024 0.02908164722222221
0 0.583785327734375 0.5696696819444445 0.01808036484375002 0.03520409722222221
0 0.604018116796875 0.5796186659722222 0.039604610156249984 0.055102065277777806
0 0.64835806015625 0.6079350041666667 0.0645727328125 0.10255106111111105
0 0.73832940078125 0.6232411347222222 0.17908171093749994 0.1821429388888889
0 0.50008583046875 0.5537564881944445 0.014426814062499993 0.020984456944444455
0 0.5145126441406249 0.5514248819444444 0.014426813281249996 0.02098445555555549
0 0.544677800390625 0.5514248819444444 0.017049871093750023 0.02564766944444443
7 0.9446120300781249 0.32409327083333334 0.048526555468749955 0.11658031388888886