0 0.36552056445312503 0.5655122347222222 0.013773430468749969 0.019588875000000013
0 0.346172176171875 0.5680774180555556 0.030301542968750005 0.035912941666666615
0 0.318625319921875 0.5721584347222222 0.015609885156250013 0.02448609444444448
0 0.30668834765624997 0.5778718583333333 0.017446343750000003 0.02285368888888889
0 0.270418319140625 0.5778718576388889 0.06060308671875001 0.048972190277777765
0 0.201092059765625 0.5909311069444445 0.07804942890625 0.07182587777777777
0 0.15196683046874998 0.6007255458333333 0.03672914218749999 0.05876663055555558
0 0.099168687109375 0.5966445298611112 0.07804942890625 0.0832527236111111
0 0.05417548671875001 0.6619407861111111 0.1074327453125 0.15181379444444443
0 0.476866707421875 0.5555623055555555 0.011018741406249966 0.026118502777777764
0 0.488256575390625 0.5574667763888889 0.014691657031250038 0.027750908333333275
0 0.510753176171875 0.5460399333333333 0.035810914843749944 0.05060459999999994
0 0.513966975390625 0.56807741875 0.040402057031250035 0.055501818055555596
1 0.455747449609375 0.5471282034722222 0.027546857031249948 0.047339784722222174
0 0.45477063984375 0.5697544625 0.02938331406249999 0.04407497500000004
7 0.04615892109375 0.26204586041666666 0.06243954374999999 0.039177751388888876
7 0.749981130859375 0.3273421118055556 0.04682965703124999 0.032648129166666665
7 0.7701821593749999 0.2563324368055555 0.037647370312499984 0.02122128194444445
6 0.79267876015625 0.40406521527777783 0.027546857812500037 0.05223700277777783
6 0.753698726953125 0.16625038749999999 0.016528114843749987 0.08488513055555556