0 0.195023876953125 0.4815488784722222 0.08424505234374999 0.08944536527777779
0 0.2921397 0.47634856597222225 0.08424505156250003 0.12064723472222225
0 0.49807205000000004 0.49402962638888887 0.06552392968750001 0.09776586388888886
0 0.24065661289062498 0.4784286902777778 0.035102103906250015 0.09152548888888887
0 0.343037752734375 0.46213438263888884 0.033932035156249984 0.0575501125
0 0.46179987499999997 0.47842869097222224 0.02574154375000006 0.0665639930555555
0 0.45360938359374997 0.47426844027777776 0.018721123437499987 0.04992299166666672
0 0.44541889257812495 0.47114825416666667 0.016380982031250026 0.04368261944444451
0 0.43605833085937495 0.4669880048611112 0.016380982031250026 0.04368262083333331
0 0.4266977687500001 0.45762744236111114 0.011700700000000008 0.033281995833333314
0 0.418507278515625 0.45346719375 0.01404084140625006 0.024961498611111133
0 0.378724893359375 0.4617876923611111 0.03744224609375002 0.05824349305555556
0 0.13514310468750002 0.4968031305555556 0.036272176562500015 0.06864411666666667
6 0.772977585546875 0.38883473541666663 0.021061261718750047 0.03536212083333336
6 0.740800656640625 0.38883473541666663 0.010530632031249976 0.03536212083333336
6 0.575820762890625 0.4387577291666667 0.010530632031249976 0.03120187222222223
6 0.40791569375 0.41691641944444446 0.007020420312499986 0.02080124722222223
6 0.451793325390625 0.4377176659722222 0.010530632031250065 0.0166409986111111
7 0.43541234335937495 0.4325173541666667 0.00819049140625001 0.01872112222222226
6 0.034139229296875004 0.06136367986111111 0.022231333593750003 0.10192611249999999
6 0.055785527343749995 0.07280436666666668 0.018721123437500004 0.09568573888888889
6 0.016003140625000002 0.06656399097222222 0.018721121875000003 0.09152548749999999