6 0.42732941406249997 0.2484106638888889 0.01054686718749993 0.05057165000000003
6 0.34559118906249997 0.25124982013888886 0.01054686718750002 0.046874968055555556
6 0.58750996875 0.20906235069444443 0.01186522656250002 0.056249965277777786
6 0.6745216265625 0.19382798541666668 0.011865225000000024 0.05390621527777779
6 0.70352551328125 0.3051560326388889 0.025048810937500044 0.03281247638888887
6 0.4873147246093749 0.35671849652777776 0.011865225781250021 0.02343748472222222
7 0.72527842890625 0.12234365833333334 0.026367168749999958 0.04687496666666667
7 0.715390739453125 0.1832811159722222 0.01713866015625003 0.051562462499999996
7 0.73978037109375 0.19148423680555557 0.023730451562499956 0.0726561986111111
7 0.335044321484375 0.34617163125 0.013183585156249978 0.03046872916666664
0 0.30933633046875003 0.40828096180555556 0.019775376562499992 0.0374999736111111
0 0.329770887109375 0.41296845833333334 0.02900388515625001 0.032812477777777835
0 0.347568726171875 0.4199997048611111 0.02768552734374996 0.04218747361111118
0 0.375254254296875 0.42234345138888885 0.038232396093749975 0.0515624638888889
0 0.4879739042968749 0.45867155416666666 0.09755852734374999 0.13359365833333334
0 0.7687842578125 0.4012497166666667 0.023730451562500043 0.042187469444444445
2 0.151701858984375 0.3775778618055556 0.30340371796875 0.7551557236111112