6 0.51421113828125 0.4159180145833334 0.004874040625000031 0.020795901388888892
6 0.4786306523437499 0.4159180138888888 0.005848846875000024 0.017329916666666712
6 0.4835046914062501 0.42198348541666664 0.005848846875000024 0.015596926388888871
6 0.493252770703125 0.42371647708333326 0.005848849218750019 0.015596926388888951
6 0.5234718132812499 0.42284998263888884 0.005848846875000024 0.020795901388888892
0 0.50690007890625 0.45144434375 0.01169769374999996 0.02252889027777777
0 0.522497005078125 0.4609758 0.023395388281250006 0.02772786944444445
0 0.4737566125 0.47224024513888896 0.037042698437499945 0.053722743055555515
0 0.43671391484375005 0.4618422951388889 0.01169769374999996 0.02252889305555562
0 0.4274532394531249 0.46357528541666665 0.014622117968750015 0.02252889305555554
0 0.41039410273437493 0.46444178124999996 0.019496155468749964 0.02426188472222219
0 0.384074291015625 0.4705072527777778 0.03119385078125001 0.02599487500000003
6 0.452310840234375 0.4367139145833333 0.007798461718750005 0.013863931944444453
0 0.5429679703125 0.45750981527777773 0.011697693750000049 0.017329916666666632
0 0.5610019152343749 0.46270879097222223 0.02242058046874993 0.027727868055555563
6 0.9545732472656251 0.3226798326388889 0.03462035234375005 0.05614247916666666
7 0.9324037046875 0.18369712291666668 0.045815968750000026 0.1074454875
6 0.568080665625 0.06527669097222222 0.02201087656250005 0.09426879861111112