0 0.03251731484375 0.783816051388889 0.063121846875 0.09351384444444445
0 0.091335398046875 0.5984886131944445 0.004781958593750002 0.0017002513888888713
0 0.05355793046875 0.7549117722222222 0.0784241109375 0.07991183055555556
0 0.17310688046875 0.7285578708333332 0.019127831250000015 0.02720402777777764
0 0.154935439453125 0.7251573659722222 0.013389483593749984 0.02380352638888894
0 0.24674903320312502 0.7251573659722222 0.019127832031250014 0.02380352638888894
0 0.30556711718749996 0.7200566111111111 0.020084223437500003 0.02720402777777772
0 0.46337173164062495 0.7438601354166667 0.10807225078125002 0.07481107638888894
0 0.42224689296874995 0.7217568638888889 0.09468276875 0.071410575
0 0.58578985625 0.7362090020833334 0.18458357968750008 0.13431988750000004
0 0.27591897734375 0.6954029604166667 0.03538648906250001 0.018702768055555593
0 0.22427383125000003 0.71410573125 0.010520307812499973 0.011901759722222177
0 0.23431594296874997 0.7073047229166666 0.015302265624999967 0.011901759722222257
0 0.121939929296875 0.7642631555555555 0.06981658671875 0.0952140972222223
0 0.34477917265625 0.7489365048611112 0.1023339015625 0.1530714291666667
0 0.272093411328125 0.7353588777777778 0.06025267109375001 0.06801006944444442
6 0.0698165875 0.6860515770833333 0.009563917187499993 0.013602015277777784
6 0.173585075 0.6554470451388889 0.010520307812500018 0.017002518055555527
6 0.230012180859375 0.6784004430555555 0.006694741406249971 0.0187027694444444
6 0.27257160742187503 0.6503462909722222 0.009563916406249984 0.013602015277777784
7 0.46384992812500003 0.5925377305555556 0.01721504843749999 0.034005033333333365
7 0.589615423046875 0.3808563895833333 0.04112483984375004 0.06290931527777777
6 0.54036125546875 0.37405538124999993 0.013389481250000035 0.05950880972222221
6 0.522668012109375 0.3825566416666667 0.014345874218749976 0.06290931388888892
6 0.23718511796875 0.6767001923611111 0.007651132812500005 0.011901762500000027
0 0.9224397015625001 0.7277077444444444 0.04686318906249998 0.10371535555555553
6 0.7808937441406251 0.5933878569444444 0.016258657031249957 0.035705286111111116
7 0.7483764292968751 0.5908374784722222 0.010520307031249931 0.030604529166666655
7 0.76489924296875 0.46357528680555554 0.03899231406250001 0.019062909722222247