7 0.4424358453125 0.3899013159722222 0.0219819078125 0.008881579166666617
7 0.484401306640625 0.39256579236111105 0.02198190859375 0.01065789305555561
7 0.360003690234375 0.3890131590277778 0.026977796093750016 0.010657893055555532
7 0.3630012234375 0.4218750027777778 0.03497121718749998 0.04796052777777773
7 0.435441601953125 0.41921052777777784 0.03796875078125002 0.04973684444444449
7 0.47690747304687503 0.4218750027777778 0.03896792734375003 0.04796052777777773
7 0.5193725234375 0.49914473958333333 0.01398848749999999 0.017763156944444428
7 0.28256742421875 0.4955921090277778 0.011990131250000013 0.014210526388888903
0 0.37693976328125 0.5115789506944444 0.009991776562499988 0.012434209722222218
0 0.387930717578125 0.5106907923611111 0.005995066406250027 0.014210526388888825
0 0.35046155625000003 0.510690792361111 0.014987664062500006 0.02486842083333332
0 0.40941303671874996 0.5080263173611111 0.010990954687500044 0.012434209722222218
0 0.4683645175781249 0.5089144756944445 0.010990953906250045 0.014210526388888903
0 0.46137027421875 0.5115789500000001 0.008992600000000017 0.015986841666666626
0 0.450306458203125 0.5115789506944444 0.013988486718749993 0.0213157902777778
0 0.42782496132812503 0.5240131604166667 0.02697779609375006 0.03552631527777782
0 0.47078959921874997 0.5240131611111111 0.024979440625000036 0.03907894722222222
0 0.49626862929687504 0.5186842131944445 0.023980263281250025 0.035526315277777734
0 0.594687626171875 0.5764144770833334 0.11890213984375002 0.14032894861111117
0 0.36437718124999996 0.5142434236111111 0.011990131250000013 0.02309210555555552
0 0.055293030468750004 0.5577631618055555 0.11058606093750001 0.12078947361111116
0 0.09709716328125 0.5071381604166667 0.038967928124999995 0.040855262500000024
0 0.39834922109375 0.5124671069444444 0.009991776562500032 0.019539472222222225