0 0.395685863671875 0.5124906208333333 0.024342411718750023 0.029490313888888883
0 0.364882774609375 0.5254974583333333 0.01913544921875001 0.023275869444444434
0 0.34071168125 0.5299735875 0.021149704687500038 0.014323611111111094
0 0.31905841015625 0.5425067458333334 0.026185349999999996 0.032228125
0 0.287837416796875 0.5362401659722222 0.038270897656250025 0.04476128472222219
0 0.25208434140625 0.5442971986111111 0.05942060312499997 0.05729444166666669
0 0.189642353125 0.5827918993055555 0.12790536562500002 0.10921752916666666
0 0.429842585546875 0.5040120416666667 0.012085546093750033 0.026856769444444397
0 0.44897803437500006 0.5102786243055555 0.032228123437500054 0.03222812361111104
0 0.5174627964843751 0.5138595263888889 0.07049902109374999 0.11458888333333338
0 0.57235131953125 0.5272879090277779 0.08560595312500005 0.1163793347222222
0 0.6156578609375 0.5523542284722223 0.07956318124999999 0.10921752916666666
0 0.824318995703125 0.5224573090277779 0.34984463671875005 0.39319034027777783