0 0.034795407421875 0.5789121506944445 0.06959081484375 0.08735300138888888
0 0.292192069140625 0.5775886208333334 0.07593755078125 0.08470594166666671
0 0.484269406640625 0.5510032055555556 0.037224289843750036 0.05271159444444448
0 0.53865783515625 0.5486058666666667 0.026883418749999954 0.03203454999999996
6 0.5728632164062499 0.21891190416666667 0.023823545312500017 0.087353
6 0.59817573359375 0.21758837500000003 0.02084560312499999 0.08470594166666667
6 0.7567512109375001 0.4492061854166666 0.016378687500000044 0.055588273611111086
0 0.098623312109375 0.57396276875 0.06160972578124999 0.08660385138888892
0 0.17026252734375 0.5697174861111112 0.07593756874999998 0.08150950833333334
0 0.6387829953124999 0.5633495562499999 0.024357332812499966 0.022924548611111106
1 0.628753505078125 0.5484910451388889 0.02435733359375005 0.0458490986111111
0 0.43317844765625 0.5603778618055556 0.025790117187500083 0.03056606527777777