7 0.557102683203125 0.24435183333333335 0.02047096484375004 0.027727866666666677
7 0.563926338671875 0.3041400486111111 0.02047096484375004 0.01906290833333332
7 0.619490386328125 0.2616817513888889 0.028269427343749952 0.024261886111111113
7 0.621927406640625 0.23568687569444444 0.015596925781250003 0.01732991805555556
7 0.851982057421875 0.10744548680555555 0.03899231328124984 0.05545573472222222
7 0.49276536640625 0.3413993708333333 0.012672503124999946 0.024261886111111075
6 0.18716310625000002 0.330134925 0.011697695312499978 0.04332479444444443
6 0.457117983203125 0.2427723486111111 0.013513516406250047 0.061848302777777774
6 0.580010668359375 0.3500643284722222 0.011697694531249959 0.024261884722222227
6 0.3538552484375 0.37865869166666666 0.005848848437499976 0.015596924999999985
6 0.434764299609375 0.3569962958333333 0.007798463281250001 0.013863933333333339
6 0.386998714453125 0.382124675 0.005848846093749982 0.01906290833333336
6 0.6389865421875001 0.30587303958333334 0.018521348437499974 0.02946086249999998
6 0.45426045624999994 0.3847241625 0.007798462500000003 0.01386393611111111
6 0.4708321890625 0.24608482569444443 0.011697695312500044 0.0415918013888889
0 0.864654559375 0.5510913701388889 0.26904696562499997 0.3881901458333333
0 0.679928471875 0.48783716875000005 0.19398676093749997 0.27207969861111114
0 0.57172480234375 0.48523768472222223 0.06921135625000004 0.14557130555555553
0 0.10625405546875 0.5944161631944445 0.2125081109375 0.2564827763888889
0 0.49374017421875005 0.4341144256944445 0.039967121875 0.05372274305555559
0 0.369939578125 0.4315149402777777 0.020470964062499996 0.024261886111111075
0 0.47131959296875003 0.4228499805555556 0.012672503125000035 0.03812581666666664
0 0.46086706484375 0.41331852708333333 0.013213215624999997 0.02946085972222221
0 0.45231084062499993 0.4141850229166667 0.01169769374999996 0.02426188472222219
0 0.41380593125000004 0.39945459375 0.012672501562500039 0.015596926388888871
0 0.44305016640625006 0.4020540819444444 0.008773270312499993 0.020795902777777778
0 0.43671391484375005 0.3925226256944444 0.009748078124999981 0.019062909722222247