0 0.32591693671875 0.38557923819444445 0.0172150453125 0.041939534722222206
0 0.307745500390625 0.39011324236111117 0.020403016406249995 0.04874054027777777
0 0.286067294921875 0.3906799930555555 0.03315490234374998 0.058942050000000044
0 0.268533453125 0.3986145 0.028691742187500015 0.058942050000000044
0 0.238566521875 0.3935137444444445 0.04271881562500002 0.0940805777777778
0 0.197760487890625 0.4020150013888889 0.06822258671875 0.10881608888888891
0 0.1295379015625 0.40994950694444443 0.0899007921875 0.1360201111111111
0 0.4321826578125 0.38557923819444445 0.01211429218750002 0.021536518055555596
0 0.44238416562499994 0.3838789868055556 0.010839103125000004 0.024937020833333337
0 0.45322326796874995 0.39011324236111117 0.0172150453125 0.03513852916666664
0 0.475220270703125 0.4014482506944444 0.03570527890625001 0.05554154583333334
0 0.5220834492187499 0.40994950763888893 0.05929626718750001 0.09974808194444439
0 0.5450368433593751 0.4258185208333333 0.06567221015625 0.1042820861111111
0 0.615916066796875 0.44792178958333334 0.13261960859374994 0.1643576347222222
0 0.785728701171875 0.5091308395833334 0.33537458828125005 0.2799747291666667
0 0.04807112148437499 0.404124075 0.09436395234375 0.1904281555555555
0 0.356486033984375 0.38322957083333337 0.040806032031249995 0.05327454444444442