7 0.4240414125 0.3729398145833334 0.021445771874999943 0.04852376805555557
7 0.46254632265625 0.37120682222222223 0.045815968750000026 0.055455736111111126
7 0.50348825234375 0.39026973125000003 0.032168659375 0.051989751388888866
7 0.396746793359375 0.4249295659722222 0.017546541406250026 0.031193851388888937
7 0.534682103515625 0.4024006736111111 0.018521349218749972 0.027727866666666677
6 0.29634158515625 0.433594525 0.009748078124999981 0.013863933333333339
6 0.332896879296875 0.4301285409722223 0.00877327109374999 0.017329918055555598
6 0.3694521734375 0.4266625576388889 0.00584884687499998 0.013863934722222224
7 0.508849695703125 0.45439042500000004 0.025345003906249986 0.013863933333333339
0 0.493252769921875 0.49858171458333334 0.023395388281250006 0.02946085972222221
0 0.47424401640624997 0.4985817138888889 0.014622117187500016 0.015596924999999985
0 0.51177411953125 0.49164974791666666 0.011697695312500044 0.019062909722222167
2 0.445487185546875 0.4812517965277777 0.02144577265625003 0.029460859722222288