6 0.320337887109375 0.4366863388888889 0.008986685156249985 0.014644969444444437
6 0.4079767925781249 0.46198219305555555 0.006028569531250039 0.009319527777777776
6 0.42668033125000004 0.43934906041666666 0.00599112343749999 0.011982245833333295
6 0.382870240234375 0.44933426666666665 0.005242233593750001 0.010650886111111093
6 0.43716479765624994 0.4526626673611111 0.00599112343749999 0.00931952361111112
6 0.45794650703124995 0.43701917986111105 0.0037444531250000247 0.011982248611111145
6 0.50475215859375 0.44966710625 0.007488904687500053 0.007988165277777803
6 0.31022786601562496 0.43901622083333336 0.006740014843750019 0.013313605555555498
6 0.21792711953125 0.33250735625000005 0.01198224687499998 0.021301773611111113
7 0.490897685546875 0.45033278541666666 0.006740014843749975 0.007988165277777803
0 0.41735664648437504 0.4746301215277777 0.008237794531250042 0.019970412500000062
0 0.42334777109375 0.47329876041666663 0.006740014062499977 0.014644968055555551
0 0.41061663203125 0.47862420277777773 0.009735575000000019 0.017307688888888922
0 0.4020043917968749 0.47928988472222217 0.011982247656249978 0.021301772222222265
0 0.39376659765625 0.4786242034722223 0.013480028124999998 0.025295854166666645
0 0.38290768671875003 0.47795852291666663 0.018722262499999996 0.026627215277777814
0 0.369427657421875 0.48261828749999997 0.023215603906250014 0.038609463888888876
0 0.34958206171875 0.4799555652777777 0.026960056249999996 0.054585794444444405
0 0.33385536250000003 0.48261828472222223 0.03594674218749998 0.05724851388888889
0 0.30989086796875 0.48994077083333326 0.04343564531249999 0.06923076111111115
0 0.27394412734375 0.5019230173611111 0.0748890453125 0.08254436805555554
0 0.204297316015625 0.5145709451388889 0.09286241484374998 0.09718933749999997
0 0.075198314453125 0.548439 0.14889884609374998 0.14894911666666671
0 0.4343564582031251 0.4759614833333333 0.01497780859374993 0.017307688888888922
0 0.46416231093750004 0.47729284375 0.007488904687499964 0.011982248611111067
0 0.46940454414062494 0.4673076375 0.00898668515625003 0.0026627222222221766
0 0.47726789257812496 0.47596148124999993 0.009735575781250016 0.022633131944444468
0 0.48513124414062503 0.48062124513888893 0.016475589843749992 0.029289937499999988
0 0.494866819140625 0.48328396666666673 0.01947115234375003 0.04526626666666663
0 0.53231134140625 0.47928988472222217 0.06290679687500003 0.0852070916666666
0 0.588478124609375 0.5112425430555555 0.10634244296874992 0.13047335833333337
0 0.68927876015625 0.5385354381944445 0.143786965625 0.16908282083333337
0 0.8603253328125 0.6024407562499999 0.27559168281250007 0.31286978472222216