0 0.291783807421875 0.4884703027777778 0.12632852890625 0.1422365638888889
0 0.44755390625 0.4153557305555556 0.006316426562499977 0.008733822222222267
0 0.441237480859375 0.4172272631944444 0.00772007734375002 0.01746764583333334
0 0.432815578515625 0.4197226416666666 0.014738328906249976 0.017467644444444454
0 0.42895554062499996 0.4309518458333334 0.022458406249999997 0.017467647222222223
0 0.418779074609375 0.4228418652777778 0.011931025781250071 0.021210713888888854
0 0.41632268632812497 0.4259610888888889 0.014036502343750002 0.019963027777777774
0 0.40509348515625004 0.4272087777777778 0.014036503124999999 0.024953783333333333
0 0.46615227265625003 0.41597957500000005 0.0070182515625000445 0.012476888888888895
0 0.47001231171875 0.41847495277777774 0.0077200765625000225 0.014972266666666675
0 0.47632873671875 0.41847495277777774 0.007720076562499933 0.014972266666666675
0 0.486154289453125 0.41660341874999995 0.018949278906250023 0.038678362499999966
0 0.502296268359375 0.4247133986111111 0.02316022890624998 0.04491681111111111
0 0.5271408960937499 0.42596109027777784 0.04140768437500002 0.06737521666666665
0 0.5632848906250001 0.4459241145833333 0.05193506093750004 0.08234748194444445
0 0.612131903515625 0.4683825208333333 0.07298981484375 0.12975967222222223
0 0.6603473003906251 0.48210708402777774 0.09615004609374997 0.17966724027777778
0 0.365089451171875 0.4403095069444445 0.07158616484375 0.10605356111111111
0 0.23879600703125003 0.46164498680555555 0.03158213281250002 0.058641390277777816
0 0.12329459101562501 0.5618760270833333 0.24563880234375 0.34186682916666666
1 0.83751865625 0.44708861319444443 0.3228395671874999 0.5015710402777779