6 0.37063999999999997 0.4985152736111112 0.01054686718750002 0.035156224999999985
6 0.324497454296875 0.5196090118055555 0.010546867968750017 0.03515622916666664
6 0.44446807421875 0.5629683555555556 0.01054686718750002 0.028124980555555526
6 0.5426857804687499 0.5160933888888889 0.011865225000000024 0.028124983333333374
6 0.3792093296875 0.49734340208333333 0.009228507812500019 0.028124981944444412
6 0.625742362890625 0.5641402284722221 0.014501942968749936 0.02578123194444441
0 0.44512725429687505 0.6157026930555555 0.019775377343750032 0.021093733333333295
0 0.40689485703125 0.6168745680555555 0.01713865937500003 0.023437483333333297
0 0.541367421875 0.61687456875 0.01186522656250002 0.03281247638888887
0 0.530820553125 0.6133589465277778 0.011865226562499932 0.03515622638888887
0 0.476108677734375 0.6145308208333333 0.013183585156249933 0.028124980555555526
0 0.518955327734375 0.6110151965277778 0.01713866015625003 0.03046872638888887
0 0.70550305078125 0.6145308201388889 0.05537105625000001 0.05624995972222224
0 0.28230998281249997 0.6379683048611112 0.031640603125000014 0.05156246250000002
0 0.250669379296875 0.6391401777777778 0.042187471093749984 0.06796870277777774
0 0.195957502734375 0.6379683048611111 0.08833001640624998 0.10312492916666668
0 0.13465383359375 0.6590620395833333 0.08173822500000001 0.09843743194444446
0 0.38843783945312504 0.6274214368055556 0.03295896171875001 0.03515622638888887
0 0.35350133984375 0.6309370583333334 0.031640603125000014 0.042187469444444445
0 0.5611427984375 0.6192183166666666 0.035595678125000065 0.04687496666666667
0 0.4899514421875001 0.6203901916666666 0.025048810937499954 0.03984372222222221
0 0.050938071484375 0.6614057888888889 0.10151360390625001 0.1453124
0 0.4266702359375 0.6145308201388889 0.02768552812499996 0.0374999736111111