6 0.3159560953125 0.2538142888888889 0.006002965624999979 0.026679850000000015
6 0.30845238671875 0.2600395861111111 0.005002470312500007 0.028458502777777797
6 0.396495888671875 0.2529249611111111 0.007003460156249997 0.02845850555555557
7 0.4395171453125 0.31428861041666667 0.011005437499999982 0.019565223611111113
7 0.21090419023437504 0.26893286944444444 0.01200593203125 0.024901191666666656
7 0.2384177859375 0.29828070069444446 0.019009392187499995 0.02667984861111109
1 0.33696647578125 0.34808308680555555 0.0240118625 0.06225297916666664
0 0.43851665078124996 0.3614230125 0.013006426562499928 0.06403163611111111
0 0.452023323046875 0.3596443555555556 0.02201087578125005 0.08537551666666666
1 0.5575754742187501 0.26448622638888886 0.21710726874999997 0.38596847500000003
0 0.28989408046875004 0.3828102284722222 0.06393331249999998 0.09969144861111114
0 0.38799168554687496 0.3720949506944444 0.11005437421875004 0.2134387875
0 0.8227064703125 0.42189733541666674 0.3531744968750001 0.31304355694444447