0 0.5286153644531251 0.45610092361111115 0.008111646093750036 0.016639269444444455
0 0.537350981640625 0.4566555666666667 0.010607535156249969 0.019967124999999995
0 0.49835268828125 0.46220199097222225 0.008735617187499933 0.02218569583333334
0 0.48868111171875006 0.4671937729166667 0.018095207812500024 0.032169259722222183
0 0.51395200546875 0.47163091180555555 0.031198634375000013 0.05213638472222218
0 0.46465816328125004 0.47052162708333334 0.03369452500000003 0.0499178152777778
0 0.4056927437500001 0.4810598326388889 0.061773296875000036 0.07321279583333333
0 0.56241388515625 0.4821691166666667 0.031198634375000013 0.03993425277777776
0 0.825106387890625 0.4932619645833333 0.16722468046874991 0.1175841875
0 0.9265019515624999 0.47274019722222227 0.05927740625000002 0.056573524999999986
0 0.22848449726562498 0.5091617159722222 0.06177329765625002 0.1308956041666667
0 0.032245085546874996 0.5047245770833334 0.06239726953125 0.07321279583333333
0 0.124069818359375 0.5829291541666666 0.24813963671875 0.2629004944444444
7 0.8619142648437499 0.2735195819444444 0.024958907812500007 0.033278544444444454
7 0.60514950234375 0.4227183854166667 0.010607535937499968 0.009983562500000036
7 0.32215709335937504 0.4331757083333334 0.005615755468750016 0.018857841666666687