6 0.389435734765625 0.5415599152777778 0.00877327109374999 0.012130944444444462
6 0.40746968007812495 0.5398269229166667 0.007798463281250001 0.012130943055555576
7 0.359216691796875 0.5675547888888889 0.010722886718750014 0.008664958333333316
7 0.384074292578125 0.560622823611111 0.00974807890624998 0.01906290833333336
7 0.53273248828125 0.5302954673611111 0.012672503124999946 0.024261881944444418
7 0.1413471375 0.5658217979166666 0.015596926562500002 0.05025676249999999
7 0.755963485546875 0.4635752861111111 0.01852134921875006 0.1091784805555556
0 0.34069534140625 0.5753532527777777 0.012672501562499994 0.02079590000000001
0 0.324611013671875 0.5796857319444445 0.013647311718750022 0.01906290833333336
0 0.333871687109375 0.5796857326388889 0.008773271093750035 0.012130940277777726
0 0.432814684375 0.5770862444444445 0.00974807812500007 0.017329916666666632
0 0.42111698984375 0.5762197486111111 0.019496156250000053 0.022528891666666735
0 0.3558048640625 0.5779527402777778 0.015596926562500002 0.015596924999999985
0 0.493740173046875 0.5684212847222222 0.01852134921875006 0.02079590000000001
0 0.78228329609375 0.5632223111111112 0.053614431250000025 0.06585368333333332
0 0.8446709988281249 0.5727537645833334 0.10040520703124996 0.10571249305555558
0 0.9712026925781251 0.53376145 0.05127816484374996 0.09011556944444439
0 0.9129075480468749 0.5562903430555556 0.06141289453124994 0.06585368611111109