0 0.16861717226562498 0.33696859791666667 0.026309061718750006 0.0297637902777778
0 0.140514310546875 0.33590560416666665 0.03707186015624999 0.04039371388888892
0 0.10882384804687499 0.3422835590277778 0.04544292578124999 0.057401590277777796
0 0.056803657421875 0.35503946805555553 0.07533958828125001 0.07440946944444443
0 0.21645183164062498 0.33377962083333335 0.01674213046874997 0.019133861111111136
0 0.230802229296875 0.3316536347222222 0.014350397656250014 0.019133863888888904
0 0.24694642695312502 0.33590560555555554 0.02032972890625002 0.023385830555555584
0 0.266080290625 0.33803158819444445 0.022721464062499974 0.03188977083333333
0 0.28820381953125 0.3390945819444445 0.021525595312500024 0.03826772777777781
0 0.297172818359375 0.34440954583333333 0.029896660156249987 0.040393711111111154
0 0.31690461523437496 0.3486615125 0.031092528906249983 0.044645677777777754
0 0.343213678125 0.3571654527777778 0.035875995312499985 0.05314961944444442
0 0.39164627109375 0.3762993166666667 0.09925691718749996 0.11267719722222225
7 0.49867631875 0.18602367430555558 0.019133862500000022 0.02976379027777776
6 0.264286491015625 0.27106306736111113 0.009566932031249965 0.012755909722222193
6 0.1877510359375 0.29870086944444446 0.011958665625000009 0.012755908333333347
6 0.17818410468749998 0.26468511319444443 0.011958665624999986 0.01700787916666668