7 0.34809563203125 0.27402372708333333 0.04680277187500002 0.04992295694444447
7 0.693930869140625 0.3057456055555556 0.03334697421874999 0.055123263888888885
7 0.6901281441406251 0.3858303486111111 0.009360555468749965 0.021841294444444437
7 0.6152437093750001 0.2974251125 0.009360554687499967 0.01768104444444446
7 0.44453491835937503 0.3140986 0.012285727343749997 0.020801230555555526
7 0.5115213855468751 0.3052580763888889 0.00702041484375 0.009360552777777779
7 0.36058244726562505 0.34062017083333335 0.004680277343749983 0.01768104722222223
7 0.34829671875 0.3401001409722222 0.005850346875000012 0.018721109722222254
7 0.3333783359375 0.3380200173611111 0.006435381250000027 0.018721109722222216
0 0.33152572578125 0.31461863055555556 0.05499325625 0.032241911111111084
0 0.4442424015625 0.3333397402777778 0.014040832812499992 0.015600924999999993
0 0.46978892617187495 0.3232858125 0.009360553906249968 0.011440677777777786
0 0.47856444570312495 0.32744605694444445 0.008190485156250028 0.011440677777777786
0 0.492020242578125 0.3321263354166667 0.011700692968750027 0.016640984722222207
0 0.533850220703125 0.3950500618055555 0.09653071640624997 0.15912942361111115