0 0.530885872265625 0.43459897847222223 0.03797466796875 0.08270038472222226
0 0.5161706886718751 0.41518970624999996 0.01234176640625 0.03713078750000002
0 0.505727655078125 0.4278479298611111 0.01234176640625 0.042194076388888946
0 0.5891769816406249 0.4531643715277778 0.10063287109374999 0.16708854027777784
0 0.9388287570312499 0.4227846388888889 0.07879743749999993 0.055696180555555544
0 0.9051262398437501 0.49535844861111117 0.13860753906250006 0.24135011111111113
0 0.8234807015625 0.43037957222222223 0.04367086718749995 0.0506328916666667
0 0.130348048046875 0.5218563243055556 0.16993664140625003 0.19240498749999999
0 0.4055694671875 0.43780574375 0.039873401562499966 0.06075946527777781
0 0.469177036328125 0.43696186319444447 0.07025313515624995 0.12658222916666667
0 0.28148722734375 0.56596321875 0.2306961078125 0.2666665597222222
0 0.7300629949218751 0.5884667194444445 0.2962024117187501 0.37580855277777775
6 0.08876578671874999 0.32320661875000006 0.0142405 0.062447231944444445
6 0.2811074859375 0.36793234097222227 0.012341767187499996 0.0438818402777778
6 0.481898544921875 0.26751043888888887 0.011392400781249989 0.03881854999999999
6 0.59876559140625 0.28101254305555556 0.010443032812499985 0.03206749722222225
6 0.42702516093750004 0.3924049041666666 0.007594932812499966 0.02194091944444452
6 0.465949195703125 0.3704639847222222 0.00949366640624998 0.018565391666666722
6 0.25234167265625 0.34852306527777777 0.011392399999999992 0.028691972222222223