6 0.44380889453125 0.42468720069444443 0.011865225000000024 0.0374999736111111
6 0.565757053515625 0.4446090625 0.007910150781250014 0.03984372222222221
6 0.7542823140625 0.4774215395833333 0.015820301562500028 0.0398437236111111
6 0.541367422265625 0.5219527590277778 0.009228510156250013 0.03046872916666664
6 0.6145363167968749 0.5324996263888888 0.010546867968750017 0.023437483333333297
6 0.603989448828125 0.5336715 0.007910150781250014 0.021093736111111067
7 0.3192240203125 0.4891402805555556 0.023730451562499998 0.011718741666666609
7 0.38514194296875 0.4891402819444445 0.015820301562499983 0.016406238888888838
7 0.580258996484375 0.538358998611111 0.010546867968749929 0.025781233333333296
7 0.602671091015625 0.5090621430555555 0.015820302343750026 0.018749986111111148
7 0.646176919921875 0.46218717430555556 0.02373045234375004 0.02343748194444449
7 0.527524658203125 0.5442183694444445 0.015820302343749936 0.018749988888888916
0 0.47479031953124995 0.58171834375 0.015820301562499937 0.05156246250000002
0 0.45105986679687504 0.5969527069444445 0.042187471093750074 0.07265619999999996
0 0.3436136515625 0.6051558270833334 0.0250488109375 0.07499994861111109
0 0.5967384777343749 0.6063277013888889 0.027685528906250045 0.07265619999999996
0 0.63101579765625 0.6028120777777778 0.06459956406250003 0.08906243611111112
0 0.64156266484375 0.6297651847222222 0.06459956406250003 0.1054686777777778
0 0.7061622296875 0.6414839284722222 0.11206047031250002 0.1523436458333333
0 0.8584326332031249 0.7141401270833332 0.28212871171875004 0.33046852361111106
0 0.9289648121093752 0.7996869430555555 0.14106435703124998 0.398437225
1 0.106309126953125 0.6367964284722223 0.21225571328124998 0.26953106527777787
0 0.298130283984375 0.6239058138888889 0.08964837578124998 0.11249992222222219
0 0.39371127265625 0.6121870715277778 0.09360345156249998 0.13124990972222222
0 0.51565943125 0.61687456875 0.07646479062499996 0.13124990972222222