7 0.739780371875 0.5465621159722223 0.026367170312499955 0.02812498194444449
7 0.8017432195312499 0.564140229861111 0.026367170312499955 0.03515622638888887
7 0.5130227148437501 0.5524214881944445 0.010546868750000016 0.03046872916666672
0 0.590805864453125 0.5875777145833333 0.018457017968750034 0.02578123194444441
0 0.629038260546875 0.6086714493055556 0.04746090390625 0.04921871527777778
0 0.727255965625 0.5899214625 0.022412093749999952 0.025781233333333375
0 0.4530374046875 0.5746870979166666 0.014501943750000024 0.014062490277777723
0 0.34756872578125 0.5699996006944444 0.0250488109375 0.018749987499999954
0 0.28692423710937504 0.5699996006944444 0.03295896171875001 0.018749987499999954
0 0.08587457070312501 0.5711714770833333 0.07910150859375001 0.03046872916666664
0 0.017888474609375 0.5699996006944444 0.03577694921875 0.03281247638888887