0 0.26153699375 0.3330815555555555 0.011470920312499988 0.012235647222222252
0 0.2454777046875 0.33410119375 0.011470920312499988 0.014274923611111134
0 0.361563419140625 0.32016614583333336 0.01147091953124999 0.01631420000000002
0 0.33173902499999997 0.3476963520833333 0.011470920312499988 0.0020392736111111117
0 0.32084165000000003 0.3395392555555556 0.019500565624999976 0.022432019444444427
0 0.426144705859375 0.32934287916666666 0.012618011718750034 0.022432022222222237
0 0.41926215390625005 0.3344410666666667 0.01261801250000003 0.02039274722222224
0 0.40951187109375004 0.3364803416666667 0.018353471874999982 0.012235650000000023
0 0.40434995703125 0.3487159902777778 0.014912196875000028 0.008157099999999988
0 0.399188041796875 0.3599320006944445 0.01835347265624998 0.0101963736111111
0 0.45768973828125004 0.35143503125000003 0.020647657812499977 0.012235648611111137
0 0.47374902734374996 0.35857249166666666 0.025236024999999974 0.006117825000000031
0 0.27920221367187503 0.3689048138888889 0.02982439453125001 0.03874621944444449
0 0.32221816406250003 0.3750226375 0.03326567031250001 0.04690331944444447
0 0.44266283320312494 0.5601887902777777 0.32003868984375 0.4417069194444444
0 0.7179649234375 0.45577791875 0.1961527453124999 0.18557400694444448
7 0.22177112851562503 0.1709592013888889 0.027530208593750015 0.030589119444444455
7 0.168431347265625 0.16790029166666667 0.040148222656249996 0.02854984722222223