6 0.34711072109375 0.45776623125 0.0067400140625000216 0.019970409722222214
6 0.30816841875 0.4764052854166667 0.005242235937499995 0.019970415277777834
7 0.268102779296875 0.4486685881944445 0.00898668515625003 0.0239644986111111
2 0.44633870429687494 0.45133130625000006 0.03295117890624999 0.11449702916666667
0 0.28008502578125 0.5622780534722222 0.047928987500000006 0.08786980972222219
0 0.413637162890625 0.577588701388889 0.04193786484374997 0.16908281666666664
0 0.38967266914062504 0.5436390020833334 0.029955617968750035 0.06124259305555558
0 0.32863809648437503 0.5682691729166667 0.10409576953125002 0.12914199583333333
0 0.581064092578125 0.62267744375 0.37669189296874994 0.5312129569444445
2 0.767362826953125 0.4935354451388889 0.1829294726562501 0.42204136805555553
0 0.8910298519531249 0.5565088138888888 0.08088016640625 0.2236686138888889
1 0.22940432226562502 0.5424970236111111 0.10487054765625 0.13150433888888885
1 0.8937237972656249 0.415796275 0.08239828828124995 0.07823675833333334
0 0.373445279296875 0.531566075 0.014045161718749987 0.02330456666666668