0 0.230544031640625 0.7631511423611111 0.01319608203125 0.019194301388889005
1 0.21794777265625004 0.7652838409722221 0.019194299999999977 0.04052130138888891
0 0.199953115234375 0.7727482916666667 0.011996436718749993 0.017061600000000017
0 0.18855649921875 0.7674165416666666 0.02279323125000001 0.027725100000000048
0 0.180758815234375 0.7706155923611111 0.011996436718749993 0.02132699861111102
0 0.168762378125 0.7748809930555556 0.019194299999999997 0.02985779999999999
0 0.13697181953125 0.7780800430555556 0.02279323124999999 0.03625589999999998
0 0.12017680624999998 0.7844781430555555 0.03239038125 0.03625589999999998
0 0.03860103125 0.7876771909722222 0.06118183125 0.06398100138888892
1 0.248538687890625 0.7684828916666666 0.015595367968749985 0.034123200000000034
0 0.25993530390625 0.7588857409722222 0.009597151562500007 0.014928898611111189
0 0.30012336796875 0.7748809930555556 0.015595368749999982 0.02985779999999999
0 0.330714284765625 0.7759473416666667 0.014395725781250012 0.023459700000000003
0 0.35230787226562504 0.7802127430555557 0.028791450781249985 0.040521299999999864