6 0.24074100390625 0.08901578541666666 0.01919430000000002 0.10490661527777778
6 0.48426868476562496 0.2120125888888889 0.014395725781249969 0.09777540277777778
6 0.2665333453125 0.0860188875 0.03239038281249997 0.1194312
6 0.5100610265625 0.21291454236111113 0.02279323125000001 0.10023689861111112
7 0.36430431015625003 0.5018953895833332 0.009597149999999966 0.021326998611111096
7 0.4734718921875 0.49762999027777777 0.007197862499999985 0.02132699999999998
7 0.64202183984375 0.3227485902777778 0.03239038124999993 0.02132699999999998
6 0.667214357421875 0.4400470909722222 0.027591805468749973 0.04265400138888885
0 0.35290769492187496 0.5498811402777777 0.025192519531249992 0.061848302777777774
6 0.43748257929687495 0.5072271402777777 0.007197863281249983 0.027725099999999968
0 0.45067866054687505 0.5338858895833334 0.014395725781249969 0.029857801388888956
0 0.46327491992187503 0.5392176395833334 0.01319608203125 0.027725098611111085
0 0.4770708234375 0.5456157402777778 0.01439572499999997 0.04052129999999994
0 0.48846743750000005 0.5456157409722222 0.02279323125000001 0.057582901388888844
0 0.51186049140625 0.5520138409722222 0.03119073906250005 0.0661137041666667
0 0.550249093359375 0.5701417916666666 0.06957933671875001 0.09810420277777775
0 0.40149326640625 0.5733408402777778 0.08397506250000002 0.12582929999999995
0 0.29183211796875 0.5608145597222222 0.08496219374999998 0.10930753611111114
0 0.330114462890625 0.5520138409722222 0.03239038203125002 0.0661137041666667
0 0.9592698621093749 0.5957341902777779 0.08146027578124997 0.12369659999999993