7 0.31737327304687496 0.4244281701388889 0.02880665234374997 0.04125397083333332
7 0.12252828164062501 0.46923851736111116 0.008802033593750003 0.025605912500000015
7 0.329776137109375 0.4635483152777778 0.015203510156249989 0.022760811111111126
7 0.34497964804687503 0.45928066388888894 0.01360314140625003 0.01991571111111112
7 0.365784452734375 0.4799076493055555 0.03920905390625 0.04694417638888887
7 0.334577245703125 0.47635127083333334 0.015203510156249989 0.025605911111111053
7 0.22375165546874998 0.48417530000000003 0.008001848437500004 0.018493158333333308
7 0.255759045703125 0.46497086527777776 0.025605913281250014 0.022760811111111126
0 0.31737327265625004 0.5058183902777779 0.011202587500000005 0.01422550833333334
0 0.304170224609375 0.5129311430555555 0.020004619531250035 0.028451013888888908
0 0.291767360546875 0.5093747652777777 0.01760406484374997 0.018493158333333388
0 0.2797645890625 0.51648751875 0.025605912500000015 0.03556376527777776
0 0.266561540234375 0.5143536923611111 0.01360314140625003 0.01707060694444446
0 0.251358029296875 0.5079522152777778 0.023205358593749992 0.021338261111111163
0 0.22975303984375 0.5328468513888889 0.04561053125000001 0.06259222777777775
0 0.20574749726562502 0.5022620131944444 0.026406097656250016 0.02133826250000005
0 0.173740107421875 0.5008394604166666 0.020004621093749987 0.02133825694444443
0 0.14493345546875 0.5164875180555555 0.03120720781249999 0.04978927222222222
0 0.11892744960937499 0.5186213472222222 0.030407021093749997 0.045521625000000024
0 0.167338628515625 0.5413821569444445 0.07121644453125 0.08250794166666672
0 0.32937604453125 0.5093747652777777 0.01600369531250001 0.018493158333333388
0 0.36098334335937504 0.5563189388888888 0.07761792265624998 0.12945211388888894
0 0.029306755078124996 0.5278679256944444 0.05761330390625 0.10669130416666661
0 0.41528161132812497 0.5520512868055556 0.008802032031250028 0.012802956944444412
0 0.437686783984375 0.5584527645833333 0.012002769531249947 0.01707060694444446
6 0.754982667578125 0.4786883125 0.03120720703124995 0.049789274999999994