7 0.48980831601562497 0.3028323090277778 0.024471297656250002 0.029909365277777766
7 0.22062404375 0.19808156458333334 0.020647657812499977 0.01767371250000001
7 0.2317126 0.2218731034722222 0.04435422656250001 0.03262839583333334
7 0.3410687109375 0.28169183124999997 0.02141238750000003 0.03534743194444445
7 0.34259816640625 0.3156797479166667 0.018353473437500024 0.029909368055555576
7 0.39957040664062504 0.3197582986111111 0.008412011718749968 0.00815710277777776
0 0.499749781640625 0.3334894097222222 0.00994146484374996 0.014954683333333326
0 0.506249968359375 0.3382477180555556 0.010706191406249932 0.016314202777777786
0 0.513514886328125 0.33552868541666664 0.009941463281250052 0.016314198611111132
0 0.41410023828125003 0.33416916874999997 0.013000378125000012 0.01359516527777779
0 0.391158397265625 0.32798336319444443 0.006882550781249996 0.008157098611111104
0 0.404541138671875 0.33410118819444445 0.01070619140625002 0.01495468194444444
0 0.377393294140625 0.32594409027777776 0.013000377343750013 0.012235649999999983
0 0.392687853125 0.3368202215277778 0.008412007812499978 0.01495468194444448
0 0.38465820859375 0.3381797368055555 0.010706193750000014 0.01767371250000001
0 0.36706946484375 0.32798336180555554 0.010706193749999971 0.010876129166666635
0 0.37318728984374994 0.3381797388888889 0.012235649999999997 0.014954683333333326
0 0.360951641015625 0.3395392520833333 0.013765105468749983 0.020392743055555586
0 0.345274715625 0.33885949652777775 0.022177114062500003 0.02447129861111108
0 0.3211857796875 0.3402190131944445 0.019882929687500005 0.02447129583333335
0 0.264213541015625 0.33749998125 0.03135384921874999 0.040785495833333366
0 0.1890790109375 0.3374999791666667 0.048942595312500024 0.05709969444444446
0 0.07991408125 0.34837611319444445 0.06041351562500001 0.05981872916666665
0 0.017333833984374998 0.36027187986111114 0.034667667968749996 0.09516615694444444
0 0.136121594140625 0.3448640333333333 0.08412008828124999 0.0761329222222222
0 0.24356588515624997 0.34350451666666665 0.04817786718749999 0.04622356111111109
0 0.298371398828125 0.34146524375000004 0.03288330703125002 0.0312688819444445
0 0.456415198828125 0.33534741805555557 0.013000377343750013 0.013595163888888904
0 0.5221818109375 0.3428247597222222 0.019118201562500037 0.02854984722222219
0 0.48547486328125 0.35302113194444446 0.03900112812500005 0.05709969444444446
1 0.5424471046875 0.3292295958333333 0.018353473437500066 0.09380664444444445
1 0.586673884765625 0.3269637263888889 0.07264916484375003 0.14546826944444444