0 0.46611978710937496 0.5926527277777778 0.018719180468750006 0.016639269444444455
0 0.45520026484375 0.5737948881944445 0.021839045312500006 0.023294979166666646
0 0.6614232402343749 0.5954259409722222 0.059901378906250004 0.0687756569444444
0 0.7600109246093749 0.5682484645833333 0.052413705468749947 0.012202131944444418
0 0.7235085234375 0.5665845368055555 0.01684726249999997 0.022185695833333262
0 0.70229345 0.5682484645833333 0.015599315625000009 0.012202131944444418
0 0.506989998828125 0.6120652145833334 0.056781514843750006 0.11092848194444448
0 0.568139322265625 0.600417723611111 0.02807877109375001 0.04769924722222222
0 0.592162271875 0.5965352236111111 0.013727401562499963 0.02884139999999999
0 0.5812427484375 0.5821145194444445 0.013103426562499987 0.017748552777777763
0 0.73474003125 0.6586551736111111 0.17533632656250003 0.19523412222222225
0 0.53444479609375 0.6552978395833334 0.10045960156249993 0.15524090972222232
0 0.389683132421875 0.5904341576388888 0.02683082578125 0.03438782916666665
0 0.42337765859375 0.5926527298611111 0.02683082656250004 0.029950690277777803
0 0.612441383203125 0.5943166548611111 0.029326713281249982 0.055464237499999944
7 0.772802364453125 0.4234868006944445 0.03431849609374993 0.07543136527777779
7 0.12636665703125 0.41849501666666666 0.031822607812499994 0.07210351111111114
7 0.4221297125 0.4673035486111112 0.013103426562499987 0.025513549999999992
7 0.57032322890625 0.5554916868055555 0.019967128124999966 0.01996712638888888
7 0.536940689453125 0.5504999076388889 0.01310342890625007 0.012202131944444418
7 0.9688139761718751 0.30257475486111113 0.05694988671874999 0.08430563750000002
7 0.9631203113281248 0.4159567833333333 0.07176941171875004 0.1335841305555555
0 0.0464981515625 0.6741851604166667 0.0892280953125 0.1375513125