7 0.50462974765625 0.48447587013888893 0.026945568749999982 0.015241937500000012
7 0.31478597109375 0.4986290958333334 0.01959677656250003 0.01306451944444444
6 0.33683234570312504 0.49862909652777776 0.004899194531249984 0.02177419583333331
6 0.473397384375 0.48883070902777775 0.0061239937499999895 0.023951615277777765
6 0.47156018515625 0.5182258729166667 0.0048991937500000304 0.01741935694444447
6 0.40235906875000005 0.5291129715277778 0.0036743953124999786 0.01741935694444439
6 0.513203337890625 0.5432661993055556 0.00979838828124997 0.019596776388888848
0 0.44583941484375 0.55524200625 0.007348789062499961 0.02177419583333331
0 0.45808740234375006 0.56068555625 0.012247985937500072 0.015241937500000012
0 0.4905445640625 0.5661291055555555 0.01592238124999996 0.021774197222222194
0 0.47156018671875 0.5683065236111111 0.019596778124999936 0.03919355277777778
6 0.476459379296875 0.5356452298611111 0.004899194531250028 0.01741935694444447
0 0.40848306093750003 0.57048394375 0.01837197812500002 0.026129034722222222
0 0.371739103515625 0.57592749375 0.02572076953125002 0.037016134722222205
0 0.335607547265625 0.5868145923611111 0.05144153828125 0.06750000972222223
0 0.43052943398437493 0.5628629756944444 0.03061996328124996 0.06314517083333332
0 0.508916540625 0.5726613638888889 0.011023185937500023 0.03919355277777778
0 0.5193273281249999 0.5704839444444445 0.017147179687500014 0.056612911111111136
0 0.540148904296875 0.5835484611111111 0.03429435859374994 0.0696774277777778
0 0.5768928597656251 0.5846371722222222 0.06368952421875003 0.12411291944444448
0 0.62710960234375 0.6075000784722222 0.10043348124999998 0.14370969583333332
0 0.7073339046875 0.6292742750000001 0.17759578750000005 0.22209680277777777
0 0.2266004765625 0.5879033006944444 0.06858871874999999 0.07838710694444444
2 0.160461355859375 0.5595968458333332 0.06858871796875002 0.12629033888888894
0 0.082680274609375 0.6325404041666667 0.16536054921875 0.25040325833333327
7 0.2490634046875 0.5172980305555555 0.016571732812499997 0.008664958333333316
6 0.286593506640625 0.5424264104166666 0.009748078906250023 0.013863934722222224