6 0.4878630554687501 0.19804262916666668 0.01002948906250003 0.05349061111111113
6 0.8127468968750001 0.22606152638888888 0.010029489062499942 0.048396269444444445
6 0.39079191796875 0.35214654375 0.018626193749999985 0.02547172361111111
6 0.80522478125 0.3317691659722222 0.02005898281249996 0.02547172083333334
6 0.577412075 0.38016543541666675 0.005731137500000027 0.02037737638888891
6 0.554487526171875 0.38908053819444444 0.0057311367187500295 0.022924548611111106
6 0.149725958203125 0.14327842916666667 0.01862619296874999 0.06622647777777778
6 0.5032654867187499 0.20058980138888888 0.01146227343749997 0.04330192222222225
7 0.14256203828124997 0.21459924930555555 0.027222901562500002 0.04075475416666667
7 0.312346979296875 0.31266537499999997 0.008596707031249994 0.04330192500000002
7 0.303750271875 0.2629955201388889 0.028655687500000006 0.015283034722222213
7 0.402612390625 0.22988228194444443 0.021491765624999947 0.03566040833333335
0 0.534786741796875 0.42346736180555555 0.017193411718749996 0.03056606527777777
0 0.5254736441406249 0.42856170555555556 0.018626196093749936 0.03566040833333335
0 0.5183097226562501 0.43620322361111113 0.024357332812499966 0.04584909999999998
0 0.9302352101562501 0.41200508611111114 0.12465223749999996 0.11462274166666665
0 0.230678274609375 0.43875039375 0.14471121796875003 0.0967925402777777
0 0.092414587890625 0.4298352916666666 0.08596705859374999 0.0687736472222222
0 0.5663079980468749 0.4209201895833334 0.01289506171874999 0.022924543055555566
0 0.49610156601562494 0.4374768083333333 0.047281882031249986 0.05603778055555553
0 0.943130269140625 0.4323824618055555 0.11032439140624994 0.08915102361111112