0 0.22618675234375002 0.553772325 0.041124864062499975 0.045906824999999984
0 0.32708612890625 0.5444209354166667 0.022953412500000027 0.023803540277777795
0 0.30843648125 0.552922198611111 0.03156094375 0.027204044444444502
0 0.24674918437499999 0.5622735888888889 0.045906824999999964 0.035705308333333366
0 0.14489341718749998 0.5733252305555556 0.056427139062500006 0.044206572222222226
0 0.006694745703125 0.5894776583333333 0.01338949140625 0.04250631944444439
0 0.49062919296874996 0.5418705819444445 0.01912784375000003 0.028904297222222257
0 0.5408397820312499 0.5282685604166667 0.018171451562499996 0.022103287499999957
0 0.46719758437500003 0.5299688118055557 0.018171451562499996 0.015302273611111082
0 0.50114950703125 0.5627836694444445 0.034430118750000016 0.047607077777777736
0 0.53557962578125 0.5406803833333333 0.021040628125000006 0.03400505833333338
7 0.458111858984375 0.49987431597222226 0.03251733515624995 0.04420657083333334
7 0.55996762578125 0.5083755819444444 0.02199702031249995 0.027204044444444422
0 0.569053352734375 0.5292886951388889 0.015302275781249985 0.018702781944444444