6 0.158897588671875 0.18310730625000002 0.027153980468749995 0.09987670972222222
6 0.6186211347656251 0.02080764861111111 0.022472260156250014 0.04161529722222222
6 0.581635540234375 0.02496917777777778 0.029026669531249993 0.04993835555555556
6 0.404500683984375 0.4638718486111111 0.007490752343749918 0.026633788888888905
6 0.43352735390625 0.48301488680555554 0.005618065625000046 0.01831072916666664
6 0.51967101796875 0.47802105 0.005618065624999957 0.024969177777777754
6 0.8540158234374999 0.4275029006944444 0.029650207812500006 0.04246202083333333
6 0.2034333625 0.51247270625 0.01153063593750001 0.023427323611111068
6 0.265204626171875 0.46708226597222224 0.006588935156249987 0.023427323611111144
6 0.52554991015625 0.47806382569444444 0.0074125500000000065 0.021963115277777785
6 0.25202675625 0.5146690173611111 0.011530635937500033 0.0161062847222222
6 0.467567296484375 0.5277004805555555 0.004118085156250029 0.011713661111111169
6 0.17928251015625 0.2562363527777778 0.018119571874999997 0.1493491888888889
7 0.161531843359375 0.27757195 0.022237655468750006 0.0644251416666667
7 0.15823737460937498 0.36981703680555555 0.025532121093750006 0.07613880138888886
7 0.180063221484375 0.3698170347222222 0.019766803906249984 0.0849240472222222
7 0.17182705273437499 0.5184341208333333 0.011530636718749987 0.07467459444444446
7 0.4043958738281249 0.4988067777777778 0.011530636718749942 0.020498908333333312
7 0.266851858984375 0.5278468902777778 0.013177869531249975 0.01464207777777773
6 0.29732568359375 0.4561007083333334 0.006588934374999989 0.017570491666666674
6 0.290736748828125 0.4546365027777778 0.006588935156249987 0.017570491666666674
7 0.158958052734375 0.5278468868055556 0.01811957109375002 0.046854645833333326
7 0.5656188726562499 0.5154011215277778 0.008236168749999972 0.010249454166666696
7 0.5654129683593749 0.49709852638888885 0.009471594531250016 0.020498908333333312
7 0.433222463671875 0.519793745138889 0.007412552343750001 0.024891529166666655
7 0.693356698046875 0.07028197222222222 0.02553212109374998 0.08492404722222222
7 0.7505980691406251 0.13617131944444444 0.12848422890625005 0.06735355555555554
7 0.8506675156250001 0.2650215993055556 0.0420044593750001 0.023427326388888916
7 0.808251249609375 0.28844892499999997 0.02635573828125004 0.03221256944444444
7 0.8203223832031249 0.31700097430555557 0.024708505468750096 0.026355740277777782
7 0.823616851171875 0.34555302569444446 0.02800297265624998 0.0161062847222222
7 0.83061759453125 0.3748371819444445 0.04529892812500016 0.033676777777777764
7 0.9516892718750001 0.25696845763888887 0.05847679687500005 0.03221257083333333
0 0.12518976132812498 0.5438067659722222 0.023061271093750002 0.03806940416666665
0 0.39698332109375 0.5467351833333334 0.07412551562499999 0.06735355555555553
0 0.5203199449218749 0.5505421083333333 0.012354253906250001 0.01317786944444445
0 0.46959887773437503 0.5459054645833333 0.007412550781250004 0.010249454166666696
0 0.302267384375 0.55713104375 0.060947646875000004 0.06442514027777778
0 0.44063501562499996 0.5607915618055556 0.03294467499999998 0.0512472708333334
0 0.49293468515624994 0.5534705229166667 0.012354253125000002 0.016106287499999972
0 0.46246086171874995 0.5498100041666667 0.009059785937499943 0.011713661111111169
1 0.9277295304687498 0.47728596458333333 0.14083847968749996 0.4348696986111111
0 0.5553236609375001 0.5505421083333333 0.014825101562500009 0.01317786944444445
0 0.5330860062499999 0.5490779 0.013177868749999978 0.01024945277777781
6 0.5812675921875 0.5051516666666667 0.009059784375000036 0.013177866666666678
7 0.57920855078125 0.4919737986111111 0.011530635937500033 0.010249452777777732
0 0.50590665 0.5490778993055555 0.009883401562500005 0.01903470138888892