6 0.35040547851562504 0.24293044583333334 0.007808478906249983 0.020822611111111104
6 0.343573059765625 0.24206283749999996 0.005856358593750022 0.02255782777777778
6 0.181547128515625 0.2932517534722222 0.007808477343749986 0.013881740277777787
7 0.37383091484375003 0.23772479375000002 0.027329675000000008 0.013881740277777787
7 0.44752343203125006 0.23078392222222222 0.008784539062499963 0.024293044444444453
7 0.26011994453125 0.2880460993055556 0.014640896875000031 0.010411304166666666
7 0.27134463320312496 0.29325175138888887 0.013664836718750007 0.01041130277777778
7 0.10102219257812499 0.23425435902777778 0.018545136718749987 0.013881740277777747
0 0.30453066601562495 0.3539843638888889 0.06637206796875002 0.048586088888888906
1 0.13518428671875 0.33489697083333336 0.09858204375000001 0.05205652500000003
0 0.205948624609375 0.3643956708333333 0.06246782890625002 0.07982000277777775
0 0.161537901953125 0.374806975 0.07906084609375 0.09023131111111111
0 0.087357355078125 0.3834830611111111 0.11615111953125001 0.121465225
0 0.034162094140625 0.41992262916666667 0.06832418828125 0.12840609166666667
0 0.5138955000000001 0.4667735006944445 0.4284902656249999 0.4407452375