7 0.6523239917968751 0.4649998354166666 0.01792968203124996 0.04499998194444438
7 0.48884748515625 0.5296873145833333 0.01160155781249994 0.024374990277777737
6 0.42451157109374993 0.5331248055555556 0.00949218437499999 0.014999997222222245
6 0.38917955195312504 0.535937301388889 0.006328122656249979 0.016874994444444427
7 0.44033187734375 0.5378123020833333 0.015820306250000016 0.009374998611111114
7 0.369140496484375 0.5387498020833333 0.016874994531249986 0.011249998611111147
0 0.45562484062499997 0.5843301534722223 0.012656245312500047 0.028124990277777803
0 0.44455062617187496 0.586205154861111 0.01792968203125005 0.0356249875
0 0.39234361289062497 0.5683926618055556 0.016874992968749992 0.022499993055555556
0 0.47106282109375003 0.5984997888888889 0.03269530312499995 0.03374998888888885
0 0.36875816796875 0.5994372881944444 0.03691404843749999 0.0356249875
0 0.299676161328125 0.5966247895833334 0.05484373046875 0.0599999791666667
0 0.18576995078124997 0.6331872770833333 0.0970312171875 0.08437496805555555
0 0.5976252765625001 0.6463122722222222 0.14871088437499996 0.20062493055555547
0 0.4167464328125 0.6181872819444445 0.05906247968749998 0.08062497222222223
0 0.26276211171875 0.5806872944444444 0.029531239062499992 0.028124988888888917
0 0.22795743554687498 0.5834997944444444 0.02109373984374998 0.02999998888888887
6 0.1936801046875 0.5825622909722222 0.009492184375000013 0.013124993055555558
0 0.92021452109375 0.8840621916666667 0.15714838281250004 0.22687491944444435
0 0.33011707148437497 0.5809372881944443 0.014765621093749992 0.020624993055555527