7 0.60162762109375 0.3186828118055555 0.025949885937500028 0.05827342916666668
7 0.6023105121093749 0.39152459513888893 0.03277880390624999 0.058273429166666724
7 0.5510936328125 0.43037354861111116 0.012292054687500008 0.02913671111111119
7 0.2547186171875 0.4060929541666667 0.010926267187500028 0.01942447777777774
7 0.377639131640625 0.4352296701388889 0.008194700781249998 0.019424479166666706
0 0.43705071249999994 0.4795417513888889 0.01365783437500001 0.02185253333333337
0 0.447976978515625 0.47832772222222225 0.008194700781249953 0.02913671388888888
0 0.46095192265625 0.4710435465277778 0.012292051562499929 0.019424479166666626
0 0.49099915820312495 0.4843978722222222 0.017755185156249985 0.026708655555555558
0 0.47529264882812505 0.49411011041666675 0.035510369531249975 0.041277015277777766
0 0.519680612890625 0.4977521993055556 0.020486753906250054 0.03884895416666667
0 0.542216040234375 0.531745032638889 0.05189977265624997 0.09712238194444443
0 0.55792254765625 0.5620957777777779 0.05326555312499996 0.14811163055555557
0 0.767433733203125 0.6492631131944445 0.44661119765625007 0.4807557847222222
0 0.16389401679687501 0.48156514027777775 0.024584100781249996 0.024280597222222235
0 0.19325836093749998 0.47913708125 0.01775518437499999 0.019424479166666706
0 0.217842466015625 0.4779230527777778 0.020486752343750015 0.02185253611111114
0 0.236963431640625 0.4754949916666667 0.017755185156249985 0.021852536111111064
0 0.326080804296875 0.4710435465277778 0.01775518515625003 0.019424479166666626
0 0.26598633203125 0.4977521972222222 0.03960772187499999 0.04856118888888885
0 0.39983311132812505 0.5171766763888889 0.08331279296875001 0.10197850000000004
0 0.098677855859375 0.5572396576388889 0.19667282109375 0.18210446249999998