6 0.172309990625 0.20941446319444446 0.021997020312500015 0.042506320833333354
6 0.19526340312499998 0.21451522222222225 0.014345882812499999 0.03230480277777777
6 0.15796410624999999 0.37518910972222225 0.014345882812499999 0.044206572222222226
6 0.5008307078125 0.34458455833333335 0.00956392187499997 0.040806066666666675
6 0.5711255328125 0.3771727409722222 0.012433098437500067 0.037972315277777745
6 0.36502301640625 0.399842775 0.009563921875000015 0.02210328611111107
6 0.287077052734375 0.39729239652777787 0.006694744531250007 0.01700252916666669
6 0.17230999023437502 0.37178860416666665 0.01052031484375 0.040806066666666634
6 0.49365776562499997 0.34600144097222224 0.010520314062500003 0.042506320833333354
6 0.50943823671875 0.34883519166666666 0.007651137499999993 0.035705308333333324
6 0.14744379296875 0.4482999798611112 0.012433098437500002 0.01700252916666669
6 0.9739260484374999 0.4352647097222222 0.021040628125000006 0.034005055555555525
6 0.9299320066406249 0.3026449944444444 0.021040627343750097 0.05780859444444444
7 0.57112553359375 0.4352647111111111 0.02199702031250004 0.030604550000000015
7 0.394671174609375 0.4046601618055555 0.007651138281249992 0.020403034722222203
7 0.9141515363281251 0.39445864444444445 0.025822588281249993 0.030604550000000015
0 0.33154929062500005 0.45708462361111113 0.011476706249999991 0.015302275000000047
0 0.30285752421875 0.45453424375 0.019127843749999984 0.020403034722222282
0 0.3195943875 0.4766375298611111 0.021997020312499994 0.023803537499999944
0 0.26268905234375 0.49704056458333334 0.03825568749999997 0.06460960694444443
0 0.266992817578125 0.45283399236111116 0.021997021093749992 0.023803537500000024
0 0.327723721484375 0.4400820958333333 0.011476707031249988 0.01870278055555556
0 0.3932365859375 0.4681362673611111 0.02582258906249999 0.020403034722222282
0 0.38223807539062504 0.4477332347222222 0.015302274218750033 0.020403033333333397
2 0.35211172187499995 0.4579347493055555 0.03729929531249998 0.06460960694444451
0 0.5333480414062499 0.5143264659722222 0.06503466875 0.04250632083333328
0 0.774996473046875 0.53898013125 0.07077302109375001 0.051007584722222214
0 0.83477098359375 0.5372798770833334 0.11189788593749998 0.06120910138888883
0 0.89167631953125 0.5160267180555556 0.09181364999999993 0.05610834444444445
0 0.98635914609375 0.544080888888889 0.02677898125000002 0.05440808888888892
0 0.288511640625 0.5517320256944445 0.11667984687500002 0.13431997083333333
0 0.20195814882812502 0.5151765923611111 0.04877600234374999 0.05780859583333332
0 0.08240912421874999 0.5304788666666667 0.1463280046875 0.10201516666666674
0 0.42671031171875 0.6443958034722221 0.24770557656250003 0.3434510625
0 0.6348850171875 0.5721350618055556 0.16545584843750002 0.18872805972222223
7 0.029296337109374997 0.19375003194444446 0.058592674218749995 0.04329897499999998