0 0.043660147265625 0.5834399270833334 0.08732029453125 0.16094304027777775
0 0.9383033468749999 0.6029258444444444 0.12240434218749989 0.21067753611111106
0 0.15785375078125 0.5709419784722223 0.2673694828125 0.3074900319444444
0 0.593700039453125 0.49412198611111113 0.05691412109374996 0.07623200277777771
0 0.565242980078125 0.4941219868055556 0.012474327343750069 0.040195054166666626
0 0.557056701953125 0.4878848222222222 0.011694683593749922 0.03880901944444438
0 0.5500398933593751 0.4864987854166667 0.007016810156250042 0.03880902361111112
0 0.5441925515625 0.48303369513888883 0.009355746874999937 0.03742298472222221
0 0.5375655652343749 0.4823406770833333 0.010135391406249994 0.036036948611111085
0 0.527430173046875 0.48580576666666675 0.013253972656250034 0.026334691666666684
0 0.51300673125 0.4830336944444445 0.014033618749999999 0.020790547222222244
0 0.330959510546875 0.4913499138888889 0.011694682031250014 0.056827494444444446
0 0.297824576953125 0.4989731131944445 0.05925305703124999 0.06930182083333333
1 0.49585453203125 0.46085711180555555 0.023389365625000026 0.062371640277777765
2 0.40892406015624994 0.4539269298611111 0.14891228906250004 0.3229464875
6 0.31224801874999997 0.3444300527777778 0.00857610000000002 0.03742298333333333
6 0.516515137109375 0.3374998701388889 0.0054575195312500215 0.03187883750000001
6 0.6533429203125 0.4338294 0.00935574531250003 0.016632436111111166
6 0.321993587890625 0.3430440152777778 0.0077964554687500074 0.040195055555555546
6 0.06626986640625 0.3374998715277778 0.015592909374999997 0.05405542083333334
6 0.036643337890625 0.4282852541666666 0.021830074218750002 0.03326487500000002
7 0.051846425390625006 0.27097012291666667 0.035084047656250006 0.020790545833333358
7 0.057693766796875004 0.29453274166666665 0.02027078359375 0.018018472222222214
7 0.758984884375 0.35482532499999997 0.031965465625 0.016632436111111086
7 0.767171162109375 0.40125754444444445 0.020270783593750074 0.026334691666666684
7 0.641258415234375 0.4116528194444445 0.017931846093750002 0.011088291666666725
7 0.638529655859375 0.34373703333333333 0.021830074218750006 0.05544145833333335
0 0.707138458984375 0.5426332597222222 0.05301589296875005 0.11781309444444443
1 0.8396781925781249 0.5218427152777778 0.2214193179687501 0.2841374694444444
6 0.219028776171875 0.4492965590277778 0.013183585156250021 0.03046872916666664