6 0.6096150874999999 0.08952256458333334 0.015106932812499974 0.07161805416666668
6 0.493291703515625 0.3670425194444445 0.0060427742187499685 0.025066319444444454
6 0.5884653820312501 0.08683688680555555 0.017121190624999994 0.07340850416666665
0 0.39157168945312504 0.39479451388888886 0.018128319531250003 0.026856769444444397
0 0.361861387890625 0.40464199652777777 0.01309267421875 0.028647220833333303
0 0.374450498828125 0.40106109375 0.012085547656249983 0.02506632083333334
0 0.344740198046875 0.40464199652777777 0.02920673671874998 0.0572944402777778
0 0.30898712304687503 0.4118038 0.04229941328125002 0.05729444166666669
0 0.241509488671875 0.4225465083333333 0.09265585546874999 0.10384617500000001
0 0.48473110859375 0.40732767222222227 0.023163964062499966 0.023275866666666662
0 0.58896894375 0.41269902569444444 0.07251327812499993 0.0841512097222222
0 0.6453681609374999 0.43687012013888893 0.08057030937500001 0.09310346805555554
0 0.75061312734375 0.4638795805555555 0.14603368437499994 0.15786509722222222
6 0.153889278125 0.3133289791666667 0.016114062500000005 0.032228125
6 0.96563513984375 0.25603453750000005 0.03827089687500003 0.06803715
7 0.15590353515625002 0.26767247222222224 0.020142576562500004 0.041180380555555535
7 0.157414229296875 0.22380641458333336 0.031220996093749998 0.021485415277777795
7 0.14432155351562498 0.20769235208333336 0.027192478906249984 0.021485415277777795
7 0.021048987109375 0.24797750555555556 0.04209797421875 0.06266579722222221
6 0.762192465234375 0.3178122840277778 0.03164060390625005 0.03749997361111114