0 0.279769870703125 0.40948772916666665 0.05258832109374998 0.041135752777777805
0 0.22718154843750002 0.39733398194444447 0.07993424843750001 0.057964016666666715
0 0.25400159257812505 0.40481321180555563 0.05995068671874999 0.05048479027777775
0 0.37453403046875 0.43846973958333335 0.01367296406249996 0.024307490277777788
0 0.38505169609375 0.4468838680555556 0.024190628124999992 0.03365652499999996
0 0.43027765234375004 0.44781877152777777 0.01577649531249996 0.03178671527777779
0 0.45972711171874997 0.45903761249999997 0.0178800296875 0.024307491666666594
0 0.47971067539062495 0.45903761458333336 0.030501225781249985 0.03552633194444444
0 0.454468280078125 0.4571678083333333 0.011569430468749965 0.024307488888888902
0 0.49390952109375 0.4683866493055555 0.023138862500000013 0.03926594583333332
0 0.519151915625 0.46371213263888883 0.039967123437499995 0.059833823611111114
0 0.5390302953124999 0.47119136041666665 0.04101889218750001 0.059833823611111114
0 0.561643273828125 0.4870847180555556 0.04417418984375008 0.05796401666666663
0 0.5926703828125 0.49643375416666663 0.049433021875000004 0.06544324722222225
0 0.6384222222656251 0.5029780770833333 0.07152011796874999 0.07853189305555562
0 0.67944111328125 0.5282204743055555 0.0799342484375 0.0804017013888889
2 0.8298437125 0.5254157625 0.2376992125 0.2318560666666667
0 0.18563677421875 0.4154711069444444 0.07677894843750002 0.10470919166666662
0 0.11569430859375 0.3799447729166666 0.134626103125 0.12714687361111107
0 0.148824949609375 0.43416917569444446 0.04732948984375 0.07853189305555554
0 0.099391926953125 0.4154711208333333 0.11043547421875002 0.16828262500000005
0 0.05364008828125 0.40612207777777776 0.1072801765625 0.22063720833333333
0 0.405876674609375 0.45380215 0.03891535859374997 0.061703630555555514
7 0.30816756367187503 0.35470239305555556 0.016828263281250023 0.028047102777777787
7 0.30711579687499996 0.3743353652777778 0.016828262500000024 0.014958455555555538
7 0.353393520703125 0.3986428583333333 0.010517663281250034 0.00747923055555554
7 0.4669842953125 0.3911636298611111 0.01893179531250002 0.014958456944444422
7 0.62359231015625 0.42482015416666663 0.015776496875000046 0.02617729722222219
7 0.6225405433593749 0.4444531284722222 0.015776497656249954 0.013088648611111135
6 0.44773698164062503 0.3818145944444445 0.007362364843749969 0.018698069444444423
6 0.028923576171875 0.12153745486111112 0.02208709453125 0.07666208472222222
6 0.38578794531250005 0.3608727465277778 0.0063105984374999926 0.014958454166666652
6 0.8420892894531249 0.164142325 0.02629416015625008 0.0766620861111111