6 0.54036158671875 0.3785896201388889 0.005738353125000017 0.017002526388888918
6 0.469588563671875 0.40579366388888893 0.00765113515625 0.01360201944444444
6 0.531754055859375 0.4066437923611111 0.00765113515625 0.015302276388888853
0 0.4581118578125 0.4477332388888889 0.021040628125000006 0.030604552777777787
0 0.49684573945312505 0.4341312131944445 0.010520310156250013 0.013602023611111097
0 0.5134232152343751 0.4375317201388889 0.009882697656250005 0.017002526388888918
0 0.535420237109375 0.43951534374999995 0.012433099218749976 0.022103287500000037
0 0.43356446875000004 0.4505669861111111 0.024866196875000045 0.03400505555555561
0 0.47851490078125 0.4378150909722222 0.009563921875000058 0.018702781944444444
0 0.38112228593749997 0.4531173652777778 0.02773537187499997 0.04930733055555558
0 0.362472639453125 0.45821812361111114 0.032517335156249993 0.04930733055555558
0 0.332346286328125 0.46586926180555555 0.03538651171875 0.06801011250000003
0 0.300307146484375 0.4701198930555555 0.05547074765625002 0.07991188055555551
0 0.25631310625000003 0.4828717895833333 0.07077302187500001 0.07821162916666664
0 0.542752565625 0.44234910625 0.01052031093750001 0.022103287499999957
0 0.550881900390625 0.44404935902777776 0.009563921093749973 0.02550379305555555
0 0.5599676269531251 0.4448994854166667 0.010520313281250004 0.027204045833333308
0 0.564271390625 0.4482999930555555 0.011476706250000034 0.027204044444444502
0 0.5771826851562499 0.4389485979166666 0.016258665625000022 0.018702776388888825
0 0.577182685546875 0.45255062500000004 0.012433099218750066 0.025503791666666664
0 0.582442843359375 0.45255062500000004 0.009563921093749973 0.025503791666666664
0 0.59152856875 0.45255062500000004 0.018171451562499996 0.03230480277777777
0 0.6104970234375 0.45566774583333336 0.03251733437500004 0.040806069444444405
0 0.18554008359375002 0.5012912138888889 0.109028709375 0.10711592500000001
6 0.0717294140625 0.3672546013888889 0.021040628124999995 0.03740556111111112
6 0.04208125546875 0.3664044722222222 0.024866196875000003 0.042506319444444426
0 0.92355607578125 0.5330292479166666 0.1511099640625 0.1989295791666667
6 0.448801778515625 0.37443429861111116 0.010029489843749939 0.03566040833333335
7 0.6049752675781249 0.35533050833333335 0.012895058593749998 0.05858495833333339