7 0.28238952265625 0.34505937569444445 0.048023728125 0.02667984861111113
7 0.781135943359375 0.4322135479166666 0.018008897656249977 0.05158104027777778
7 0.823656952734375 0.5024704833333333 0.013006425781249931 0.028458505555555607
6 0.26002847460937495 0.4250989222222223 0.011005436718750029 0.024901191666666732
6 0.31255442734375 0.4286562368055556 0.008003954687500014 0.021343879166666666
6 0.334065055078125 0.44466414444444446 0.007003460156249997 0.021343880555555552
6 0.61920593828125 0.5006918263888889 0.015007414062500057 0.016007908333333317
0 0.48373900546875 0.5295949965277778 0.013006425000000021 0.023122534722222258
0 0.49624518476562507 0.5358202944444445 0.02201087578124996 0.02845850277777776
0 0.45522491874999993 0.5464922326388889 0.052025707812499974 0.07114626249999997
1 0.418706875 0.5126977590277778 0.03501730156249998 0.060474323611111123
0 0.41070291953125004 0.5358202944444445 0.023011368749999983 0.03557313055555558
0 0.382689078515625 0.53937760625 0.051025211718750005 0.060474323611111123
0 0.682337129296875 0.5473815625 0.020009886718750015 0.03379447499999999