0 0.0032958960937499995 0.6232027152777778 0.006591792187499999 0.025781233333333296
0 0.019116198828125 0.6307027069444444 0.027685528906249996 0.035156224999999985
0 0.03955075390625 0.6318745805555556 0.013183584374999996 0.03749997222222221
0 0.054711876562500004 0.6389058263888889 0.019775376562500002 0.04218747499999998
0 0.074487253125 0.6482808166666667 0.046142545312500005 0.051562466666666674
0 0.099536065234375 0.6271870833333334 0.011865225781249999 0.018749988888888916
0 0.13381338515625002 0.6295308333333334 0.0276855296875 0.032812477777777835
0 0.11733390390625001 0.6541401888888889 0.03955075468749999 0.05859371111111113
0 0.160180554296875 0.6248433333333333 0.02504881171875002 0.018749988888888916
0 0.23928206210937503 0.6410152020833334 0.038232394531250026 0.0464062263888889
0 0.21027817539062502 0.6447651958333334 0.05668941484375001 0.0539062138888889
0 0.16479480898437499 0.6644526861111111 0.055371055468750006 0.06046871666666662
0 0.299267373046875 0.6550776756944444 0.05009762109375 0.04921871527777778
0 0.373227290234375 0.6503901798611111 0.06987299921875004 0.11484367361111114
0 0.8139545109374999 0.5917964680555555 0.018457018750000033 0.025781233333333375
0 0.79879338828125 0.5941402152777778 0.011865226562499932 0.016406238888888917
0 0.783632265625 0.5941402152777778 0.015820301562500028 0.016406238888888917
0 0.7711078609375 0.5917964694444444 0.009228510937500012 0.021093736111111146
0 0.7605609921875 0.5941402138888889 0.01186522656250002 0.021093736111111146
0 0.7432245859375 0.6017574 0.015820301562499937 0.021093736111111146
7 0.94097835703125 0.5537105576388888 0.0421874703124999 0.13124990972222222
7 0.653427890625 0.06257808263888888 0.05405269687500001 0.09703118194444443
7 0.568423380859375 0.3115647263888889 0.10979305234374995 0.07281733333333335
7 0.6964888031250001 0.2997654166666667 0.04614254687499999 0.0539062138888889
7 0.06987299921875 0.46750456250000005 0.07910150781249999 0.02343748611111107
6 0.20632310078125 0.39937472916666666 0.009228509375000016 0.0515624638888889
6 0.43308075781250005 0.3379685215277778 0.009228510937499924 0.05624995972222221
6 0.7076948300781251 0.45890594236111104 0.028476550781250064 0.04499996249999998
6 0.19577623281249998 0.4035934840277777 0.014501942187500005 0.05156246527777779
6 0.21686996953125 0.4047653576388888 0.009228509374999971 0.04453121805555556
7 0.113378828125 0.4305465895833333 0.021093734374999996 0.03515622638888887
7 0.17336413828125 0.40710910624999996 0.01713865937500001 0.03515622638888887
7 0.015820301953124997 0.5407027465277778 0.031640603906249995 0.053906212500000016
7 0.011232278125 0.49211391944444444 0.021093737499999998 0.025781233333333375
7 0.6782954328125 0.45749969722222217 0.02241209375000004 0.05624996111111113
6 0.4442868046875 0.33914039305555554 0.007910151562500013 0.06328120833333332
6 0.42174288671875004 0.34312476875000003 0.009228510937499924 0.056249962500000014