6 0.4483878203125 0.29976320069444445 0.008390882812499978 0.029834251388888886
6 0.6190024539062501 0.25749800833333336 0.008390882812499978 0.03977900555555555
6 0.6280925796875 0.2649565756944444 0.006992403124999935 0.03977900416666667
6 0.704309772265625 0.3743488326388889 0.011187844531250057 0.019889501388888835
6 0.7721360804687499 0.35818861319444445 0.023774170312500065 0.03232043749999999
6 0.21624004062499996 0.25501182222222224 0.008390882812500023 0.04972375555555553
6 0.20575143632812498 0.2562549159722222 0.006992402343749982 0.04723756805555553
7 0.448387820703125 0.3367008395833333 0.011187844531249968 0.019889501388888873
7 0.133030446484375 0.26211520833333335 0.07132251171875 0.02983425277777777
7 0.413425806640625 0.37026437430555553 0.022375688281250028 0.007458562500000059
7 0.41552352578124996 0.33918702916666665 0.009789365625000013 0.02983425
7 0.653964469140625 0.2745461472222222 0.04475137890625005 0.019889502777777797
7 0.75255735078125 0.32675608958333335 0.029368092187499962 0.01988950138888891
7 0.690324966015625 0.3454024972222222 0.019578727343750036 0.01740331388888888
7 0.6798363625 0.31308205833333336 0.023774168750000067 0.01740331666666669
7 0.720392299609375 0.27951851944444445 0.03775897734374993 0.03977900277777779
7 0.8029026527343749 0.25217045555555556 0.015383285156250004 0.03480662499999999
7 0.79730873125 0.29319255347222223 0.015383285937499913 0.03729281805555556
7 0.812692016796875 0.2931925541666667 0.018180249218750076 0.04723756944444442
0 0.4032972140625001 0.4350754861111111 0.021697231250000025 0.03266090833333332
0 0.372170628125 0.4349052555555556 0.037758974999999986 0.04723756666666669
0 0.28126938984375 0.44057875972222227 0.05733770468750001 0.06852933333333332
0 0.334411653125 0.44236381875 0.04894682187499999 0.062154693055555536
0 0.6070419417968751 0.46225331666666664 0.03510887265625007 0.12182319722222228
0 0.655362951171875 0.4634964152777777 0.07551795234374996 0.13922651388888888
0 0.723888500390625 0.49581685555555566 0.1538328679687501 0.19392264444444443
0 0.8477079390625001 0.592778176388889 0.3035781015625 0.387845286111111
1 0.501530083984375 0.5194356381944444 0.22095993515625004 0.3505524708333333