0 0.28666242460937497 0.5697595486111111 0.026675263281250007 0.03298969722222217
0 0.38234543046875 0.5584193409722222 0.016237115624999986 0.035051554166666596
0 0.369007799609375 0.5615121263888889 0.022036085156249996 0.032989697222222246
0 0.337693359765625 0.546048204861111 0.024355674218749977 0.03092784027777774
0 0.316237172265625 0.5646049076388889 0.03943299609374997 0.051546401388888954
0 0.25341498984375 0.5690722604166667 0.05219072968750003 0.04536083194444447
0 0.34677840742187505 0.5886598916666667 0.04871134765625 0.07628867222222221
0 0.42719079492187506 0.601031025 0.09974228359375 0.162886625
7 0.41810573984375 0.49312724097222227 0.026675262500000053 0.03092784027777774
7 0.638659921875 0.44501727708333333 0.037113406250000036 0.06391753749999998
7 0.640399613671875 0.5027492444444445 0.022036086718749993 0.043298975000000045
7 0.5394975347656249 0.4945018222222222 0.019716499218750006 0.059793825000000016
6 0.091043829296875 0.5237114263888889 0.01971649765625001 0.024742272222222222
6 0.18150776132812502 0.5360825611111111 0.01275773359375001 0.020618561111111135
6 0.19890467148437502 0.44948461041666665 0.012757733593749987 0.028865984722222196
6 0.23659797851562497 0.47422688194444446 0.006958764843749998 0.024742272222222222
6 0.14207476562500002 0.5171822215277777 0.017396909375000002 0.03505155416666668
6 0.271971694921875 0.4079038534722222 0.015077322656249992 0.03917526527777784
6 0.5049743015624999 0.5296908284722223 0.013917528125 0.01855670416666671