0 0.17524708203125 0.6736130680555555 0.3504941640625 0.39820175555555565
0 0.461122623046875 0.5060769618055555 0.013657833593750012 0.02428059861111112
0 0.4413187640625 0.5230733770833333 0.03687615468749996 0.058273429166666724
0 0.5533130109375 0.49636472430555556 0.025949887499999935 0.029136715277777763
0 0.586091813671875 0.5194312923611111 0.012292052343750016 0.03642089027777781
0 0.5635563847656251 0.5194312895833333 0.030047236718750002 0.041277004166666686
0 0.62706531796875 0.5412838243055555 0.08331279218749996 0.12383103194444445
0 0.506022778125 0.5766641333333333 0.12155473125 0.17239222499999995
0 0.7548230070312499 0.6289035055555555 0.2458410249999999 0.2524460083333334
0 0.39046550078125 0.5495019645833333 0.08256036874999997 0.1083556513888889
7 0.8954417687500001 0.24141847569444444 0.02731566875000002 0.06312955138888891
0 0.516688229296875 0.48247430625000004 0.03827320234374998 0.016494848611111085