0 0.55375107734375 0.5942383472222222 0.00956392187499997 0.03570530833333328
0 0.54609993984375 0.5891375881944444 0.013389490624999922 0.04250631805555558
0 0.59152856875 0.6052899902777779 0.04686321718749999 0.06801011111111113
0 0.48469957890625004 0.5423806368055556 0.06886023749999995 0.023803540277777716
0 0.29705541953125 0.6299436548611111 0.11476706249999999 0.23973564305555564
0 0.1440674453125 0.6526637638888889 0.288134890625 0.5208309111111111
1 0.39323659296874997 0.5690179395833334 0.1042467484375 0.1972293236111111
1 0.5751105125 0.5817698347222222 0.04399404062499999 0.08671289166666661
0 0.6055875453125 0.6239927708333334 0.05164517812499998 0.06801011111111113
0 0.47876993515625 0.6735126326388889 0.16717734218750002 0.2784163930555556
2 0.8244970140625 0.5652012173611111 0.34986564687499994 0.8447599680555555
6 0.48106527109375 0.527503425 0.004781960937499985 0.013602022222222211
6 0.545143548046875 0.5351545618055555 0.004781961718749983 0.015302273611111162