6 0.5519142894531249 0.4774215395833333 0.00659179296875001 0.02109373472222218
7 0.7074805886718749 0.40828096180555556 0.019775377343750032 0.04218747083333333
6 0.57300802578125 0.4762496645833333 0.0039550750000000075 0.028124981944444412
6 0.58355489296875 0.4809371618055555 0.006591792187499923 0.02343748194444441
7 0.6415626660156251 0.46921841875000003 0.06196284765625002 0.09374993472222223
0 0.43919464062499997 0.5207808840277778 0.013183584375000024 0.02343748194444441
0 0.427329414453125 0.5219527583333333 0.021093736718749943 0.021093733333333295
0 0.44380889570312493 0.5547652368055556 0.022412094531250037 0.04921871527777771
0 0.422715159765625 0.5582808604166667 0.03559567890624997 0.05624996249999994
0 0.398984707421875 0.5407027458333333 0.019775377343750032 0.04453121944444444
0 0.513681894140625 0.5090621430555555 0.009228510156250013 0.018749986111111148
0 0.5209328656250001 0.5114058902777778 0.013183584375000024 0.018749988888888916
0 0.528183836328125 0.5184371368055556 0.009228510156249925 0.02343748472222226
0 0.6507911746093751 0.5840620909722222 0.09887688515625 0.13593740694444445
0 0.44644561210937506 0.5137496381944444 0.011865225781250021 0.02343748472222226
0 0.455674121875 0.5137496402777778 0.01186522656250002 0.018749988888888916
0 0.49917995078125 0.49968714791666663 0.01186522656250002 0.014062490277777803
0 0.4873147246093749 0.5055465201388889 0.011865225781250021 0.02109373472222226
0 0.537412346484375 0.5242965076388889 0.01713866015624994 0.02578123194444441
0 0.48797390390624995 0.5617964819444444 0.06064449062500001 0.08671869166666665
0 0.030503515624999998 0.6250776881944445 0.06064449062499999 0.23671858750000002
0 0.803720756640625 0.6051558277777777 0.26499005078125004 0.22031235
0 0.22034713437500003 0.5910933368055555 0.408691125 0.3890622319444444
0 0.941489216796875 0.6485151715277778 0.11601554453125011 0.2507810791666667