6 0.473554522265625 0.13312495347222222 0.012656244531249961 0.05999997916666668
6 0.85113251484375 0.046874983333333335 0.012656245312500047 0.05249998333333333
6 0.38443345859375 0.32999988472222225 0.01582030624999997 0.026249991666666656
6 0.48357404921875 0.13312495277777778 0.01160155781249994 0.05624997777777777
6 0.140800731640625 0.3149998895833333 0.04746091953125 0.06749997638888885
7 0.1476561984375 0.23718741666666668 0.0400781109375 0.039374986111111135
7 0.17191400234374998 0.18374993472222226 0.04851560781249999 0.04124998333333332
7 0.14923822851562502 0.13124995416666665 0.032695302343749996 0.037499986111111105
7 0.142910105859375 0.09656246736111113 0.039023424218750005 0.03937498750000001
6 0.17507806328125 0.036562487500000004 0.0337499875 0.07312497500000001
7 0.53314434453125 0.26624990625 0.01160155781249994 0.03374998750000001
7 0.402363140234375 0.2831249013888889 0.009492185156250032 0.014999994444444473
7 0.39498033007812505 0.2671874069444444 0.026367177343750027 0.016874994444444427
7 0.760956765234375 0.23812491875000003 0.013710932031249979 0.011249998611111107
6 0.6913474140625 0.23343741805555554 0.007382810937499951 0.02062499166666664
6 0.739863023046875 0.25874990833333333 0.007382810156250042 0.01874999166666665
0 0.64072243203125 0.31218738958333336 0.01898436874999998 0.03749998749999999
0 0.681855230078125 0.3028123951388889 0.012656246093749957 0.02624999027777777
0 0.6955661621093749 0.30281239375 0.023203116406249967 0.041249984722222244
0 0.721933341796875 0.2812499 0.025312491406250005 0.013124991666666672
0 0.757265358984375 0.2709374048611111 0.02003905546875 0.011249995833333335
0 0.797870814453125 0.2746874020833333 0.012656246093749957 0.02624999027777781
0 0.782577851171875 0.27468740277777776 0.02003905546875 0.014999994444444435
0 0.8184372128906251 0.28406240069444444 0.026367177343749937 0.05999997916666666
0 0.846913766796875 0.2849999006944444 0.055898417968749926 0.06937497638888886
0 0.585351358203125 0.32999988472222225 0.009492185156249989 0.024374991666666665
0 0.5769138597656249 0.3337498840277778 0.02003905546875 0.02437499027777778
0 0.5500193375 0.33562488125 0.027421864062500044 0.020624993055555565
0 0.51996075546875 0.3478123777777778 0.03058592656250001 0.018749991666666688
0 0.17692077226562503 0.4553318729166667 0.19933586796875 0.16499994305555557
1 0.60195968671875 0.30814442430555555 0.05800779218749996 0.06562497638888891
0 0.6103971839843749 0.32314441875 0.022148430468749945 0.0356249875
0 0.6599674796875 0.31658192083333336 0.028476554687500055 0.04124998611111109
0 0.75541666328125 0.3643944027777778 0.14132807343749992 0.1706249416666667
0 0.5373630929687501 0.5624998034722222 0.28160146406250003 0.4387498458333333
0 0.90123015234375 0.2774999027777778 0.06644528906250002 0.08624996944444444
0 0.039550767187499995 0.5240623145833333 0.07699215937500001 0.08437496805555555
0 0.167756430078125 0.6852543631944444 0.33551286015625 0.3655090791666667
0 0.017929681250000003 0.8681246958333333 0.035859362500000005 0.1912499333333334