6 0.46027581015625 0.03305685 0.01919430000000002 0.0661137
6 0.052396935156250005 0.30817515138888885 0.028791450000000007 0.0874407
7 0.06079444140625 0.23992875138888886 0.05038503750000001 0.03199049999999997
7 0.06859212421875 0.3881514027777778 0.03718895625 0.05545020000000002
6 0.479470110546875 0.3316348506944445 0.009597149218750012 0.023459698611111118
6 0.42188721054687495 0.3796206027777778 0.0047985757812500475 0.017061600000000017
6 0.56764392578125 0.3113742013888889 0.0035989312500000815 0.017061600000000017
6 0.627026291796875 0.3390993013888889 0.016795011718749996 0.012796200000000013
7 0.42068756601562496 0.3486964527777778 0.011996438281250032 0.01066349999999999
0 0.56824374765625 0.3689571013888889 0.00959715000000001 0.012796199999999973
0 0.55324820078125 0.3689571020833333 0.008397506250000042 0.01706159861111113
0 0.57304232265625 0.37642155138888883 0.011996437499999946 0.014928899999999995
0 0.5964353757812499 0.36789075138888894 0.008397506250000042 0.023459700000000003
0 0.4728720691406251 0.41907555208333336 0.022793230468750016 0.04905210138888884
0 0.463874741796875 0.42654000138888887 0.02159358828125004 0.051184799999999975
0 0.44108150976562505 0.4340044513888889 0.05278432578125001 0.08317529999999998
0 0.40569201953125 0.45639780138888886 0.07317826875 0.10236960000000003
0 0.52542142890625 0.44249446388888886 0.09553116875 0.15134012500000005
0 0.6256410953125 0.40143652847222216 0.0764060953125 0.09481665694444442
0 0.8469769242187499 0.4447011618055556 0.3038778609375 0.44153532083333336
6 0.031681255078125005 0.2764121798611111 0.02242058046875 0.046790776388888886
7 0.9879677519531249 0.14557130555555556 0.02242058046874984 0.07971761944444444