0 0.12368675859375 0.4186671534722223 0.24634849374999995 0.2062205291666666
0 0.896358865234375 0.6728235805555555 0.20358202890625005 0.3664792861111111
0 0.60980648046875 0.4885209479166666 0.1710089046875 0.28275598472222224
0 0.7168365292968749 0.48320598541666665 0.04305119296875004 0.055275606944444416
0 0.28991219921875 0.4388640104166667 0.09088585312500004 0.13181105972222226
0 0.3933546484375 0.45693488125 0.132741178125 0.1807087125
2 0.84556301484375 0.34648490625 0.20244311249999997 0.5455682069444445
0 0.45468551679687497 0.4183634486111111 0.07773132109374999 0.15519689444444443
6 0.39993191406250006 0.08428010486111111 0.011958664062500058 0.0616535625
6 0.4728797699218751 0.10478067847222222 0.011958664843750012 0.05952757361111112
1 0.49679709843750003 0.4279303784722222 0.023917329687499933 0.09779529861111105
0 0.512941295703125 0.4450901111111111 0.013154530468750014 0.013059616666666645
7 0.25523207109375 0.14046683541666666 0.04065946093749999 0.08109115694444444
7 0.35927245390625 0.10629920902777776 0.043051193750000036 0.05102363472222222
7 0.15178962109375 0.2323397701388889 0.044247059374999995 0.07653545416666666
7 0.15298548750000002 0.17919015 0.041855326562499996 0.021259847222222225
6 0.123686759375 0.2889820777777778 0.03348426093749999 0.031889769444444445