7 0.8478324957031251 0.18009023472222221 0.019716497656249922 0.030927841666666664
7 0.6108328664062499 0.09482535902777778 0.018913196874999993 0.03771770416666667
7 0.5903582265625 0.08730671458333333 0.024355674999999976 0.03917526527777778
7 0.5903582257812501 0.17390466805555557 0.06378867031249999 0.08865980833333334
7 0.545126259765625 0.3213273715277778 0.01275773515624996 0.028865984722222234
0 0.565422655078125 0.3522552118055556 0.011597941406250012 0.032989695833333325
0 0.48539686835937507 0.36050263541666666 0.011597939843750016 0.0247422708333333
0 0.47321903125000003 0.36565727777777773 0.01971649687500001 0.030927841666666664
0 0.49931439609375 0.36359542083333335 0.02319588125000003 0.04329897499999997
2 0.6338505 0.31823458680555555 0.13453610468749994 0.24948457638888888
0 0.9151005484375 0.29143046041666665 0.040592790624999965 0.030927840277777778