0 0.4278884890625 0.49328074652777776 0.018008898437500066 0.017786562499999943
0 0.45440158906250006 0.5066206743055556 0.03501730156249998 0.051581040277777705
0 0.48391617109374996 0.49505940347222227 0.020009885937500017 0.021343876388888895
0 0.50199462421875 0.4907274048611111 0.014146029687500051 0.019794501388888837
0 0.27351727109375 0.4870554520833333 0.024602048437500024 0.023122534722222178
0 0.30632842851562503 0.5075100006944444 0.05902916484374998 0.07470357638888885
0 0.5284381695312501 0.48883410763888896 0.011005437499999982 0.01600790694444443
0 0.6329898265625 0.48438746597222226 0.02601285156250004 0.021343876388888895
0 0.650998723828125 0.48438746597222226 0.018008897656250068 0.021343876388888895
0 0.66800712734375 0.48083015138888896 0.022010874999999964 0.024901191666666732
0 0.684515284765625 0.4799408256944444 0.03101532265625 0.02667984861111113
0 0.719532585546875 0.47816216875 0.02101038046874999 0.030237162500000005
0 0.7345399988281249 0.4781621659722223 0.047023233593750026 0.040909101388888855
0 0.786065456640625 0.4808301506944444 0.01600790859375003 0.021343876388888895
0 0.8010728726562502 0.47905149722222223 0.02601285156250004 0.024901191666666656
0 0.8540990710937499 0.47905149722222223 0.026012851562499863 0.024901191666666656
0 0.841092644921875 0.48438746388888887 0.0280138398437499 0.02845850277777776
7 0.8300872074218748 0.4443676909722222 0.012005930468749959 0.030237162500000005