0 0.462715094140625 0.46495467430555554 0.02829493671875003 0.029909365277777766
0 0.42524341875000005 0.44864047569444443 0.011470921874999984 0.01631419861111109
0 0.42333159960937505 0.46835346666666666 0.039765858593750016 0.0203927472222222
0 0.387771745703125 0.4717522576388889 0.03441276328124996 0.01359516527777779
0 0.341123333203125 0.4676737097222222 0.04817786640624999 0.024471297222222195
0 0.29332783124999995 0.4710725006944445 0.05506042031249998 0.020392748611111164
0 0.21991393789062502 0.46971298333333333 0.09176736640625001 0.033987913888888874
0 0.119352199609375 0.4642749173611111 0.045118953906250016 0.050302112500000044
0 0.053367092968749995 0.45271902708333334 0.10673418593749999 0.08972809305555553
0 0.5486923761718749 0.49010573125 0.014529833593749953 0.03398791250000007
0 0.607576436328125 0.49554379861111114 0.013000375781249929 0.020392749999999973
0 0.628224093359375 0.4894259729166667 0.03441276171875005 0.05166162916666666
0 0.5322507230468749 0.4935045243055556 0.021412385156250036 0.03534742916666668
0 0.49630852890625 0.48602718125 0.058119331249999996 0.08021147361111108
0 0.5766049734375001 0.4867069409722223 0.04741313906249998 0.08157099305555554
0 0.687490540625 0.4955437979166667 0.09329682187500002 0.1209969736111111