0 0.089464319140625 0.6050049 0.10213355859374999 0.08039011666666664
0 0.22707174804687505 0.5966886819444445 0.05301589296875 0.05544145555555555
0 0.29646019804687496 0.59668868125 0.02027078359375003 0.033264873611111134
0 0.31517168984375 0.5980747173611112 0.02494865625 0.030492801388888876
0 0.34557786367187504 0.5862934076388889 0.015592910156249973 0.0180184736111111
0 0.368577405859375 0.5946096249999999 0.021050428906249995 0.026334691666666684
0 0.526455617578125 0.6077769722222223 0.028067238281249997 0.044353166666666666
0 0.589606901171875 0.5869864256944445 0.018711491406249968 0.01386036250000002
0 0.618453784765625 0.6167862090277778 0.051456602343750026 0.07345992916666673
0 0.693104840234375 0.6257954465277777 0.06510039765624995 0.05821352916666661
0 0.90614296953125 0.5772841694444444 0.12864150468749996 0.07207389166666671
0 0.8531270765624999 0.6923251972222223 0.2923670578125 0.29938387222222224
0 0.56504806875 0.6237163923611111 0.06938844843749994 0.08177615138888888
0 0.4457623078125 0.6445069381944444 0.15203086874999996 0.2564167402777778
7 0.65821570390625 0.55580060625 0.01559290937499993 0.026334690277777798
7 0.657436059375 0.57867020625 0.014033620312499995 0.016632437499999972
7 0.6601648179687499 0.6001537722222222 0.007016807812499959 0.009702255555555518
7 0.653537830859375 0.6008467909722223 0.006237163281249991 0.011088293055555533
7 0.519048984375 0.5592656986111111 0.017931846874999914 0.019404511111111116