6 0.455242681640625 0.22018273333333332 0.011476705468750037 0.03740556111111112
6 0.56474958828125 0.3085958798611111 0.020084235937499972 0.027204043055555537
6 0.46480660390625 0.22018273611111108 0.00956392187499997 0.034005055555555566
6 0.44424417187500004 0.21933260902777776 0.010520314062500003 0.03230480138888889
6 0.27161538125 0.1997797027777778 0.009563920312499974 0.023803536111111138
6 0.289308637109375 0.20147995277777778 0.012433097656250025 0.023803538888888868
6 0.278788321875 0.20147995624999998 0.010520314062499958 0.027204043055555575
7 0.55422927421875 0.21423185000000003 0.027735373437500054 0.042506319444444426
7 0.5647495874999999 0.2762910763888889 0.018171451562499996 0.017002527777777804
7 0.56809696015625 0.33324954305555554 0.00765113906249999 0.01870278055555556
7 0.49604875390625003 0.22004105069444443 0.04144367031250003 0.02352016805555554
7 0.5547074695312499 0.25588804375 0.017215059374999963 0.02040303194444447
7 0.5542292734375 0.2397356416666667 0.01625866718750002 0.01870278055555552
6 0.59774511796875 0.2992444861111111 0.009563920312499974 0.04250631944444447
6 0.598223313671875 0.3349497979166667 0.014345882031249957 0.018702779166666635
9 0.5331886453125 0.3817067506944445 0.018171451562499996 0.06460960694444447
1 0.405510287890625 0.3162470173611111 0.04016847265624999 0.03230480138888889
0 0.5800518632812499 0.3800064972222223 0.01625866718750002 0.030604552777777787
0 0.5709661359375 0.3800064972222223 0.021040628125000006 0.030604552777777787
0 0.5323278984375001 0.3780512020833333 0.07153812500000001 0.07430104027777781
0 0.034908314453125 0.356543 0.06981662890625 0.13431996944444444
0 0.49082048320312505 0.3650442729166667 0.02486619609374996 0.03570529583333336
0 0.42559452382812496 0.3590933826388889 0.019127844531249938 0.05440809027777777
0 0.40837946523437496 0.3726954027777778 0.036342903906250036 0.09861466111111111
0 0.8247926476562502 0.4211526083333333 0.034430118749999926 0.04250631944444447
0 0.707921509765625 0.3998994486111111 0.04973239453125 0.05100758333333333
0 0.6596237042968751 0.3905480569444445 0.09085725859374998 0.06290935277777779
0 0.7687480289062499 0.4118012180555556 0.08990086562499995 0.0680101138888889
0 0.922822845703125 0.4067004583333334 0.0545143554687499 0.020403033333333317
0 0.885045355078125 0.4279536180555556 0.11285427890625002 0.07651137499999999
0 0.9285611992187501 0.4237029854166667 0.027735373437499967 0.017002526388888838
0 0.9615567296875 0.4398553875 0.06503466875000008 0.06290935277777779
0 0.983398308984375 0.44886673263888893 0.03156094140625001 0.07481112083333336
0 0.218762762109375 0.4412155972222222 0.40359750390625004 0.5083755805555557
0 0.45699607656249996 0.3712218597222222 0.05451435468749999 0.08161213333333331
1 0.672981323046875 0.3584699666666667 0.03634290390624999 0.04590682500000002