7 0.531054792578125 0.013507088194444444 0.18474513828125003 0.025592398611111112
7 0.50886138203125 0.2235780381944444 0.015595370312500023 0.010663498611111107
7 0.5082615609375 0.23317518958333336 0.033590026562499986 0.02132700138888891
0 0.48306904218749996 0.28862538958333334 0.016795012499999994 0.029857801388888876
0 0.5010636984375 0.29928888958333333 0.023992876562500064 0.059715601388888866
0 0.5322544351562499 0.3120850895833333 0.06718004999999998 0.09383880138888887
0 0.45247812578125 0.33127938958333336 0.07557755625000002 0.10663500138888887
0 0.365503953515625 0.2971561895833333 0.05038503828124998 0.06398100138888888
0 0.295924615625 0.29928888958333333 0.08157577499999999 0.07677720138888888
0 0.18855650000000002 0.3312793888888889 0.12596259375000002 0.13222739999999997
0 0.8969461351562499 0.5786725916666667 0.20393943749999996 0.3625590000000001
7 0.42068756640625005 0.22464438958333335 0.011996437500000035 0.03838860138888892
7 0.5322544367187501 0.24170598819444444 0.00959715000000001 0.029857801388888876
0 0.0490827671875 0.42502646875000005 0.0965562875 0.21278144861111115