6 0.30121562421875003 0.21489097430555554 0.03509308281250001 0.1629012236111111
0 0.17741502812499998 0.5554238486111112 0.085783090625 0.0745186444444444
0 0.051664816015625004 0.5935496659722221 0.10332963203125001 0.19582806527777774
0 0.25491225195312495 0.5424264104166666 0.030219042968749978 0.0415918013888889
0 0.28025725546875 0.5380939312499999 0.02047096406250004 0.025994876388888834
0 0.485454306640625 0.5961491541666667 0.13257386640625005 0.1871631083333333
0 0.549304221484375 0.5389604263888889 0.026319813281249972 0.03812581666666664
0 0.5683129738281251 0.5450258979166667 0.017546539843749986 0.04332479305555555
0 0.59804461328125 0.5545573520833333 0.045815968750000026 0.05545573472222224
0 0.666768566796875 0.5545573513888888 0.10527924765624999 0.12477540277777782
0 0.81932599453125 0.6975291694444444 0.35580486406249995 0.4072530555555555
7 0.30657706835937504 0.3656612541666667 0.04971520234375002 0.10397950277777782
6 0.4401257421875 0.4939026416666667 0.006823654687499925 0.017329916666666712
7 0.651659044921875 0.4583763111111111 0.014622117968750015 0.022528891666666655
0 0.32862057421874996 0.5266938416666667 0.027287592187499987 0.03880901944444446
0 0.34850153359374997 0.5232287506944445 0.014033618749999999 0.040195056944444474
0 0.362145330078125 0.5190706416666667 0.017931846093750002 0.03465091111111115
0 0.414381577734375 0.5169915868055556 0.017931846093750002 0.016632437499999972
0 0.43075413281249997 0.5128334777777778 0.014813264062499965 0.022176583333333375
0 0.441669169921875 0.5121404597222222 0.017931846093750002 0.026334691666666604
0 0.398398844921875 0.51629856875 0.01715220078124995 0.02079054583333328