6 0.2037115359375 0.0988980375 0.017215059374999987 0.05610834166666667
6 0.163064868359375 0.04930733194444444 0.02390980546874999 0.06460960555555555
6 0.400568930078125 0.16180738958333332 0.02964815703124999 0.022103284722222206
6 0.497164542578125 0.16350764236111112 0.029648157031249945 0.018702779166666655
6 0.42208775429687506 0.31142963541666663 0.009563922656249968 0.022103284722222227
6 0.4498231296875 0.31227976180555556 0.00956392187499997 0.017002529166666648
6 0.181555119921875 0.2862092145833333 0.008607528906250005 0.023803537499999985
7 0.6077872363281249 0.24636662708333334 0.02964815703125003 0.02210328472222219
7 0.50688786015625 0.3220278763888889 0.013389489062499926 0.030604550000000015
0 0.345448869921875 0.38085662152777777 0.013389489843750014 0.03740555972222223
0 0.337500056640625 0.3757558638888889 0.023195880468749985 0.04420657222222227
0 0.39183389140624997 0.38000649374999995 0.016258667187499975 0.04930732916666669
0 0.25526107656249997 0.3853197861111111 0.08014566875 0.09393896666666662
0 0.12528737578125 0.41231129791666665 0.13772047343750002 0.1445214847222222
0 0.319148069921875 0.3825568756944444 0.04112486328124998 0.04760707638888885
0 0.370315051953125 0.3808566222222222 0.04016847109375003 0.054408088888888886
0 0.5184602113281249 0.3902080118055556 0.054514355468749984 0.07311086805555556
0 0.437071230078125 0.4225128173611111 0.10137757265624998 0.15472300416666668
0 0.6623812929687499 0.45920994305555557 0.17581675781249997 0.2428527638888889
7 0.7718084953125001 0.2507872847222222 0.02773537187500006 0.05100758333333333
7 0.762244575 0.3851072534722222 0.0392120796875 0.08841314583333333
7 0.7675047304687499 0.2881928472222222 0.034430118750000016 0.044206572222222226
6 0.829192028125 0.16237414027777777 0.040168471874999945 0.06630985833333336
0 0.8416251257812499 0.3997719354166667 0.1090287093749999 0.1049906097222222
0 0.9142123062499999 0.40146261944444445 0.17091326093750006 0.14666594444444445
7 0.579141015234375 0.3377430618055556 0.01890012421874996 0.0459068236111111
7 0.614641385546875 0.3122797680555556 0.015302275781250074 0.030604550000000015