7 0.297803797265625 0.36826074305555556 0.026319813281250014 0.04679077777777777
7 0.29877860507812504 0.3162709888888889 0.02631981171875002 0.05025675833333333
7 0.775947045703125 0.4037870729166667 0.031193852343750005 0.04852377083333334
7 0.776921853125 0.36046227847222223 0.02924423593750003 0.04159180138888894
0 0.585859515625 0.45057784930555556 0.04094192968749999 0.05545573750000001
0 0.270509176953125 0.42284998124999995 0.03606788984375 0.04505778472222228
1 0.14963300468750002 0.37259322152777785 0.18618830000000003 0.1906290902777778
0 0.461084111328125 0.4367139145833333 0.013647310156249936 0.027727868055555563
0 0.444512377734375 0.44364588194444443 0.011697694531249959 0.03465983333333335
0 0.4308650671875 0.4479783611111111 0.02339538750000001 0.05372274444444448
0 0.482042480078125 0.44711186597222224 0.024370196093749998 0.0415918013888889
0 0.51177411875 0.4575098159722222 0.044841160937500034 0.05892171805555554
0 0.38943573515624996 0.4679077659722222 0.07506020624999996 0.11091147083333336
7 0.556277056640625 0.38947623541666665 0.011694682031250014 0.01940450972222223
7 0.538735033203125 0.4005645270833333 0.009355746093750028 0.016632437499999972
7 0.775747262109375 0.42759223749999997 0.026507946093749978 0.015246400000000035