7 0.051422257421875006 0.4060631055555555 0.06218505546875001 0.03826772777777781
6 0.22781256249999998 0.28700795208333335 0.02989666093750003 0.07228348194444444
6 0.32527568125 0.4687796569444444 0.009566931250000011 0.04464568055555552
7 0.5465109785156249 0.31889772708333336 0.040659460156250035 0.08929136250000001
7 0.5979332359375 0.3263386729166667 0.047834659374999956 0.08716537916666671
7 0.572820040625 0.41137806666666665 0.10284451718750001 0.11692916666666661
7 0.5674386421875001 0.4836615527777778 0.0968651859375 0.053149624999999964
7 0.481934188671875 0.5198032909722221 0.03587599453125003 0.0616535597222222
7 0.441274728515625 0.49003950416666664 0.016742130468750015 0.027637800000000032
7 0.273853423046875 0.4581497305555555 0.016742132031250013 0.027637799999999955
7 0.038267726953125004 0.5166143152777778 0.016742130468749998 0.029763783333333373
7 0.5813106984375 0.5495670826388889 0.02511319374999994 0.03188977361111106
6 0.60283629765625 0.5474410965277777 0.008371067187500003 0.03188977083333329
6 0.676980017578125 0.5899607909722222 0.010762797656249923 0.036141743055555585
7 0.675784149609375 0.6303545055555555 0.015546261718749932 0.027637802777777724
7 0.674588283984375 0.6611812854166667 0.01793799609374993 0.034015756944444475
7 0.9056297015625001 0.59846473125 0.025113195312500024 0.0148818902777778
6 0.7776719902343749 0.5793308694444445 0.008371064843750008 0.023385833333333356
6 0.7340228628906249 0.6356694680555555 0.009566932031250008 0.012755911111111039
6 0.893073103515625 0.6888190881944445 0.009566932031250096 0.01700787916666668
6 0.9092173011718749 0.6771261722222223 0.010762797656249923 0.023385833333333356
6 0.8906813703124999 0.6154726097222223 0.007175200000000004 0.019133866666666676
7 0.885299972265625 0.6431104145833333 0.017937997656250104 0.010629926388888893
7 0.885897905078125 0.6579923097222222 0.014350397656250102 0.019133863888888904
7 0.9325366984375 0.6537403388888888 0.03826772656249986 0.027637802777777803
0 0.838661179296875 0.7377167402777777 0.06338092265624998 0.12330712222222218
7 0.73282699765625 0.6813781423611112 0.03348426093750003 0.02338583194444447
0 0.7579401929687501 0.7642915499999999 0.13632877656250003 0.18070871111111111
0 0.9480829636718748 0.8418899979166667 0.10045278359375001 0.19559060416666654
0 0.42230529296875 0.7462206805555556 0.39941940312500007 0.48047257777777774
7 0.03006108984375 0.5357481777777778 0.01674213125 0.025511819444444386