0 0.40290612578125007 0.5038223472222222 0.010926267187500028 0.016996413888888878
0 0.39539431523437496 0.5159626458333334 0.015023617968750003 0.02185253611111114
0 0.39539431601562497 0.5402432402777778 0.023218319531249955 0.03642089444444447
0 0.437733603515625 0.5341730909722222 0.015023616406250006 0.02428059583333335
0 0.45070854609375 0.5353871215277778 0.01365783437500001 0.026708656944444444
0 0.479390000390625 0.5366011506944445 0.03277880390624999 0.04856119027777781
0 0.49168205078125 0.5390292111111111 0.024584103125000034 0.04370506944444443
0 0.51080301953125 0.5366011527777778 0.03277880312499999 0.058273430555555526
0 0.610505212890625 0.581520251388889 0.23491475859374997 0.2889390805555556
6 0.230475961328125 0.2780128159722222 0.015023616406250006 0.031564776388888896
6 0.41827118828125 0.4953241395833334 0.010926267187500028 0.01456835694444444
6 0.3854923859375 0.4904680229166667 0.010926268750000023 0.019424476388888934
6 0.370468766796875 0.4904680215277777 0.01365783515625001 0.01456835694444444
6 0.7221580121093749 0.37756325486111114 0.01229205078124993 0.03156477361111109
6 0.73923030625 0.42612444513888886 0.01365783437500001 0.03156477361111109
6 0.7173777703124999 0.42491041458333334 0.016389401562499996 0.029136712499999995
6 0.55553242734375 0.47225757499999993 0.009560484374999945 0.021852536111111064
7 0.233548975 0.3423563923611111 0.03551037031250002 0.05827342916666664
7 0.239012107421875 0.41155608680555555 0.01912096796874998 0.08498208194444443