0 0.38451528828125003 0.45810593680555556 0.011063740624999995 0.025033109722222155
0 0.377977623046875 0.45899997847222224 0.018104303906250018 0.02324503194444437
0 0.3548443453125 0.46794037499999996 0.024139071874999994 0.033973508333333374
0 0.326682094921875 0.4670463354166666 0.020115892968749983 0.053642381944444394
0 0.315618352734375 0.4741986534722222 0.022127480468749995 0.060794698611111087
0 0.288964795703125 0.47598673124999996 0.04324917109375002 0.07152317361111113
0 0.254264878515625 0.4876092493055556 0.04827814296874999 0.08046357361111107
0 0.18587084140625 0.501019845138889 0.10460264374999999 0.10728476527777775
2 0.434302123828125 0.4491655409722223 0.018104303906249973 0.0321854291666667
0 0.5152685945312501 0.45452977916666665 0.01709850937499997 0.057218541666666706
0 0.532367103515625 0.45452977916666665 0.031179635156250017 0.07152317500000002
1 0.583662632421875 0.4589999763888889 0.09756208203125008 0.10549668333333338
7 0.50219326328125 0.4277085881944444 0.007040562500000025 0.017880793055555542