0 0.297289277734375 0.6042541097222222 0.05337161796875001 0.04327991111111113
0 0.32912497734375 0.6025894986111111 0.06273505937500001 0.04660913333333336
0 0.339424765234375 0.6042541097222222 0.06835312421875002 0.04327991111111113
0 0.95210598046875 0.5876079902777778 0.047753553125 0.04327990833333336
0 0.086611836328125 0.6381012208333333 0.17322367265625 0.15869298611111116
0 0.528410240234375 0.5914921027777779 0.05618065078125003 0.03995068611111105
0 0.588960487109375 0.6270038111111111 0.08239828828125004 0.09654748888888887
0 0.7017899609375 0.6295007291666668 0.11142495781249995 0.10819977222222224
0 0.753288890625 0.5878854319444444 0.032772046874999995 0.0382860722222222
0 0.9062251144531249 0.5870531277777777 0.05337161796875005 0.05326758055555558
0 0.02294043203125 0.5945438826388888 0.0458808640625 0.07490753472222222
7 0.6707345546875 0.5473798854166667 0.014981506250000009 0.028298401388888946
7 0.787777576171875 0.5498768034722222 0.009363439843749965 0.019975340277777795
7 0.914184041015625 0.5299014631944445 0.01685419609374996 0.02996301527777779