6 0.671835701953125 0.3149998895833333 0.008437496093749974 0.03749998749999999
6 0.516269351171875 0.31874988819444444 0.009492185156249989 0.029999990277777756
6 0.47777327109374995 0.37218737013888886 0.006328125000000018 0.020624993055555527
6 0.661816174609375 0.3131248902777778 0.011601558593750028 0.033749988888888895
7 0.42767563164062494 0.3346873847222222 0.015820307031250015 0.016874994444444427
7 0.40183579687500004 0.3374998833333333 0.01476562031249995 0.022499991666666632
7 0.400781109765625 0.3074998944444444 0.021093742968750016 0.014999997222222245
7 0.391288925390625 0.27468740277777776 0.014765619531249996 0.013124997222222252
7 0.3401366 0.27281240486111114 0.01582030781250001 0.02812499027777776
0 0.561093553125 0.42870521180555554 0.016874993749999945 0.031874987500000014
0 0.5183787246093751 0.41933021319444447 0.017929680468750053 0.02812498750000003
0 0.49570295117187496 0.41933021319444447 0.021093741406250022 0.02812498750000003
0 0.48410139296875 0.4718301944444445 0.06117185312500002 0.1818749361111111
1 0.619101345703125 0.4143748555555555 0.05906247890625007 0.09374996944444444
0 0.538945123046875 0.4218748520833333 0.02742186328125005 0.041249984722222244
0 0.349101440625 0.5578123041666667 0.26999990468749996 0.39562486388888884
2 0.8590426683593749 0.38531236597222224 0.27949208984374996 0.1856249375
0 0.778659119921875 0.7069736881944444 0.44263569296874994 0.5826315819444444