6 0.33199057421875 0.5067806486111112 0.0070168140624999875 0.022869613888888946
6 0.34914278203125 0.50470159375 0.0062371640624999895 0.02425564583333334
6 0.505656694140625 0.49950396319444446 0.005067699218749944 0.020790573611111068
6 0.34256773359375003 0.505253842361111 0.004677875000000009 0.02425564861111111
6 0.4979338328124999 0.4983236555555555 0.005457520312500019 0.024255649999999997
6 0.61644000546875 0.48411677847222223 0.0062371640624999895 0.04435318750000003
6 0.2599685859375 0.49917068541666665 0.007796457812500002 0.04366016527777777
6 0.32350972421875 0.5889165881944444 0.004677876562500005 0.012474334722222204
7 0.5328499499999999 0.5061463534722221 0.02106125625000006 0.008008479166666641
7 0.6175819804687499 0.41720331111111114 0.02145126718750001 0.027457622222222176
7 0.5386413175781251 0.5369490506944444 0.0077224570312500514 0.028983045833333342
7 0.6184400308593749 0.4446609319444445 0.012870760156249971 0.024406775000000006
7 0.6330268925781251 0.5285592215277778 0.01115465859375 0.015254234722222215
7 0.348154065234375 0.5773727715277778 0.00858050703125004 0.018305081944444464
7 0.24690408437500003 0.568220225 0.011154659375000042 0.015254222222222167
6 0.357117634375 0.5458836805555556 0.005148310937499989 0.024406775000000006
0 0.2469469765625 0.6376269902777778 0.025741520312500033 0.03661014722222223
0 0.21090885195312498 0.6452541152777778 0.060063555468749995 0.07322032500000002
0 0.06975951015625 0.6078812340277777 0.052341092187499993 0.025932184722222158
0 0.076623915625 0.64830496875 0.055773293749999994 0.06711864583333332
0 0.444727659375 0.5590676979166667 0.06263769999999998 0.02288136527777777
0 0.11051691796875 0.6299998805555556 0.03603812968750001 0.04881355000000001
0 0.6369310128906249 0.5666948076388889 0.01115465859375 0.013728809722222164
0 0.6545210515625 0.5651693854166666 0.030889824999999947 0.013728812500000014
0 0.6498017730468749 0.594152429861111 0.07979871328125006 0.04423727916666667
0 0.748048576171875 0.5872880166666666 0.15616522421874998 0.2227118083333333
0 0.032005280078125004 0.6437286916666667 0.05748939609375 0.04881355000000001
0 0.038869685546875 0.7726269715277777 0.07636651171875 0.29745757083333324
0 0.475617484375 0.7352541020833333 0.5534426921875 0.3661016347222222
0 0.14483894531250002 0.6627964840277778 0.1029660828125 0.0991525236111111