7 0.661894526953125 0.35179732013888887 0.02144577109375003 0.017329918055555598
6 0.6428857742187499 0.3344674034722222 0.010722885937499971 0.034659834722222234
6 0.7598627160156249 0.25734927152777776 0.010722886718750057 0.03639282638888888
6 0.4342768953125001 0.43324793125 0.004874039062500035 0.020795901388888892
0 0.258324079296875 0.5311619631944444 0.10917847890624999 0.10917847638888886
0 0.41575554609375 0.5086330715277777 0.13354867499999998 0.10917847916666663
1 0.635574715625 0.5294289722222222 0.23005465156250002 0.33446740277777776
0 0.20129781992187498 0.5346279472222222 0.061412894531250005 0.08838257777777775
0 0.3158377421875 0.5190310222222222 0.04289154531249997 0.060654711111111065
0 0.47083218945312505 0.47830571666666666 0.06043808671875004 0.0866495861111111
0 0.508849695703125 0.4809052041666667 0.029244235156249944 0.06065471111111115
0 0.519572581640625 0.4592428076388889 0.01949615703124996 0.031193851388888937
0 0.5366317191406249 0.4367139152777778 0.018521349218749972 0.02079590000000001
0 0.9114453359374999 0.5571568395833333 0.1754654125 0.26861371805555556
0 0.804216473046875 0.5120990548611111 0.11112809453125001 0.14383831249999998
0 0.753039060546875 0.44451237777777775 0.06726173984374997 0.07798462777777779