0 0.49782378359374996 0.6230770548611111 0.027192479687500003 0.03580902638888893
0 0.46861704687499994 0.6186009270833334 0.019135448437500015 0.026856770833333363
0 0.484227544140625 0.6006964138888888 0.010071288281250012 0.01969496388888893
0 0.481206157421875 0.6141247986111111 0.010071288281250012 0.017904513888888907
0 0.5219948765625 0.6087534451388888 0.011078417187500023 0.021485415277777836
0 0.5391160671874999 0.6203913784722223 0.021149706250000032 0.041180379166666684
0 0.557244386328125 0.6266579576388889 0.031220994531249956 0.042970831944444475
1 0.306972864453125 0.5836871263888889 0.04229941171875003 0.05729444166666669
1 0.23294889335937502 0.5604112597222222 0.09366298359375 0.07519895555555552
0 0.127200362890625 0.6123343479166667 0.03323525234375 0.028647220833333382
0 0.066269066796875 0.6042773159722222 0.058413474218750004 0.059084893055555594
0 0.017423316796874998 0.5989059625 0.03323525234375 0.05550399166666667
0 0.202231462890625 0.7260280055555556 0.28199608046874997 0.3169098805555556
0 0.420778426171875 0.6481433736111111 0.08661308203125002 0.11458888333333338
0 0.59501171875 0.6096486708333333 0.020142576562500025 0.030437672222222212
0 0.60911152265625 0.6194961527777778 0.024171092187499976 0.025066319444444454
0 0.6378146953125 0.6221818291666666 0.039278025000000036 0.03401857500000002
0 0.67658915625 0.6239722805555555 0.030213865625000037 0.03401857500000002
0 0.722917083984375 0.6400863423611111 0.08057030859375 0.0555039902777777
0 0.8276584855468749 0.6418767944444445 0.11481268984375 0.09489391944444445
0 0.9580816730468751 0.6400863423611111 0.07553466484375004 0.05908489305555552
7 0.913264438671875 0.5648873875 0.04632792734375002 0.07698940555555561
7 0.9162858253906251 0.4941645611111112 0.022156835156249954 0.021485416666666642
7 0.66903568984375 0.5595160340277777 0.013092675000000043 0.05192308750000005
7 0.656446579296875 0.5442971979166666 0.010071288281249924 0.021485415277777836
7 0.659467966015625 0.5210213305555556 0.008057030468749993 0.017904513888888907
6 0.6282469710937499 0.5613064854166667 0.006042773437499971 0.0161140625
6 0.588968945703125 0.5729444187499999 0.006042772656249973 0.021485415277777756
7 0.3558186140625 0.5926393826388889 0.015106932812500019 0.02506631805555549
1 0.74557748359375 0.5926393833333333 0.11179130312499996 0.12891249444444447