0 0.47341413359375 0.5296287416666666 0.015302274999999987 0.022103288888888843
0 0.471023153125 0.5534322805555555 0.023909804687500015 0.028904297222222177
0 0.45046072109375 0.5551325333333333 0.022953412499999982 0.03570530833333328
0 0.43133287734375003 0.56533405 0.030604549999999973 0.04590682500000006
0 0.4050320921875 0.572135061111111 0.02582258906249999 0.04250631944444439
0 0.36916738515624997 0.5746854402777777 0.049732393750000006 0.08501264166666662
0 0.3189567953125 0.5984889791666667 0.10424674999999999 0.11901769444444446
0 0.50146831484375 0.5865872097222222 0.034430118750000016 0.09181365000000004
0 0.53159466875 0.5967887263888889 0.06025270781250001 0.12921921388888885
0 0.585790215625 0.6222925180555555 0.12050541562500001 0.19892957777777776
0 0.7531588640625 0.6628556999999999 0.33378087343750007 0.3536525777777777
0 0.882054440234375 0.7362529291666665 0.23335969453124994 0.4386652166666666