1 0.37646475546875 0.5102786229166666 0.022156835937500043 0.03222812361111112
0 0.34322950351562503 0.5254974597222222 0.014099803906250008 0.023275869444444434
0 0.324597619921875 0.5272879104166667 0.01913544921875001 0.0161140625
0 0.29438375390625 0.5308688125000001 0.023163964062500007 0.030437672222222212
0 0.220863347265625 0.5693635159722222 0.14804794296874998 0.17188332638888887
1 0.44041743867187505 0.46909824236111114 0.04330654140624999 0.042970831944444475
0 0.447970906640625 0.5505637777777779 0.10071288671875003 0.15218836111111114
6 0.3714291125 0.4708886944444444 0.006042773437500015 0.017904513888888827
7 0.65392875703125 0.25961543958333333 0.03122099687500004 0.08236075972222222
7 0.685653316015625 0.19426396666666668 0.05035644453124997 0.2023209972222222
7 0.492765366015625 0.42891545208333337 0.014622117968749926 0.02252889305555554