6 0.40503492382812495 0.3590765298611111 0.008390883593750065 0.02486187638888894
6 0.36727594609374997 0.35161796666666667 0.008390884375000018 0.01988950277777776
6 0.707106733203125 0.32302680486111107 0.022375689843750025 0.037292815277777794
6 0.578446516796875 0.36689027083333325 0.011187844531250057 0.019889500000000025
6 0.42391441171875 0.2649565743055555 0.009789364062500017 0.049723756944444454
6 0.245608134375 0.14810575 0.01678176874999999 0.06464088055555554
6 0.36657670625 0.3743488326388889 0.009789364062500017 0.02486187638888882
6 0.13792512851562502 0.3420283916666667 0.008390885156249995 0.024861877777777784
6 0.12533880234375 0.34327148541666663 0.013984806249999981 0.02734806527777774
7 0.5651609515625 0.34043012083333335 0.023774170312499975 0.012430938888888892
0 0.34979493906250003 0.4038279104166667 0.01258632500000001 0.019889504166666683
0 0.337208613671875 0.4063140965277777 0.020977208593749984 0.01988950138888891
0 0.31203596289062496 0.4100433777777778 0.01538328671875 0.022375688888888825
0 0.292457234375 0.4125295659722222 0.023774170312499975 0.03232044027777784
0 0.26128228046875 0.4112864715277778 0.03414525312500003 0.044751379166666695
0 0.39594479921875003 0.4000986270833333 0.015383287499999954 0.02237569027777779
0 0.41482428710937497 0.40134172083333336 0.011187846093749964 0.019889502777777797
0 0.42601213242187497 0.4063140965277777 0.011187844531249968 0.01988950138888891
0 0.43719997578124997 0.4125295666666667 0.013984806249999959 0.022375691666666597
0 0.449786301953125 0.41625884722222223 0.011187846093750054 0.02983425277777777
0 0.464470348828125 0.42247431736111113 0.018180247656249992 0.03232044305555554
0 0.703610530859375 0.47219807222222226 0.16921615390625 0.18149170555555558
0 0.865834281640625 0.4672256979166666 0.12726173671875002 0.0870165708333334
0 0.9763681542968751 0.4697118840277778 0.04625767109374994 0.06712707083333329