7 0.301244562890625 0.362510817361111 0.017446342968749962 0.01142684305555556
7 0.683096496484375 0.34373814583333334 0.02111925859375008 0.02285368888888889
7 0.683096495703125 0.3600622090277778 0.019282799218750046 0.009794437499999968
7 0.6363324234375 0.4188288375 0.01101874375000005 0.02285368888888889
7 0.60327619453125 0.4327042916666667 0.007345828124999976 0.008162030555555491
7 0.13045404609375 0.27599327986111116 0.015609885937500012 0.04407497083333334
7 0.12769936054687497 0.32414926875 0.02662863046874999 0.016324065277777796
6 0.28425733476562504 0.2855545145833333 0.011018742968750005 0.04081015694444447
6 0.601046195703125 0.2980307659722222 0.011018742968749962 0.03917775416666665
6 0.5165691667968749 0.41311541458333334 0.005509372656249933 0.01795647361111108
6 0.292980505859375 0.4180126340277778 0.006427599218750002 0.017956470833333307
6 0.29573519140625004 0.2866039201388889 0.0064276 0.03591294027777777
6 0.277829734765625 0.28823632638888885 0.0073458273437500225 0.03917775277777776
6 0.591208037109375 0.2996631736111111 0.007345827343750067 0.029383313888888866
6 0.579730180078125 0.4141648201388889 0.006427599218749957 0.016324065277777796
6 0.60681792265625 0.4394671180555556 0.007345828124999976 0.014691658333333397
6 0.298293118359375 0.42232685138888887 0.0073458273437500225 0.02285368888888889
6 0.77826432578125 0.3619278173611111 0.029383315624999982 0.04244256805555552
6 0.47170714296875005 0.45089396249999997 0.005509371875000025 0.014691658333333397
2 0.11943530429687499 0.4770124645833333 0.17721811796875 0.21058042361111112
0 0.021840721875 0.4712990409722222 0.04368144375 0.0718258819444445
0 0.020463379296875 0.5360123013888889 0.04092675859375 0.1583434194444444
0 0.46652570937500004 0.47619626180555547 0.008264057812499993 0.02611850416666665
0 0.45688430898437493 0.47782866874999996 0.018364571093750025 0.026118501388888878
0 0.43163302382812496 0.47456385416666663 0.03581091484375003 0.039177750000000025
0 0.4192369375 0.4761962618055556 0.020201029687499972 0.03591294027777773
0 0.40913642265625 0.48027727569444445 0.016528115624999985 0.03754534583333332
0 0.58596102265625 0.4688504319444445 0.009182285937500012 0.014691658333333319
0 0.59422508046875 0.4688504326388889 0.009182285937500012 0.021221281944444413
0 0.60340736640625 0.47129904166666664 0.0128552 0.02285368888888889
0 0.613507881640625 0.4721152451388889 0.011018742968749962 0.02775090694444439
0 0.70670808203125 0.4892555125 0.05968485781249999 0.11753325833333332
0 0.7797072546874999 0.49252032569444437 0.13406137343749994 0.1795647013888889
0 0.8921902703125 0.5458067368055555 0.2139472593749999 0.24649336249999998
0 0.974830844140625 0.6701028395833333 0.04866611484374985 0.2203748597222222
0 0.202994105078125 0.5311150805555556 0.16252646015625 0.1420193527777778
0 0.38113045078125 0.48027727708333334 0.03764737187500002 0.04733978472222226
0 0.57212199609375 0.46966663611111115 0.013773429687500015 0.02285368888888889
0 0.517487396875 0.50639578125 0.10467805937500003 0.16813785694444444
0 0.6410547531249999 0.46232080763888883 0.04591143124999997 0.06366384861111109