0 0.4605522425781251 0.5584378145833333 0.04053177734375 0.09960750138888888
0 0.446246910546875 0.5849291722222222 0.03576333359374999 0.1229198972222222
0 0.41346385585937495 0.5806905555555556 0.08463988828125002 0.17378330555555557
0 0.040134403125 0.6015304229166667 0.08026880625 0.15047090972222227
0 0.679304626953125 0.5715068791666666 0.05841344296875004 0.07629510833333333
0 0.52691309921875 0.5760987180555556 0.0810635546875 0.12503920833333326
0 0.60837401875 0.5591442499999999 0.08821622031250005 0.0798272916666667
0 0.790767013671875 0.6753530055555554 0.27656977265624993 0.3009418222222222
0 0.251932802734375 0.6202509826388889 0.34809643671875 0.40266863472222225
0 0.036160696875 0.831828625 0.0691424421875 0.27339080833333335
7 0.7097034605468749 0.43304538124999997 0.028610664843750033 0.02119308750000002
7 0.763944513671875 0.4341050340277778 0.05602922109374999 0.019073776388888873
7 0.44267057578125 0.3631081944444445 0.019073776562500023 0.03814755277777778
7 0.44386268749999996 0.39489782361111114 0.021457999999999977 0.01695446944444446
7 0.43253763281249996 0.4203295270833334 0.020265889062499997 0.016954468055555498
7 0.43969029960937506 0.4584770819444444 0.01072899921875008 0.03390893611111115
6 0.45936013203125 0.29811605416666664 0.023842221875000024 0.03814755555555555
6 0.6834770160156249 0.43092607083333334 0.014305333593750014 0.03814755555555552
6 0.787190680078125 0.4584770819444444 0.01192111015624997 0.025431702777777804
6 0.6298320183593751 0.5040422145833333 0.011921111718749966 0.019073776388888873