0 0.395489755078125 0.4408248131944444 0.03943299609375002 0.0865979513888889
0 0.39259027031250004 0.45113409444444447 0.03363402656250001 0.07422681666666667
0 0.35953614140625 0.4604124451388889 0.06494846406249999 0.1051546569444445
2 0.43318306210937496 0.4209131770833333 0.03827320234374998 0.0865979513888889
0 0.46623719062499996 0.4263918229166666 0.011597940625000015 0.03711340972222222
0 0.48305420351562506 0.43154646388888884 0.03131443828125002 0.05154639999999999
0 0.509729465625 0.4243299673611111 0.022036085937499995 0.04948454305555556
0 0.526546479296875 0.4367011020833333 0.02783505703125 0.05773196805555558
0 0.546842874609375 0.43979388750000004 0.026675261718749965 0.05979382499999993
0 0.5671392691406251 0.4435935902777778 0.034793821093750045 0.08659795277777778
0 0.599613500390625 0.4528719430555556 0.07422681640624998 0.10927836666666661
0 0.28372910312500005 0.47567018055555554 0.1380154875 0.16701033611111107
0 0.656022977734375 0.4849485333333334 0.11945878359374999 0.13608249722222224
7 0.3381030296875 0.30277066875 0.016237115624999986 0.028865984722222234
7 0.349121073046875 0.34194593333333334 0.012757735156250005 0.024742272222222222
7 0.33636333828125 0.3450387166666667 0.01043814531249998 0.026804127777777766
7 0.02321895703125 0.19761601180555555 0.045231965624999995 0.1855670402777778
7 0.596157196484375 0.35844078125 0.015077321093749952 0.02061855972222221