0 0.9414892171875 0.48164029374999995 0.11601554531250002 0.0914061875
0 0.745053805078125 0.47929654583333337 0.07646479140625004 0.04453121944444444
0 0.5090676390625 0.4839840423611111 0.08437494218749997 0.05859370972222225
0 0.38909701874999997 0.48515591666666674 0.015820301562499983 0.023437483333333297
0 0.40359896171875 0.4863277909722222 0.01054686718750002 0.02578123194444441
0 0.314609765234375 0.49218716180555555 0.01977537734374999 0.05156246527777779
0 0.35086462265625 0.5132808972222223 0.06591792343750003 0.09843743333333334
0 0.28560587890625 0.4874996645833333 0.03823239531250002 0.05156246527777779
0 0.244077587109375 0.4957027840277778 0.013183585156250021 0.02578123194444449
0 0.21507370078125004 0.48984341388888897 0.013183584374999979 0.028124983333333298
2 0.065440014453125 0.49218716111111116 0.05405269765625 0.05624996111111113
0 0.025230081249999998 0.5062496520833334 0.0342773203125 0.046874968055555556
0 0.0094097796875 0.5261715131944444 0.018457018749999998 0.08203119305555562
1 0.15377003203125 0.49218716111111116 0.13579092187500003 0.14999989722222223