7 0.6418396312500001 0.23510199027777778 0.06508927343749997 0.1102040583333333
7 0.632541163671875 0.3379591111111111 0.04235968671874994 0.11387752499999995
7 0.40007947890624995 0.39030604166666666 0.025829076562499997 0.031224483333333334
7 0.361335864453125 0.35999992430555555 0.016530608593749996 0.02204080972222222
7 0.36185244453125 0.3838774694444445 0.011364793749999968 0.014693874999999995
7 0.3603027015625 0.4013264451388889 0.018596934375000006 0.02387754861111107
7 0.26886777109375004 0.3884693069444444 0.025829076562499997 0.020204080555555493
0 0.11965907499999999 0.40586088402777776 0.06818875937499999 0.06795917083333336
0 0.053020058593749995 0.4049425159722222 0.0733545765625 0.07346937083333331
0 0.283415417578125 0.4591261791666667 0.07128825078125 0.08999998055555554
0 0.20282870156250002 0.41045271805555555 0.036160707812500026 0.02938774722222222
0 0.255003435546875 0.40861598402777777 0.030994891406250023 0.029387751388888876