0 0.351748546875 0.4037267777777777 0.030088470312499994 0.03566040833333335
0 0.33312235078125 0.40117960555555554 0.018626195312499982 0.030566063888888884
0 0.309481410546875 0.4037267777777777 0.04011796171875002 0.03566040833333335
0 0.239274978125 0.3769814708333333 0.091698196875 0.13500012499999997
0 0.208470115625 0.3986324347222222 0.10172768437500002 0.14264163888888884
0 0.0988621171875 0.43556642638888887 0.19485866562499998 0.2776417583333333
0 0.434850037890625 0.39990602013888893 0.021491764843749993 0.04330192361111113
0 0.46350572148437497 0.3744342986111111 0.035819607031249937 0.09424536666666666
0 0.5093548210937501 0.3769814694444444 0.08739984375000001 0.12990577777777781
0 0.575979292578125 0.42283056736111113 0.13754729296875007 0.18084921805555554
0 0.789822347265625 0.5387269 0.41908940859375 0.3820758166666666