6 0.105468798046875 0.19897968125 0.030133942968750004 0.11785719583333333
6 0.41713985546874993 0.5471941236111112 0.007748728124999982 0.0214285805555555
6 0.0223852140625 0.4515308152777778 0.0103316375 0.03214287222222225
7 0.10546879726562501 0.11862250208333334 0.02669006328125001 0.042857162500000004
7 0.26862256953125 0.49285736458333335 0.02755103281250002 0.04744900138888886
7 0.27464935820312497 0.5823982201388889 0.03616073046874999 0.0673469680555555
7 0.44339943359375 0.40943895902777777 0.027551032812499977 0.04285716249999996
7 0.44469088828125003 0.4545920409722222 0.014636485937499976 0.032142870833333365
7 0.48558695234375 0.5265308479166666 0.006887757812499995 0.029081643055555557
7 0.859678319921875 0.4538267340277778 0.024107153906249935 0.02448980694444442
7 0.8635526835937501 0.4859696055555555 0.028412003124999963 0.027551033333333346
0 0.13301983007812498 0.6394135520833334 0.031855882031249984 0.03826532361111114
0 0.16100134765625002 0.6409441652777778 0.022385214062500002 0.03520409722222221
0 0.059837399609374994 0.6409441652777778 0.03185588203125 0.04744899999999998
0 0.361176820703125 0.6286992618055556 0.049075277343750036 0.059693904166666714
0 0.783482494921875 0.6103319055555556 0.09298473671875004 0.04744900000000006
0 0.8848616859374999 0.6187502777777778 0.07490437187500003 0.033673483333333344
0 0.09728958476562499 0.6359696729166667 0.041326549218749994 0.050510226388888906
0 0.028412002734374997 0.6318880423611111 0.03099491171875 0.0331632875
2 0.61559338828125 0.5954084541666667 0.17735977343749995 0.10000006111111112
0 0.98035760078125 0.6209186541666666 0.01721939531249994 0.03061225833333331
0 0.993272146875 0.6130104791666666 0.010331637500000036 0.05663267777777779