6 0.31897244921875 0.23829925555555556 0.019491137500000023 0.03742298333333333
6 0.49790108867187505 0.31591729583333333 0.020270783593749987 0.0346509083333333
7 0.8347079640624999 0.2701780979166667 0.07016809375 0.17048248194444446
7 0.490550158984375 0.4054156645833333 0.018711491406249968 0.045739204166666686
7 0.3860776625 0.3880902104166667 0.04054156562499998 0.04435316527777778
7 0.366976349609375 0.24107132847222223 0.03508404765624999 0.03187883750000001
7 0.339730522265625 0.39571340000000005 0.008576100781250017 0.024948658333333325
0 0.05905814609375 0.4414526006944444 0.07562561250000001 0.08593425694444443
0 0.928362867578125 0.5266938423611112 0.03274511015624988 0.040195056944444474
0 0.85819477265625 0.5031312222222222 0.009355745312499941 0.015246399999999957
0 0.8733978593749999 0.5072893319444445 0.02105042812500013 0.026334691666666684
0 0.898346514453125 0.5204566784722222 0.02572830078125001 0.027720729166666697
0 0.954480990625 0.52669384375 0.01793184687500009 0.03187883750000001
0 0.970853545703125 0.53085195 0.02260971953124997 0.03465091111111107
0 0.9883504433593749 0.5294659145833334 0.02329911328125007 0.04296712916666665