0 0.06650507890625 0.5377122465277778 0.1330101578125 0.23921434583333334
0 0.15474178046875 0.4867491881944444 0.18721122656249997 0.18097085138888888
0 0.26648348046875 0.4867491881944444 0.08541512187499997 0.11024661249999994
6 0.23664669140625 0.3941836381944444 0.023401403125000008 0.0291217458333333
7 0.238401796875 0.32345939583333333 0.015210912499999996 0.012480744444444468
7 0.24717732265625 0.3411404576388889 0.023401403125000008 0.01456087361111113
7 0.238986831640625 0.35778145624999996 0.011700702343750003 0.018721123611111147
6 0.336102655078125 0.33906033263888885 0.011700702343749958 0.02704162083333333
6 0.37998028671875 0.2860171513888889 0.008190490625000013 0.03328199444444447
6 0.3302523046875 0.4066643875 0.014040842187500013 0.016641000000000065
0 0.38115035703125 0.45970756874999996 0.08541512187500003 0.13104785972222216
0 0.436728689453125 0.44826688124999997 0.016380982031249935 0.04576274305555559
0 0.46188519843750003 0.44826688333333337 0.043292596874999936 0.08320498888888891
0 0.5133682855468751 0.3952237006944444 0.057333438281249996 0.01456087361111113
0 0.5496404609375001 0.5189911229166667 0.1766805953125 0.2496149680555555
2 0.745627213671875 0.37598254791666663 0.19891192890625006 0.3192991486111111
0 0.971700612109375 0.4805088159722222 0.05432293828125001 0.2475348430555555
6 0.6373957234375001 0.36298176736111115 0.008190490625000013 0.03744224583333333
7 0.193268770703125 0.3401003951388889 0.019891192968750016 0.039522370833333376