1 0.0456092609375 0.46501522152777774 0.08809994062500001 0.1621662597222222
1 0.1617764390625 0.4151179111111111 0.15826803437499998 0.30631405
0 0.253774607421875 0.46293616597222226 0.02572830234375001 0.06930182083333333
0 0.28457060390625 0.4643222020833333 0.03742298437499998 0.04989730972222222
0 0.31146837304687497 0.45184787638888885 0.02416901015625004 0.03880901944444446
0 0.5293792875000001 0.4310573291666666 0.043660146875000014 0.03603694444444451
0 0.347332066015625 0.4532339097222222 0.021050428906249995 0.024948655555555553
6 0.6342416054687501 0.3014629236111111 0.010135392187499991 0.0457392027777778
6 0.646715933203125 0.34373703333333333 0.01325397421875003 0.027720725
7 0.3999581359375 0.34512306944444443 0.06081234843749996 0.044353163888888936
7 0.455312965234375 0.3409649618055556 0.018711491406249968 0.03326487361111109
7 0.47675321679687493 0.34443005069444443 0.016372555468749984 0.023562620833333308
7 0.32862057343749995 0.35136023541666667 0.05379553749999997 0.042967129166666694
0 0.37150107578125 0.44491769166666667 0.013253973437499988 0.03049279999999999
0 0.38280593554687503 0.4393735472222222 0.009355746093749983 0.022176583333333295
0 0.392161680859375 0.4366014743055555 0.009355744531250033 0.016632437499999972
0 0.353959051953125 0.4379875097222222 0.01559290859375002 0.016632436111111086
0 0.40034795898437503 0.4386805305555555 0.010135391406250038 0.015246402777777807
0 0.4097037046875 0.44006656597222216 0.011694684375000009 0.012474329166666662