0 0.9776754437499999 0.5738190819444444 0.04366014843750001 0.17464058888888886
0 0.19569101835937502 0.5661958805555555 0.10447249609375 0.11781309722222227
0 0.38163646640625004 0.535010061111111 0.04755837500000002 0.06930181944444445
0 0.399178490625 0.519763661111111 0.05457518281249998 0.06652974722222219
0 0.43036431015625 0.5190706395833332 0.023389365625000026 0.05128334861111112
0 0.441279346484375 0.4955080229166667 0.026507946093749978 0.03187883750000001
0 0.459211194140625 0.5183776229166667 0.03742298359375003 0.05821353194444446
0 0.53093857890625 0.5218427145833333 0.09043887656249998 0.1178130958333334
0 0.5765478406250001 0.5343170395833333 0.017931845312500007 0.08177614861111111
0 0.6092929496093751 0.5190706409722222 0.03976191953125001 0.06791578749999998
0 0.628004441015625 0.5343170444444445 0.038202630468750075 0.09286443888888887
0 0.6814101570312501 0.5537215520833333 0.10447249531249998 0.15939418749999995
0 0.294316171875 0.6119350819444445 0.2050467625 0.22869601111111107
0 0.5017018734375001 0.6299535534722221 0.16450519687499998 0.24255637361111107
0 0.8424069515625 0.6140141368055555 0.2798927312500001 0.3077000902777778
0 0.31068872812500004 0.49134991180555554 0.0740663203125 0.020790545833333358
7 0.664647779296875 0.37838794375 0.06159199296875002 0.036036948611111085
7 0.627614619140625 0.42967129236111107 0.010915036718750049 0.01940450972222223
6 0.25572372109375 0.025641672916666667 0.024948654687500006 0.048511276388888885