7 0.48886613515625 0.3310014208333334 0.014622118750000013 0.031193852777777784
7 0.45815968710937505 0.34833133541666667 0.007798461718750005 0.03465983472222219
7 0.39674679453125 0.36219527083333336 0.005848848437500021 0.013863933333333339
0 0.10244545859375001 0.48437118749999997 0.20452837656249997 0.5562903444444445
0 0.19252455 0.4748397319444444 0.11795175 0.22182294166666666
0 0.2953667765625 0.4115855340277777 0.07408539687500001 0.10917847638888886
0 0.33094726328124996 0.41158553333333336 0.020470965624999993 0.07105266111111111
0 0.33679611054687497 0.40205408125000003 0.04191673671874998 0.06931967083333326
0 0.36311592265625 0.39858809652777777 0.012672501562499994 0.05198975138888894
0 0.371889193359375 0.3959886090277777 0.010722886718749968 0.04679077638888892
0 0.378712848046875 0.3977216013888889 0.010722886718750014 0.029460858333333326
0 0.41721775820312496 0.3951221118055555 0.027294619531250053 0.038125818055555524
0 0.45036122421874997 0.38385766875 0.015596925000000006 0.025994876388888914