9 0.24144086992187502 0.5395308715277778 0.023730452343749996 0.07499994861111109
0 0.31197304765625 0.534843375 0.017138659374999986 0.037499974999999984
0 0.297471105078125 0.5336715020833334 0.019775377343750032 0.04453122083333333
0 0.283628340625 0.5383589979166667 0.026367168750000003 0.04921871527777778
0 0.25923870937500004 0.5383589979166667 0.027685528125000004 0.04921871527777778
0 0.17618212578125 0.5571089854166666 0.090966734375 0.0914061875
0 0.11421927812499999 0.5547652375 0.064599565625 0.08203119444444443
0 0.06280329765625 0.5102340173611111 0.035595678125 0.03515622638888895
0 0.333725962890625 0.5266402569444444 0.01845701796874999 0.025781233333333296
0 0.43787628203124995 0.5242965083333333 0.021093735937500035 0.025781233333333296
0 0.45435576289062496 0.5278121305555555 0.025048811718750043 0.03281247777777775
0 0.47083524375 0.5278121305555555 0.015820301562499937 0.028124980555555526
0 0.478086215234375 0.5336715 0.014501942968749936 0.030468727777777756
0 0.485337186328125 0.5395308722222222 0.015820300781249942 0.0515624638888889
0 0.50774928046875 0.5395308715277778 0.04746090468749999 0.07031245138888893
0 0.006023248828125 0.5207808847222222 0.01204649765625 0.037499974999999984
0 0.046323816796875 0.5594527340277777 0.09228509296875 0.10078118194444446
1 0.9658788488281249 0.5699996006944444 0.06723628203125002 0.5718746069444445
1 0.79910650234375 0.3754684847222222 0.400780975 0.6796870333333334
1 0.606626165234375 0.5207808847222223 0.04746090390625 0.19687486388888892