0 0.289443387890625 0.2785933222222222 0.032745110156250014 0.029106766666666672
0 0.21888547187500002 0.26473295694444443 0.06471057656249998 0.04851127500000001
0 0.1779540828125 0.26334692083333333 0.040541565625 0.04851127500000001
0 0.1288364171875 0.27166314027777777 0.04521943906250001 0.03465091111111111
0 0.031380730859375 0.25433768472222223 0.062371638281249996 0.049897311111111106
0 0.44498266289062494 0.2744352125 0.014813263281250055 0.018018474999999985
0 0.474219369140625 0.2785933222222222 0.012474327343750069 0.018018475000000027
0 0.5611498410156249 0.2882955770833333 0.016372555468749984 0.03187883750000001
0 0.6870625875 0.31948139722222224 0.035863692187500004 0.06652975
0 0.730332912109375 0.3215604513888889 0.08342206640624994 0.09286444166666664
0 0.8071279929687499 0.3562113618055555 0.10291320468750005 0.10672480416666663
0 0.542118132421875 0.2888895847222222 0.026507946093749978 0.03603694722222224
0 0.5128814265624999 0.29245368541666666 0.027287592187499942 0.0401950541666667
0 0.48981227890624995 0.28413746805555556 0.019491137499999932 0.029106766666666672
0 0.463694155078125 0.2952257583333333 0.024948655468750046 0.03742298333333333
0 0.42666099453124995 0.2751282305555556 0.010135392187499991 0.011088291666666687
0 0.36623846875000005 0.32641157847222224 0.10759107812500006 0.1386036430555556
0 0.9194359281250002 0.38476370972222224 0.15982732500000002 0.18850095277777779
0 0.57880880703125 0.28968161180555557 0.024948656249999958 0.03603694583333331
7 0.49078683632812503 0.21160156180555553 0.01949113828124993 0.02772072916666666
7 0.512616909375 0.23447116249999997 0.005457518750000024 0.015246399999999995
7 0.5995473812500001 0.20120628819444444 0.014033618749999999 0.02356261805555554
6 0.4694765296875 0.1945071097222222 0.005457518750000024 0.02772072777777781
6 0.43244336875 0.24093933055555555 0.0046778734374999685 0.012474327777777777
6 0.46401901132812495 0.2457904576388889 0.003898227343750005 0.011088290277777762
6 0.56030522890625 0.1938140909722222 0.004677871874999973 0.03187883750000001