0 0.5159658105468751 0.5043005923611111 0.010722886718750057 0.020795901388888892
0 0.496469654296875 0.5103660638888889 0.00877327109374999 0.019062911111111133
0 0.48915859492187497 0.5112325590277778 0.011697694531249959 0.02426188472222227
0 0.480385323828125 0.5112325590277778 0.011697694531249959 0.031193851388888857
0 0.464788398828125 0.5129655506944444 0.023395388281250006 0.027727868055555563
0 0.46625061015625 0.5129655506944444 0.012672501562500039 0.027727868055555563
0 0.45065368476562495 0.5181645263888888 0.024370196093749998 0.03465983611111112
0 0.41312358398437504 0.5294289722222222 0.02534500546874998 0.057188727777777774
0 0.39850145078125 0.5268294847222222 0.03509308281250001 0.06931966944444447
0 0.356584712890625 0.5320284604166667 0.07993424296875 0.09011557083333335
0 0.30394509023437505 0.5545573520833332 0.09943040234375 0.13517335416666668
0 0.18921020390624999 0.5467588895833333 0.22167130625000003 0.2720797013888889
0 0.06472724062499999 0.6403404423611111 0.12867463437499999 0.2790116680555556
1 0.5945353140625 0.47137374930555553 0.06726174218750006 0.13170737083333328
0 0.5550555964843751 0.49823512152777777 0.017546541406249984 0.05718872638888889
0 0.57650136875 0.5164315340277779 0.02144577187500003 0.04852376805555557
0 0.6189055101562501 0.5172980291666666 0.08480828281250004 0.10917847777777775
7 0.129064559375 0.33186791597222226 0.027294620312499983 0.039858809722222215
7 0.378615376171875 0.44191289027777775 0.00974807890624998 0.024261883333333383