0 0.36727036953125003 0.4211324395833333 0.022924549999999978 0.03566040972222224
0 0.412403075390625 0.42325509027777775 0.027222902343749977 0.03311323611111108
0 0.352226134375 0.42452865625 0.03581960781250002 0.050943443055555565
0 0.327868801171875 0.42580224166666664 0.03008846953125004 0.05349061388888888
0 0.31282456601562497 0.43217017361111115 0.02579011796874999 0.04584909722222221
0 0.2590951546875 0.4130663826388889 0.03295403906250001 0.09933971250000005
0 0.18244119453125 0.4347173458333333 0.06590807812499999 0.10698122777777776
0 0.01695460703125 0.46655699722222216 0.0329540390625 0.11971708888888889
0 0.635201033984375 0.3871701576388889 0.045849097656250046 0.040754754166666705
0 0.6581255835937501 0.4075475354166667 0.08883262656250004 0.07132081805555551
0 0.7412270734374999 0.41391546597222223 0.12608501875 0.08405667916666665
0 0.797105661328125 0.41009470694444444 0.06590807734375001 0.08660385277777781
0 0.5349061335937499 0.41773622430555557 0.022924548437499935 0.040754754166666705
7 0.5105488003906251 0.2916512048611111 0.04298352890624999 0.07896233472222222
0 0.3851801734375 0.4262267840277778 0.027222901562500023 0.04075475138888894
7 0.722600878125 0.0645283486111111 0.06017694062499999 0.030566066666666666
7 0.6631403289062501 0.10400951527777778 0.027222901562500023 0.04330192777777777
7 0.6896468382812501 0.26193418611111113 0.07737035156250008 0.06367930277777778
7 0.102205272265625 0.19188695277777781 0.07737035234375 0.12226426111111112
7 0.105787234375 0.2950474215277778 0.05014745156249999 0.09933971249999997
7 0.39019491835937503 0.36000031041666664 0.014327842968749982 0.020377376388888833
6 0.66314032890625 0.1918869520833333 0.021491764062499995 0.07132081805555557
6 0.714004171484375 0.17490579027777775 0.048714666406249926 0.08150950555555554
6 0.425877229296875 0.3833494006944444 0.012895058593749998 0.028018893055555574