0 0.43477170625 0.4430051895833333 0.019672928125000055 0.025647670833333316
0 0.44919851953125 0.4500000090277778 0.01704987187500002 0.03031088194444441
0 0.46231380507812503 0.4465026013888889 0.022295985156249996 0.04196891388888891
0 0.47477332734375005 0.4546632222222223 0.023607512500000018 0.044300519444444415
0 0.48920013984375005 0.45816063125 0.03147668437499993 0.04663212638888889
0 0.515430710546875 0.45699482777777783 0.04983808515625006 0.07227979444444443
0 0.56198997265625 0.46632125208333336 0.082626296875 0.1095854930555556
0 0.609205 0.4884715125 0.09049546718749993 0.13523316388888884
0 0.7101926957031249 0.5106217722222222 0.19935233515625006 0.1981865333333333
0 0.3239475453125 0.4441709930555555 0.01573834218750001 0.027979277777777787
0 0.2924708609375 0.44883420625000003 0.03934585625000002 0.03264248749999999
0 0.25443653359375 0.4546632222222223 0.047215026562500026 0.05829015555555554
0 0.210500328515625 0.46398964791666664 0.08787241171875 0.0769430069444444
0 0.165252593359375 0.4709844659722222 0.13377591015624998 0.10025907083333334
0 0.104922282421875 0.48497410208333336 0.12852979609375 0.1282383430555555
0 0.082920411328125 0.5186330743055556 0.08072654296875 0.09296561250000003
0 0.358703051171875 0.4418393854166666 0.011803755468749965 0.02331606250000004
0 0.39542584999999997 0.4424222881944445 0.01967292812500001 0.01748704583333331
0 0.339685888671875 0.4465026 0.013115285156249979 0.023316063888888846
0 0.88069140390625 0.6143782506944444 0.23607513437499997 0.3287564847222222
6 0.38034327304687504 0.3555699548611111 0.013115285156250022 0.03963730416666663
6 0.42886982734375 0.34740933402777774 0.010492228125000036 0.03264248749999999
0 0.4124757210937499 0.4430051895833333 0.009180700000000019 0.0186528486111111
0 0.42034489218749993 0.44766840277777775 0.00655764218749999 0.018652849999999985
0 0.022539989453125 0.48438504097222224 0.04507997890625 0.24219252083333329