6 0.5200569371093751 0.1737747423611111 0.018008899218749975 0.09071148472222221
6 0.434514673046875 0.4788143458333333 0.005002471093749961 0.024901194444444424
6 0.49304359140625 0.17199608541666667 0.0240118640625 0.09071148472222221
0 0.334965487109375 0.5366206826388888 0.010004944531250004 0.019565220833333303
0 0.31695658945312505 0.5464032944444445 0.03201581953125001 0.032015816666666634
0 0.2899432421875 0.5499606083333333 0.02000988593749997 0.028458505555555527
0 0.27193434453125 0.5481819520833333 0.01600790937500003 0.03201582083333337
0 0.262929895703125 0.5552965777777777 0.020009885156249973 0.028458505555555607
0 0.248422728125 0.5552965777777777 0.027013345312500013 0.028458505555555607
0 0.22641185234375 0.5552965777777777 0.02701334687500001 0.04980238333333331
0 0.20089924843749998 0.5615218756944445 0.032015818750000015 0.04446641527777773
0 0.17438614765625 0.5650791888888889 0.02701334687500001 0.048023727777777796
0 0.138368351953125 0.5633005326388889 0.06303114296875001 0.07648223194444444
9 0.092845861328125 0.5552965770833334 0.018008897656249988 0.07114626250000006
0 0.0813401765625 0.5766404583333333 0.0790390515625 0.07826088888888892
0 0.025912796874999998 0.5748618 0.051825593749999996 0.11027670833333339
0 0.42400948203125 0.5606325486111111 0.012005932812499953 0.05335969722222226
0 0.45052258242187493 0.5383993402777777 0.009004449218749943 0.01956522222222227
0 0.457526042578125 0.5410673256944444 0.01300642578125002 0.017786568055555563
0 0.4980460625 0.5437353097222222 0.020009885937500017 0.023122536111111144
0 0.47503469374999996 0.5588538902777779 0.056027682812499965 0.06403163611111111
0 0.526059903515625 0.5624112055555556 0.04001977265625003 0.05691701111111114
0 0.5770851144531249 0.5784191138888889 0.04802372890624999 0.06403163611111111
0 0.6151038984375 0.5837550833333334 0.05202570468750008 0.07826088888888884
0 0.6701310875000001 0.6006523208333333 0.1060523984375 0.10849805000000004
0 0.385490449609375 0.5570752340277778 0.08104004140625003 0.18142297083333328
7 0.7389043472656249 0.5493583770833333 0.017546541406249984 0.0415918013888889