7 0.2537371609375 0.44292626805555557 0.04040205781249999 0.133857325
7 0.250064248046875 0.5800484027777778 0.04223851640625002 0.09467956666666666
7 0.630036008984375 0.5486051520833333 0.018364572656250022 0.014691659722222283
7 0.6249857511718749 0.5649292159722222 0.032138000781249954 0.017956470833333307
0 0.032859464453125 0.7465927229166667 0.06571892890625 0.15834341805555552
0 0.244314389453125 0.7187252166666667 0.06703068515624996 0.0750906944444445
0 0.33613725078125 0.6819960736111111 0.022955715624999984 0.04407497222222219
0 0.39995413554687503 0.6795474645833333 0.018364572656249977 0.026118501388888878
0 0.38755805039062496 0.6770988527777777 0.021119257031249995 0.037545344444444434
0 0.35909296328125 0.6860770888888889 0.04315674374999996 0.05223700277777783
0 0.47157596718750006 0.6713854319444444 0.014691659375000032 0.02285368888888889
0 0.48856319531250003 0.6673044152777777 0.026628629687500016 0.04081015555555554
0 0.513158608203125 0.6746502430555555 0.03305622890624997 0.06529625277777772
0 0.545296608203125 0.6893419034722222 0.044074971093750026 0.07182588472222219
0 0.547133066015625 0.6517965555555556 0.027546857031250038 0.013059247222222186
0 0.434387708203125 0.69342291875 0.057848400781250045 0.09304716250000003
0 0.636135651953125 0.71872521875 0.16436291640625003 0.21874245694444439