0 0.009465898046875 0.4749309743055556 0.01893179609375 0.02991691250000004
0 0.043648306640625 0.54691854375 0.08729661328125 0.14397514027777772
7 0.16144614609375002 0.3272162229166667 0.02419062656250002 0.011218843055555578
7 0.166179095703125 0.3524586166666666 0.010517664843750007 0.024307491666666632
6 0.181429708984375 0.381440625 0.013672963281250006 0.022437683333333305
6 0.273459271484375 0.4160320541666667 0.010517664843749986 0.01308865000000002
6 0.33446172421875 0.3459142923611111 0.0063105984374999926 0.026177298611111115
6 0.373902965234375 0.2879502770833334 0.007362364843749969 0.03365652916666666
6 0.465932528125 0.29262479166666666 0.00841413124999999 0.03178671666666667
6 0.514313783984375 0.37302649374999997 0.006310599218749946 0.024307490277777788
6 0.5132620171875001 0.4263159930555555 0.012621196874999985 0.011218841666666653
6 0.7503301960937501 0.3945292736111111 0.012621196874999985 0.022437683333333305
6 0.35434011992187503 0.40761792222222226 0.005258832031249971 0.014958455555555616
6 0.34171892226562506 0.34404448541666666 0.007362364843750013 0.02243768472222219
6 0.5873063675781249 0.26177297777777775 0.012621197656249982 0.04113575277777777
6 0.664085316796875 0.29168989097222225 0.012621197656249982 0.0224376875
7 0.28071646953125 0.39639908125000006 0.01367296406249996 0.011218843055555539
7 0.6399998722656249 0.38050572152777784 0.011569430468750053 0.013088648611111135
7 0.85445507265625 0.42164147430555554 0.008414131250000168 0.01682826250000002
7 0.51841566640625 0.40481321180555563 0.01156943125000005 0.013088648611111135
7 0.297544731640625 0.4122924402777777 0.009465896093750014 0.009349036111111136
6 0.640525755859375 0.39920379097222225 0.014724730468749937 0.024307490277777788
0 0.374428848828125 0.4412744486111111 0.008414132031249988 0.011218841666666732
0 0.357074702734375 0.43846973819444446 0.011569430468750008 0.00934903472222225
0 0.339720556640625 0.4375348347222222 0.016828263281249978 0.011218841666666732
0 0.39336064453124997 0.44220935208333334 0.010517664062499987 0.013088648611111135
0 0.3986194765625 0.4515583868055556 0.00841413124999999 0.024307490277777708
0 0.41860303906249996 0.44314425555555553 0.008414131250000078 0.011218841666666653
0 0.42701717031249997 0.4459489659722222 0.010517664062499942 0.013088648611111055
0 0.43595718437500003 0.45062348333333335 0.019983560937499957 0.022437683333333305
0 0.44226778359374996 0.4637121333333334 0.02839769375000003 0.037396141666666695
0 0.4128183234375 0.46838664999999996 0.03681182500000002 0.04674517499999998
0 0.35760058515625 0.48614981458333334 0.09465897656249997 0.08601111805555553
0 0.724817333203125 0.49897135902777784 0.17669676015624997 0.14958455972222226
0 0.56968178515625 0.5569353743055555 0.196680321875 0.22063722361111107
0 0.803699815625 0.5438467256944445 0.39125711093750004 0.5833797791666667
0 0.24446056757812498 0.6607096618055555 0.41860303984375 0.42070657083333324
9 0.48521122695312496 0.47509467222222224 0.034451808593749966 0.08166354444444444