7 0.49079804296875 0.5177379548611111 0.030797367187500056 0.026593284722222263
7 0.29765455703125 0.536509682638889 0.017598495312499997 0.01720741805555556
7 0.183264337890625 0.5458955465277777 0.02815759296875 0.026593284722222263
1 0.395699023828125 0.5499983708333334 0.02199811953124997 0.044184794444444404
1 0.375020792578125 0.5619227493055555 0.02287804453125002 0.04849363194444444
1 0.334984215234375 0.5572298138888889 0.06423450703125 0.09855157222222223
0 0.41901703046875005 0.5564476597222222 0.014078796874999976 0.021900349999999947
0 0.4630132679687501 0.5642692138888888 0.017598495312499997 0.028157594444444496
0 0.44365492343749996 0.5666156784722222 0.03167729218749997 0.05475087638888891
0 0.257487970703125 0.5963375840277778 0.05631518515625 0.06100811805555553
0 0.218771281640625 0.5947732708333333 0.019358344531250005 0.02346465833333337
0 0.179174666796875 0.5955554284722222 0.06335458203125002 0.04692932083333332