0 0.117988165625 0.5123465020833333 0.23597633125 0.46644485416666664
0 0.25294235078125 0.4680280666666667 0.104136246875 0.1872112305555556
0 0.31203089570312503 0.4378662590277778 0.03744224609375002 0.0603236208333333
0 0.364099016015625 0.4326659479166666 0.033932035156249984 0.06656399305555559
0 0.42669776796875 0.4441066326388889 0.030421824999999993 0.04368261805555562
0 0.3939358046875 0.44930694513888886 0.030421825000000034 0.041602498611111115
0 0.48637134609375005 0.4898693770833333 0.030421823437499995 0.0811248680555556
0 0.512697926953125 0.5013100618055556 0.04563273671874999 0.10400623750000003
0 0.585827313671875 0.5127092479166666 0.11466687578124998 0.15176610138888888
0 0.753468741796875 0.5455661618055555 0.2636366507812499 0.29236442083333336
0 0.89063059296875 0.5593460979166666 0.21646298281250004 0.3365652958333334