0 0.45984358984375007 0.38849987222222226 0.004218748437499986 0.01874999444444438
0 0.46669905546874996 0.39224987083333335 0.00949218437499999 0.026249991666666656
0 0.46986311640624995 0.3988123694444444 0.009492182812499994 0.0318749888888889
0 0.47724592734375 0.40537486458333327 0.01582030781250001 0.041249984722222244
0 0.48199201914062506 0.4194373618055555 0.021093742968750016 0.06187497916666673
0 0.509941228515625 0.43724985625 0.05800779296874996 0.08249997361111107
0 0.5516013699218749 0.48599982569444444 0.09492184296874999 0.19499993194444443
0 0.051426491015625 0.40331235625000006 0.10175632265624998 0.0903749625
0 0.031113269921875 0.4121248604166666 0.06011716640625 0.09749996527777777
0 0.1289459953125 0.4551560888888889 0.12812350156250002 0.12749995555555552
0 0.05966233125 0.5716873006944444 0.1190346296875 0.3371248847222223
0 0.29583973945312503 0.42843734930555555 0.02847655234374997 0.059999976388888855
0 0.368613152734375 0.4033592347222222 0.02636717890625002 0.05109373333333333
0 0.421347508984375 0.3913123701388888 0.007382810156249952 0.020624993055555527
0 0.41449204257812494 0.39412486874999997 0.008437496093749974 0.018749993055555574
0 0.406581888671875 0.39412486874999997 0.009492185156249989 0.018749993055555574
0 0.24732413203124998 0.43453109930555556 0.06855466250000002 0.06749997638888883
0 0.43927718984375 0.3895311138888889 0.02214842968749995 0.014999994444444395
0 0.3965623609375 0.40828110625 0.03164061406250003 0.04499998194444446
0 0.734003647265625 0.5420994159722222 0.34792956171875 0.4741990513888889
7 0.543691215625 0.3249373840277778 0.01160155781249994 0.009374995833333344
7 0.5320896582031249 0.35399988194444443 0.015820307031250015 0.026249991666666656
7 0.542109184765625 0.3089998993055555 0.008437496093749974 0.011249995833333335
7 0.47808969531249995 0.3718123736111111 0.007382809374999954 0.016874991666666655