7 0.15665769609375 0.3192597909722222 0.0848848140625 0.1808156986111111
7 0.41513577812499997 0.3729606951388889 0.022177114062500003 0.03534743194444445
7 0.200629559375 0.45181265555555555 0.02600075312500001 0.01903323055555559
7 0.723321181640625 0.4171449826388889 0.026765482031250086 0.04758307916666667
7 0.8212063718749999 0.48308153402777776 0.014529832812499954 0.027190331944444385
7 0.021300830859374998 0.4966766986111111 0.04206004296875 0.08157099166666665
7 0.41322395781250004 0.4219032923611111 0.01376510625000007 0.07069485972222225
0 0.581958046875 0.49350450069444446 0.019118199999999953 0.029909362499999995
0 0.5226916226562499 0.49690329236111114 0.010706192187500019 0.020392745833333316
0 0.546398191796875 0.4962235347222222 0.010706192968750017 0.016314197222222285
0 0.507397061328125 0.5009818423611111 0.02600075390624994 0.028549845833333306
0 0.45310136953124996 0.5138972493055556 0.03670694531249996 0.03534743194444445
0 0.621723904296875 0.4887461951388889 0.014529833593749953 0.023111779166666697
0 0.633577189453125 0.4955437784722222 0.021412385156250036 0.036706945833333296
0 0.6538424839843751 0.5220543486111111 0.049707322656250066 0.08700905833333326
0 0.34404696796875 0.5771413229166668 0.19882929374999997 0.26510572361111107