7 0.5366810691406251 0.3514716319444444 0.012002771093750031 0.02418336111111109
7 0.42265473945312504 0.4176202402777778 0.009602217968750004 0.017070608333333345
7 0.26106028203125 0.4082720527777778 0.012002771874999985 0.009957855555555522
7 0.5691714187500001 0.3829506513888889 0.016803879687499988 0.022760811111111126
0 0.361683517578125 0.45592750138888893 0.019204435156250012 0.02418336111111109
0 0.348480468359375 0.45379367569444445 0.010402402343749983 0.019915709722222157
0 0.34087871328124997 0.4559275013888888 0.009602217187500007 0.021338261111111083
0 0.33567751171875 0.45735005138888896 0.012002770312500032 0.027028461111111093
0 0.32887594140625 0.46019515347222223 0.01600369531250001 0.02702846250000006
0 0.294467996484375 0.4651740805555556 0.020804803906249968 0.04552162222222225
0 0.27766411601562496 0.4687304583333333 0.020804803906250013 0.05263437777777777
0 0.26326078984375 0.47299811041666673 0.025605912500000015 0.05263437638888896
0 0.24165580117187496 0.47299811041666673 0.040009238281250026 0.06401478194444445
0 0.22725247539062501 0.48153341388888893 0.03520813046875002 0.06116968055555556
0 0.20084637773437503 0.4858010659722222 0.03840886953124998 0.0810853902777778
0 0.156436123046875 0.48935744375000007 0.08081866171874999 0.10242365138888887
0 0.398892108984375 0.44938378124999995 0.005601292968750027 0.01280295694444449
0 0.40129266328124996 0.4486725069444445 0.0040009234374999815 0.01991571111111112
0 0.406093771875 0.44938378124999995 0.010402401562500075 0.02418336250000005
0 0.4092945109375 0.45080633124999997 0.010402401562500075 0.029873562499999985
0 0.414895804296875 0.4550739840277777 0.008802032031250028 0.03271866527777776
0 0.42369783671875005 0.45649653472222224 0.01520351093750003 0.041253969444444434
0 0.43089949999999994 0.4586303611111111 0.016803881249999986 0.05121182500000003
0 0.43730097812499996 0.4600529111111112 0.018404249999999945 0.06259223055555552
0 0.44810347265625 0.46289801249999996 0.025605912500000015 0.07397263611111107
0 0.466507722265625 0.4678769395833333 0.04481034765624994 0.08962069305555549
0 0.498915205859375 0.4786883118055556 0.06001385859375006 0.14510017083333326
0 0.5445257375000001 0.4893574423611111 0.10322383593749995 0.16928353194444443
0 0.675275923828125 0.523925429861111 0.24245598515625 0.3115386041666667
0 0.842000814453125 0.5525535756944445 0.31487660234375003 0.6328203180555556
0 0.093141507421875 0.5105534618055556 0.09922291171875 0.1066913041666667
0 0.036328388671875 0.5247789680555556 0.07201662890625 0.13229721388888885