0 0.029334870703125005 0.7048104562499999 0.05830720078125 0.36149663194444437
0 0.94718529609375 0.6086941409722223 0.10462338750000004 0.3145764013888889
0 0.167179544921875 0.62214403125 0.23102946015625 0.29460859305555553
0 0.32266139687499995 0.5450258993055556 0.10722886250000001 0.15077027916666666
0 0.39089794648437504 0.52769598125 0.04484116015625004 0.11611044305555554
0 0.42014218203125003 0.51296555 0.03704269687500004 0.09011556944444439
0 0.44792420429687496 0.5043005916666666 0.02242058046874993 0.06585368333333332
0 0.46595814960937504 0.4939026409722222 0.015596925781250003 0.051989751388888866
0 0.47716844062499997 0.48523768125 0.018521348437500064 0.03812581805555561
0 0.487891326953125 0.4852376840277778 0.012672502343750036 0.03119384861111109
0 0.827124457421875 0.5302954673611111 0.24077753828124998 0.2356868736111111
0 0.697962417578125 0.4982351208333333 0.10527924765624999 0.1507702805555556
0 0.64044875390625 0.5077665763888889 0.031193851562500007 0.09358155277777777
0 0.6219274054687499 0.5060335826388889 0.02339538750000001 0.07625163472222217
0 0.6029186531249999 0.49736862430555556 0.024370196874999993 0.05892171805555554
0 0.5868343234375001 0.4939026409722222 0.02339538750000001 0.051989751388888866
0 0.56831297421875 0.48523768263888895 0.017546540624999985 0.034659834722222234
0 0.549791625390625 0.47743921875 0.01949615703125005 0.02252889305555562
6 0.5244466203125 0.4384469055555556 0.007798462500000003 0.017329916666666712
6 0.5049504644531251 0.4401798979166667 0.009748078906250068 0.013863931944444453
0 0.519085177734375 0.48177170069444447 0.014622117968750015 0.013863931944444453