0 0.7917299941406251 0.6264884673611112 0.3375864976562501 0.4185830069444444
0 0.44283863906250004 0.6736137020833334 0.177759171875 0.2578027736111112
0 0.21245339453124998 0.66183239375 0.2128432203125 0.23146808194444451
0 0.32862057382812504 0.5953026465277778 0.10369285234375 0.1399896791666666
0 0.367992671484375 0.5655028611111111 0.05613447578124999 0.08593426111111108
0 0.44010987851562505 0.54055420625 0.04755837421875002 0.022176579166666637
0 0.48026162109375 0.5419402416666667 0.02027078281249999 0.019404508333333344
0 0.5161253128906249 0.5807492618055556 0.05457518515625006 0.09702254861111115
0 0.5582261714843749 0.5592656979166667 0.05301589296874996 0.07068785416666662
0 0.5975982671875 0.5467913722222223 0.0459990828125 0.0762320027777778
6 0.555497410546875 0.3936343458333334 0.008576100781249974 0.030492802777777762
6 0.49624435429687497 0.3672996527777778 0.00857610234374997 0.03603694722222224
6 0.316925892578125 0.46917333125 0.017931846093750002 0.023562620833333388
6 0.645546464453125 0.49828009791666666 0.009355746093750028 0.0180184736111111
6 0.3886532765625 0.5010521694444444 0.013253973437499988 0.020790550000000015
6 0.48493949453125007 0.36591361458333327 0.010915039062499955 0.041581093055555525
6 0.546921309765625 0.3936343458333334 0.008576100781250063 0.03326487500000002
7 0.6482752238281251 0.45184787638888885 0.01325397109374995 0.011088291666666647
7 0.6400889464843751 0.4647842173611111 0.01715220078124995 0.014784393055555572
7 0.39722937734374997 0.4657082388888889 0.014813267187499956 0.013860363888888906
7 0.3208241203125 0.3582904166666667 0.024169009374999995 0.012474325000000007
7 0.332128979296875 0.39294132708333335 0.026507944531249984 0.020790545833333358
0 0.2368822953125 0.5380131479166667 0.028846884375000003 0.020790545833333358
7 0.40918394921875 0.4936599805555556 0.005457520312500019 0.012474327777777777