0 0.5072871347656249 0.532250723611111 0.028677300781250015 0.036706944444444486
0 0.573244928125 0.5353096340277778 0.016059287499999984 0.01835347083333332
0 0.5445676277343751 0.5383685472222223 0.050472050781249944 0.07341389166666666
0 0.6162608828125 0.5424471006944444 0.05391332812499998 0.06117824583333334
0 0.712616618359375 0.5618202062500001 0.10897374765625001 0.12847430972222224
0 0.07253923906250001 0.6056646166666667 0.14109232656249998 0.22024167777777784
0 0.33075201445312497 0.5033901875 0.06552392890625 0.09152548888888887
0 0.386915383203125 0.5148308756944445 0.03510210546875001 0.07696461527777775
0 0.445418891796875 0.5200311868055555 0.03978238515624995 0.049922995833333296
0 0.48461624296875006 0.5221113104166667 0.010530631249999978 0.03744224583333333
7 0.601038225 0.47426844166666676 0.00936056093750004 0.016640999999999986