0 0.25273515468749996 0.5512330555555555 0.009360559374999999 0.012480747222222277
0 0.241034453125 0.5553933062499999 0.009360559374999999 0.012480745833333313
0 0.23050382187500001 0.55643336875 0.011700701562500004 0.01456087083333336
0 0.21985618515625 0.5699541770833333 0.015210910937499999 0.020801245833333346
0 0.205230308984375 0.5657939291666666 0.011700702343750003 0.02080124722222223
0 0.190019397265625 0.5626737423611111 0.01638098359375002 0.027041618055555557
0 0.17890373046875002 0.5751544895833334 0.015210912500000017 0.031201870833333346
0 0.146960812890625 0.5876352395833333 0.042122525781249996 0.0520031180555555
0 0.10062603554687499 0.5855551166666667 0.07722463359375 0.0811248694444445
0 0.37067823242187503 0.5418724951388889 0.014040841406250015 0.018721123611111147
0 0.39817488085937497 0.5283516854166667 0.026911613281250045 0.049922993055555524
0 0.42274635468750005 0.5458247493055555 0.047972876562500044 0.05824349305555556
0 0.6696762496093751 0.5608016291666666 0.09983380546875002 0.1148228805555555
0 0.51015059140625 0.5402083881944445 0.03510210312500002 0.04784286805555556
0 0.5382322765625001 0.5422885291666666 0.02574154375000006 0.04368261944444443
0 0.56982417109375 0.5360481555555555 0.06552392968750001 0.09360561388888892
0 0.80734841484375 0.5672500194444445 0.126367578125 0.16016958611111115
6 0.39270478203125 0.4834804118055555 0.009360560937499995 0.0166409986111111
6 0.317905503515625 0.4852988979166666 0.014190882031250008 0.013741504166666689
0 0.272458792578125 0.5493583770833333 0.02047096484375004 0.020795901388888892
0 0.292929757421875 0.5450258979166667 0.016571733593749992 0.015596926388888951
0 0.32305132929687497 0.54329290625 0.02729461953125001 0.02252889305555554
6 0.27138651328124996 0.5311619638888888 0.007798462500000003 0.008664958333333316
6 0.24116746992187502 0.5415599138888889 0.007798463281250001 0.008664958333333396
7 0.30219043203125 0.4865374270833333 0.007798462499999959 0.008664959722222202
7 0.424041412890625 0.5038673444444445 0.005848847656249934 0.02599487500000003
7 0.442562762109375 0.48913691458333336 0.007798463281250001 0.017329918055555518