7 0.269532454296875 0.4613740909722222 0.019194300781249972 0.02559240138888883
7 0.43028471640625005 0.5360185895833334 0.011996437499999946 0.021326998611111096
7 0.81357089453125 0.35793814027777776 0.03478966874999996 0.040521300000000024
7 0.7889782000000001 0.3302130409722222 0.026392162499999917 0.036255901388888866
7 0.8171698265625 0.2395732888888889 0.044386818749999966 0.03412319999999999
0 0.46207527578125 0.5680090916666667 0.013196081250000002 0.025592402777777717
0 0.45007883828125 0.5669427423611111 0.013196081250000002 0.03199050416666667
0 0.438082401171875 0.5744071923611112 0.020393944531249986 0.055450201388888905
0 0.41648881328125 0.5808052923611111 0.04198753125000003 0.06824640138888888
0 0.36730341875 0.5968005430555555 0.07797684374999996 0.10023690277777778
0 0.322316780078125 0.6298573902777779 0.11996437578125 0.1151658
0 0.48426868515625 0.5701417916666667 0.01919430000000002 0.02985780277777776
0 0.5088613828125 0.5712081423611112 0.015595370312500023 0.03199050416666667
0 0.5238569312499999 0.5648100409722222 0.016795012499999994 0.044786701388888954
0 0.53525354609375 0.5701417930555556 0.02279323125000001 0.05971560277777775
0 0.57784089765625 0.5669427423611111 0.07197862500000003 0.10023690416666665
0 0.6066323476562501 0.5872033916666667 0.04798575156250005 0.07677720277777778
0 0.66421524921875 0.6117294416666667 0.11516579999999994 0.14289089999999996