0 0.4504770136718751 0.45606734930555554 0.014040841406249971 0.020801245833333346
0 0.44111645195312504 0.46230772569444445 0.01170069921875001 0.029121748611111147
0 0.427660646484375 0.46542791041666665 0.02223133359374998 0.05200312083333335
0 0.418300085546875 0.4727083486111111 0.01287077265624994 0.04992299444444449
0 0.38846329453125 0.4716682833333334 0.06084364843749999 0.10608636111111112
0 0.31511451328125 0.4999356909722222 0.1060375921875 0.1418199236111111
0 0.217048016015625 0.5059903402777778 0.10413624453125 0.1123267361111111
0 0.14684380703125002 0.5039102166666666 0.08541512343749999 0.07904473888888891
0 0.478046783203125 0.4456667263888889 0.009506800781250036 0.04576274166666663
6 0.48323897890625 0.3780626694444444 0.008190490625000013 0.01872112222222226
0 0.5154159093749999 0.45814747430555564 0.028081684375000027 0.037442248611111104
2 0.504300241796875 0.4342260388888889 0.033932035156249984 0.08112486388888887
9 0.47680359218749996 0.4508670402777778 0.023401403125000008 0.056163369444444396
2 0.05594397109375 0.4866005993055555 0.1118879421875 0.16849010416666668
7 0.6741848476562501 0.3142602611111111 0.021852535937499962 0.043705072222222245