0 0.505616553515625 0.34203192847222225 0.00819049140625001 0.020801245833333346
0 0.510296833984375 0.3513924875 0.012870771093750033 0.027041619444444442
0 0.517902290234375 0.35555273958333333 0.014040841406249971 0.031201873611111076
0 0.5272628503906249 0.3597129888888889 0.02340140234375001 0.03536211944444448
0 0.53018802578125 0.36803348680555553 0.017551051562499965 0.03536212083333332
0 0.538378517578125 0.37011361319444447 0.019891192968750016 0.0478428680555556
0 0.555929570703125 0.3773940486111111 0.03861231640625 0.04992299444444441
0 0.602147341796875 0.40131548263888894 0.07488448984374996 0.09776586249999997
1 0.482800184375 0.33891174097222226 0.03276196406250005 0.04784286805555556
0 0.47460969296875 0.3493123652777778 0.01872112187500008 0.03536211944444448
0 0.46232395742187504 0.35451267708333334 0.012870771093750033 0.02912174861111111
0 0.45003821953125006 0.35763286180555554 0.014040842187500058 0.04368261805555558
0 0.44067765937500003 0.36075304999999996 0.01638098281250002 0.05408324444444439
0 0.42429667617187494 0.3607530513888889 0.03978238515625003 0.06656399166666671
0 0.418446325 0.36387323888888895 0.03276196406249996 0.06448386666666665
0 0.36813330820312495 0.3638732381944444 0.08190491171874999 0.12688760972222224
0 0.32776588867187495 0.3815542979166666 0.11817708671875002 0.13728823194444442
0 0.14113969609375002 0.4137962319444445 0.2644358578125 0.3016180888888889
0 0.720909462890625 0.38675461111111115 0.04095245546875006 0.06032361666666664
0 0.8472770421875 0.46163910069444447 0.3007080328124999 0.3432205819444445
0 0.06976541562500001 0.4751599097222222 0.1380682796875 0.3577814555555555
7 0.63081406015625 0.27026762569444446 0.015210912499999996 0.018721120833333337
7 0.5354533421875001 0.3368316173611111 0.011700701562500004 0.01456087361111113