0 0.0667260015625 0.8755041590277778 0.020668475 0.03810484305555551
0 0.174278623828125 0.9074850076388888 0.06583292109374998 0.09117944305555549
7 0.272262508984375 0.8074597972222222 0.02602696953125001 0.032661294444444405
7 0.319340700390625 0.7809224923611111 0.031385463281249984 0.04218750416666665
7 0.32508194492187503 0.8142642347222223 0.024495969531250016 0.019052425000000046
7 0.24763895468750002 0.8417087770833334 0.020668475 0.02449597083333338
7 0.27978991679687504 0.8294607923611111 0.017606477343750003 0.019052420833333392
6 0.085353147265625 0.838306559027778 0.01148248515625 0.020413306944444463
6 0.12593207578125 0.8366187395833333 0.012998532812499986 0.021067170833333333
6 0.1385553359375 0.8597538236111111 0.010716989062499982 0.018345397222222302
6 0.2786491453125 0.5923394763888888 0.016826028125000024 0.02787161111111113
6 0.081923354296875 0.7321839326388889 0.021433974218750006 0.03538306805555559
6 0.40955696484375004 0.7907020881944444 0.010716989062499937 0.0272177458333333
6 0.353675531640625 0.8070327319444444 0.013778983593750026 0.027217747222222182
0 0.108700872265625 0.853956763888889 0.03674395703124998 0.04082661944444447
0 0.00421024453125 0.8662047486111111 0.0084204890625 0.019052422222222275
7 0.1584583125 0.8580394256944445 0.012247985937499983 0.02449597083333338