6 0.628379081640625 0.20624985833333334 0.01713866015624994 0.08437494166666666
6 0.30472207734375 0.07617182291666666 0.023730454687499992 0.1101561736111111
6 0.18475145585937497 0.3199216548611111 0.01318358515625 0.06328120694444447
7 0.53213891171875 0.35624975555555555 0.014501943749999935 0.028124980555555564
7 0.41348665 0.39374972847222217 0.014501943750000024 0.02812497916666664
0 0.461606734375 0.4160153388888889 0.01054686718750002 0.021093736111111146
0 0.472153601953125 0.4148434638888889 0.010546867968750017 0.018749986111111148
0 0.48599636562500004 0.4265622069444444 0.02504880937499996 0.028124980555555526
0 0.441172178125 0.4324215770833334 0.03032224531249996 0.04453121805555556
0 0.40293978203125 0.42070283611111114 0.009228507812500019 0.021093736111111146
0 0.319883198828125 0.44179657291666674 0.02768552890625 0.02578123194444441
0 0.28626505820312503 0.43710907361111107 0.013183583593749982 0.021093733333333295
0 0.30010782265625 0.43593719999999997 0.006591792187500012 0.018749986111111068
1 0.24539594453125 0.434765325 0.03427732031249997 0.03984372222222221
0 0.20914108789062497 0.4523434388888889 0.01977537734374999 0.023437483333333377
1 0.12410696679687501 0.4546871875 0.03164060390624999 0.03749997500000006
0 0.08455621289062501 0.4722652993055555 0.047460903906250004 0.053906212500000016
0 0.04961971328125 0.4828121680555556 0.022412095312499998 0.037499974999999984
0 0.029185156640624998 0.4886715388888889 0.04218747109375 0.04921871666666667
0 0.0146832140625 0.4828121673611111 0.029003885937499994 0.056249962500000014
0 0.172886229296875 0.4710934263888889 0.07119135703124997 0.06093745833333336
0 0.370640000390625 0.4781246708333334 0.09755852734375003 0.11718741944444441
0 0.534775629296875 0.41132784375 0.01713866015624994 0.02578123194444449
0 0.569052948828125 0.41484346666666666 0.025048810156249955 0.032812477777777835
0 0.549936751953125 0.41249971736111113 0.010546867968750017 0.02812497916666672
0 0.593442581640625 0.41249971736111113 0.010546867968750017 0.02812497916666672
0 0.6125587796875 0.4171872138888888 0.027685528125000046 0.03749997222222221
0 0.6448585605468751 0.4148434645833333 0.021093735156250036 0.0374999736111111
0 0.658701325 0.41132784236111114 0.019775376562500037 0.04921871527777771
0 0.68309095703125 0.4136715909722222 0.04482418749999999 0.05390621249999994
0 0.73121104140625 0.4160153381944445 0.048779264062499994 0.04453121805555556
0 0.8221777753906251 0.41953096111111104 0.08305658359374997 0.06093745833333336
0 0.271103935546875 0.44414031875 0.011865225781250021 0.02109373472222226