0 0.5798864578125 0.33713909166666667 0.03735963125000001 0.05919786944444445
0 0.65623005390625 0.33713909374999995 0.053602951562499966 0.10828879027777777
0 0.202635394140625 0.31331556041666664 0.07228276640625 0.07508022638888888
0 0.40242820859375 0.3162032590277778 0.020304148437499992 0.023101606944444422
0 0.46902581093749995 0.3125936340277778 0.023552810937500012 0.03320856250000001
0 0.5603944750000001 0.3169251861111111 0.0276136421875 0.03609626388888891
0 0.601814937890625 0.3154813354166667 0.012994655468749982 0.03320856250000001
0 0.6070940164062499 0.30898400625 0.02355281250000001 0.017326206944444422
0 0.6326772417968749 0.31620325972222224 0.024364977343749938 0.037540111111111135
7 0.60587576796875 0.2728877444444444 0.022740645312500085 0.014438502777777787
7 0.670442955859375 0.22812838055555554 0.046293457031250006 0.025989308333333325
7 0.58313512109375 0.25122998611111114 0.008121657812499983 0.020213905555555557
7 0.371971987109375 0.09745990972222224 0.02274064453125 0.06497327222222223
7 0.69562010078125 0.25122998611111114 0.015431151562500033 0.020213905555555557
7 0.6298346609375 0.27000004583333337 0.012182489062499968 0.017326205555555536
7 0.543338992578125 0.24978613819444445 0.022740646093749994 0.023101609722222232
7 0.504355027734375 0.25411768819444447 0.050354286718749995 0.03465240972222223
7 0.781303603515625 0.14727275138888887 0.025989310156249966 0.075080225
7 0.7419135574218749 0.2577273138888889 0.007309492968750053 0.018770055555555568