6 0.453867821484375 0.3453082763888889 0.007808478906249939 0.024293044444444453
6 0.44605934140625003 0.34617588611111116 0.005856357812499979 0.02255782777777778
6 0.5729471195312501 0.34357305972222224 0.00976059843749999 0.027763480555555574
7 0.75937454765625 0.2316515340277778 0.017569078125000016 0.039910004166666686
7 0.408969069140625 0.3687337145833333 0.009760597656249991 0.008676087499999992
6 0.39139999140625 0.34357305972222224 0.005856357812499979 0.017352174999999984
0 0.12249550859375 0.4841256763888889 0.23523041875 0.15616957222222222
0 0.433370564453125 0.4580974131944444 0.13274413671875 0.14575826805555553
0 0.6080852730468751 0.4285987159722222 0.02928179453125006 0.0451156513888889
0 0.50706308046875 0.4346719784722222 0.028305734375000037 0.039910001388888915
0 0.5758753000000001 0.42339306388888887 0.017569076562500018 0.031233913888888923
0 0.5617224316406251 0.4207902388888889 0.01268877734374998 0.022557827777777737
0 0.524632158984375 0.4277311055555556 0.016593016406249994 0.029498697222222287
0 0.5480575937500001 0.4259958902777778 0.020497257812500003 0.03296913055555556
0 0.6295585906250001 0.45028893402777775 0.033186035937500066 0.10931869861111115
0 0.67348128359375 0.47458198055555556 0.09565386406249994 0.2203726194444444
6 0.381846046875 0.3414841333333334 0.009228509375000016 0.021093736111111108
0 0.8234961339843749 0.4574996784722222 0.35200171171875 0.4593746847222222