0 0.9388525 0.6339839395833333 0.12128897968750003 0.1429686513888888
9 0.461606734375 0.5777339777777778 0.09492180937499999 0.2601560722222222
6 0.39239291484375 0.49687465833333333 0.0039550750000000075 0.028124980555555606
6 0.3640482078125 0.49687465833333333 0.005273434374999964 0.028124980555555606
6 0.335044321484375 0.29999979374999997 0.010546867968749974 0.07031245138888889
7 0.28362834062500003 0.30820291319444443 0.0500976203125 0.03984372361111114
7 0.18079638125 0.34218726527777776 0.023730453124999995 0.028124980555555526
7 0.190684069140625 0.4230465847222222 0.017138660156250006 0.04453121944444444
6 0.1709086921875 0.3796872388888889 0.01186522656250002 0.03281247777777775
6 0.185410634765625 0.24609358055555555 0.017138658593749988 0.07968744444444442
6 0.151792494140625 0.22499984513888888 0.021093735156250015 0.09843743194444445
6 0.12344778710937501 0.22148422222222222 0.01977537734375001 0.10078118055555556
6 0.621128108984375 0.45515593055555553 0.013183585156250021 0.028124980555555606
7 0.6376075898437501 0.45632780416666663 0.014501943749999935 0.035156224999999985
6 0.7727393328125001 0.06351557777777778 0.031640603124999965 0.12703115555555555
6 0.8116309078124999 0.06820307430555556 0.03032224531250005 0.1364061486111111
6 0.8729345765625001 0.004921868055555555 0.026367168750000048 0.00984373611111111