6 0.83833474765625 0.2278884125 0.027294620312499872 0.09184856388888889
6 0.27099658046875 0.09618104097222221 0.02339538750000001 0.09878052916666667
6 0.241264941796875 0.08838257847222222 0.032168658593749996 0.11091147083333333
7 0.21007109101562502 0.10224651250000001 0.02437019609375002 0.07971761944444444
7 0.168154353125 0.15943523958333333 0.08870751406249999 0.04852377083333334
7 0.12038876875 0.22182294097222222 0.049715200000000015 0.04159180138888886
7 0.8544190769531251 0.30673953541666665 0.05361443203125003 0.027727868055555563
6 0.090657129296875 0.3439988576388889 0.023395388281249995 0.05025675972222222
6 0.126237616015625 0.34833133680555556 0.012672502343749992 0.038125818055555566
0 0.48106767148437496 0.4913031534722222 0.016571732031249998 0.02252889027777785
0 0.504463059765625 0.49216964930555557 0.014622116406250019 0.02772786527777779
0 0.5132363308593749 0.4956356340277777 0.014622117968750015 0.02426188472222219
0 0.52200960078125 0.4999681131944444 0.01462211562500002 0.025994876388888914
0 0.5341946996093749 0.5069000798611111 0.023395388281250006 0.04679077638888892
0 0.548816817578125 0.5112325590277778 0.029244236718749938 0.06238770138888891
0 0.5843973035156249 0.5207640138888888 0.07700981953125004 0.08838257777777775
0 0.46059670703125005 0.4895701611111111 0.010722885937499971 0.02599487222222226
0 0.453773051953125 0.4895701625 0.014622116406250019 0.029460858333333326
0 0.44548718554687505 0.4956356340277778 0.013647310156250026 0.027727868055555563
0 0.4337894910156249 0.49823512152777777 0.021445771093749944 0.0329268430555555
0 0.4016208332031249 0.4991016173611112 0.050690010156249965 0.06238770138888891