7 0.264782166796875 0.34127557569444444 0.02729461953125001 0.02252889305555554
7 0.27745466875 0.4582525166666667 0.009748078124999981 0.04505778333333339
7 0.503122684375 0.4329488388888889 0.014622117187500016 0.049906161111111104
7 0.34422900625 0.38893285069444444 0.01657173437499999 0.010397954166666699
0 0.40612930351562504 0.5284386833333333 0.009748078906250068 0.04679078055555558
0 0.42172623124999997 0.5275721861111111 0.031193853125000004 0.051989755555555524
0 0.43537353945312496 0.535370648611111 0.027294619531249963 0.05372274722222217
0 0.457794119140625 0.5397031284722222 0.040941930468749985 0.07971762083333339
0 0.33886756171875004 0.5812949270833333 0.060438084375 0.15943523749999997
0 0.31352255937500006 0.5933021034722222 0.0760350125 0.19236208194444443
0 0.16212272265625 0.647891342361111 0.3242454453125 0.5510913708333333
0 0.38419612617187504 0.5309144006944444 0.02631981171875002 0.05025676249999999
0 0.733542903515625 0.5450258979166667 0.03996712109375 0.07105265694444446
0 0.48966341562500004 0.5260257555555555 0.020352929687499976 0.024953783333333333