6 0.40614788593749995 0.32078103194444446 0.005738351562500021 0.017002527777777804
6 0.427666710546875 0.3267319173611111 0.004781961718749983 0.018702781944444444
6 0.380803493359375 0.3275820423611111 0.004781958593749991 0.013602023611111097
6 0.36454482695312496 0.32588178888888886 0.004781961718750028 0.013602022222222251
6 0.325810943359375 0.3343830548611111 0.007651138281249992 0.023803540277777795
6 0.48234047070312497 0.36668785763888884 0.007651136718750085 0.017002526388888918
6 0.2800635234375 0.38199013263888887 0.00860752812500003 0.017002526388888838
7 0.446635151953125 0.3309825486111111 0.009563921093749973 0.017002527777777804
7 0.4791524871093751 0.34798507708333337 0.01530227421874999 0.013602020833333365
7 0.537970605859375 0.3275820423611111 0.00860752890624994 0.013602023611111097
7 0.2865988640625 0.36073697222222223 0.011476707812499987 0.008501266666666634
7 0.078902355859375 0.30802913541666666 0.021997021093750003 0.04250631805555554
0 0.371558365234375 0.35280245 0.01052031484375 0.020403036111111127
0 0.349083148828125 0.36725460069444443 0.011476707031249988 0.02890429583333337
0 0.343822992578125 0.37320548541666665 0.012433099218749976 0.027204045833333308
0 0.33378087382812505 0.3817067493055556 0.01530227578125003 0.027204040277777765
0 0.32326056132812503 0.3919082638888889 0.015302277343750026 0.02380353888888891
0 0.31943499257812497 0.4046601618055556 0.01530227578125003 0.028904298611111143
0 0.26444243984375 0.4225128166666667 0.05260157187499996 0.06801011111111105
0 0.239098046875 0.43696496319444444 0.05164517812499998 0.06630985972222227
0 0.21949200625 0.45056698819444446 0.025822587499999994 0.05610834027777779
0 0.197973183984375 0.4514171118055556 0.030604552343750015 0.06460960694444451
0 0.17071600546875 0.4548176173611111 0.062165492187499984 0.07821162638888887
0 0.109985100390625 0.4752206520833333 0.08033694453125 0.08841314583333333
0 0.4198561707031249 0.35450270277777773 0.009563921093749973 0.020403036111111127
0 0.43037648515625 0.36640447291666667 0.011476707812500032 0.027204040277777765
0 0.437071230078125 0.3817067493055556 0.01721506015624996 0.03400505694444441
0 0.438505819140625 0.3893578854166667 0.01625866796875002 0.022103287500000037
0 0.44711334882812503 0.3987092770833333 0.021997021093750034 0.03400505694444441
0 0.459068251171875 0.4165619319444444 0.02677898203125002 0.05950884722222227
0 0.48297805546875 0.4225128152777778 0.04016847343749994 0.06460960555555555
0 0.50832244765625 0.43781509166666666 0.03538651250000004 0.08501264166666662
0 0.554229275 0.4369649645833333 0.08129333593750002 0.12751895694444443
0 0.59583233359375 0.46586926250000005 0.08607529843749999 0.14792199444444448
0 0.76779166640625 0.4964738111111111 0.3136966390625 0.26523943333333333
0 0.0353865109375 0.49477356041666665 0.070773021875 0.1156171958333333
0 0.903599357421875 0.5797861979166667 0.19127843828125002 0.4216626930555556
0 0.30795828554687504 0.41401155138888884 0.019127844531249983 0.025503794444444436
0 0.39977193515625 0.3468515659722222 0.015302274999999987 0.013602023611111097
7 0.911250495703125 0.22613361805555554 0.04973239609375 0.08841314166666668
7 0.8859061011718751 0.3477016951388889 0.01625866796874984 0.02550379305555555