0 0.6622866421875 0.5909439243055555 0.256468390625 0.25471720694444444
0 0.5376344058593749 0.527264625 0.12751780234374993 0.17320770555555554
0 0.4674279746093751 0.5068872479166667 0.06447529296874999 0.10188688194444448
0 0.42945918984375 0.4839626993055556 0.03438682343749999 0.08150950694444445
0 0.4094252703125 0.48007237986111106 0.020008860937499984 0.06381841805555552
0 0.3260703796875 0.5033521458333333 0.08264481093749998 0.11405141944444447
0 0.104217151953125 0.6036797881944445 0.20632093984375 0.4330192541666667
0 0.2732857015625 0.46231173541666665 0.025790117187499996 0.05349061249999999
0 0.218839896875 0.47632118125 0.04871466562500002 0.05094344583333334
7 0.7217471886718749 0.3031134798611111 0.031521253906250025 0.02037737638888891
6 0.34393998750000004 0.34163258055555557 0.005165815624999981 0.022040811111111107
6 0.337844316015625 0.3425509479166667 0.00413265234375002 0.023877545833333336
6 0.27172188124999996 0.4031631798611111 0.006198978124999988 0.023877545833333298
6 0.462650415234375 0.40499991388888884 0.016530608593749996 0.0202040777777778
6 0.437337920703125 0.32602033888888887 0.007232141406250036 0.02755101388888887
0 0.3203838671875 0.43071419375 0.00929846875 0.012857140277777764
0 0.341563709375 0.4536733729166667 0.04959182656249998 0.05142855972222225
0 0.3684259484375 0.4499999041666667 0.022729587500000027 0.036734686111111144
0 0.38134048671875 0.4564284743055555 0.02996172812500002 0.034897951388888834
0 0.1848328703125 0.4683672472222222 0.02376274999999999 0.036734686111111144
0 0.251161935546875 0.462857045138889 0.02582907578125 0.0440816236111111
7 0.42411343046875 0.3710203298611111 0.011364793749999968 0.007346937500000037
7 0.417914451953125 0.3792856340277778 0.015497446093750079 0.009183670833333303