0 0.063121884375 0.6596980805555556 0.12433098437499998 0.31964752500000004
0 0.251052949609375 0.608690495138889 0.05642713984375001 0.06460960694444443
0 0.797631086328125 0.7149562958333332 0.35769067890625 0.3315492916666666
0 0.6159165703125 0.6503466881944444 0.11859263125000004 0.15472300138888886
0 0.558533037890625 0.6290935284722222 0.06503466796874999 0.12241819861111117
0 0.52458111640625 0.5916879673611111 0.062165492187499984 0.09861466250000003
0 0.49062919296874996 0.5967887263888889 0.017215059375000053 0.06460960555555555
0 0.48249986015625 0.5908378409722223 0.020084235937499972 0.042506318055555506
0 0.468153976953125 0.5823365777777778 0.012433099218749976 0.02210328611111107
0 0.28357028320312494 0.6061401159722222 0.02964815703124999 0.05950884861111108
0 0.303176324609375 0.6010393583333333 0.028691767968749993 0.05610834166666668
0 0.322782364453125 0.5993391041666666 0.023909803906250016 0.04930733055555558
0 0.342388404296875 0.5993391041666666 0.022953411718749983 0.039105813888888875
0 0.372514758203125 0.6035897368055555 0.04495043203125002 0.0578085958333334
0 0.436593033984375 0.5814864513888889 0.014345883593749952 0.027204044444444502
0 0.45619907460937503 0.5840368305555556 0.009563921093750061 0.02210328611111115
0 0.427507308203125 0.5846035979166667 0.009563921093750061 0.015302273611111082
0 0.41507420976562504 0.5846035993055556 0.011476707031250033 0.018702781944444365
1 0.39355538554687497 0.5795028409722223 0.027735372656250014 0.02550379305555555
7 0.65458213828125 0.4588253666666667 0.01912784374999994 0.03400505555555561
7 0.65608504140625 0.49562368472222224 0.021040628125000006 0.035705308333333366
7 0.56283680234375 0.5398302590277778 0.027735373437499967 0.04590682916666672
7 0.360559855859375 0.5194272229166667 0.011476707031250033 0.008501262499999976