0 0.5193209578125 0.41044103750000005 0.013389489062500015 0.030604552777777787
0 0.627871471875 0.42999394166666666 0.03156094218750001 0.039105811111111104
0 0.53701421484375 0.42013247361111106 0.02773537499999996 0.04930733333333334
0 0.595354137109375 0.4354347486111111 0.04112486328124998 0.06290935555555556
0 0.493976566015625 0.42952530347222223 0.05260157109375001 0.07421391250000006
0 0.79217966796875 0.5071854083333334 0.16354306562500004 0.14112097777777777
0 0.9447242218749998 0.6423555055555555 0.10902871093749997 0.22443336666666663
7 0.23080932421874997 0.25532129305555556 0.034430118749999974 0.03230480277777777
7 0.20881230390625 0.21536535277777777 0.034430118749999995 0.027204044444444422
7 0.208334108203125 0.30887925555555557 0.04877600234374999 0.05100758333333333
7 0.37586213085937503 0.30292837222222224 0.026778982031249975 0.03570531111111113
7 0.8720703164062499 0.2762910763888889 0.05260157031249992 0.059508847222222196
7 0.756665640625 0.37575586527777777 0.014345885937500035 0.013602024999999981
7 0.4593870578125 0.351952325 0.00956392187499997 0.017002527777777804
6 0.4872818203125 0.24115252222222222 0.010520314062500003 0.039105811111111104
6 0.51262621328125 0.3610203444444444 0.0038255687499999524 0.013602022222222171
6 0.51358260546875 0.3763226194444444 0.005738353124999929 0.017002527777777804
6 0.565705980078125 0.3669712291666667 0.006694746093749959 0.01870278055555556
6 0.54705633203125 0.3805732513888889 0.007651137499999993 0.01870278055555556
6 0.6922685546875 0.3091626333333333 0.00860752812500003 0.039105811111111104
6 0.6353632203125 0.38680750694444443 0.007651137499999993 0.02210328611111115
6 0.7590566203125 0.39615889791666664 0.00765113906249999 0.013602023611111097
6 0.487919434375 0.35223570972222223 0.004781960937500074 0.015302275000000047
6 0.57734210390625 0.38199013402777776 0.005738353125000017 0.01700252916666661
6 0.74582651796875 0.3947420291666666 0.00669474531250005 0.015302274999999968
6 0.8862567808593749 0.3981425347222222 0.011476705468749949 0.015302275000000047
7 0.9101665859375 0.3811400069444444 0.013389490624999922 0.02210328611111115
6 0.23496817734375003 0.14680620069444444 0.020084235937500017 0.07651137361111113