7 0.10138450195312501 0.47528051805555555 0.07679067109375001 0.06500797777777778
7 0.54262613359375 0.5132018374999999 0.013407895312499996 0.015168525000000068
7 0.482290605859375 0.5023671736111112 0.014626792968750024 0.019502391666666657
0 0.48290005625 0.5467892923611111 0.013407895312499996 0.017335459722222248
0 0.47132050937500003 0.5446223569444445 0.012188995312500062 0.02166932500000003
0 0.458522065625 0.5402884923611111 0.010970095312500039 0.03033705416666671
0 0.4463330703125 0.5532900875000001 0.013407895312499996 0.013001594444444464
0 0.388435343359375 0.54353889375 0.046318182031249974 0.032503987500000005
0 0.31342290234375 0.5480573763888889 0.037886123437499995 0.028539363888888877
1 0.164767277734375 0.5229530319444444 0.15236244140625002 0.09534503055555553
0 0.517029243359375 0.5522066208333334 0.013407894531249997 0.015168527777777758
0 0.5316560375 0.548956225 0.008532296874999989 0.02166932500000003
0 0.5395788859375 0.5619578222222222 0.017064593749999978 0.02166932500000003
0 0.5574875292968751 0.5680789833333333 0.027565486718749987 0.04257938611111108
2 0.6313756046875 0.5421224597222222 0.07237546250000007 0.1176802861111111
0 0.594429364453125 0.5760428791666666 0.06094497734374995 0.08017650277777777
0 0.5060591472656251 0.5630412861111111 0.02315909140625001 0.028170122222222222
0 0.8522266140625 0.618298067361111 0.16455143750000004 0.15601914027777777