7 0.3516815484375 0.3424788583333333 0.06243954375000001 0.06203144444444442
7 0.41182552070312506 0.40695890625000003 0.02295571484374994 0.047339784722222174
7 0.5539673234375 0.4526662930555555 0.019282800000000044 0.027750908333333355
9 0.63660789609375 0.47715238819444444 0.026628629687500016 0.08325272638888886
9 0.762772498828125 0.5057195 0.04682965859374999 0.12079807222222219
0 0.223129546484375 0.3832890222222222 0.03856560078125 0.029383313888888866
0 0.27179566250000003 0.39798068055555563 0.01285520156250004 0.019588877777777784
0 0.30347454765625 0.3987968805555555 0.024792171875000026 0.034280533333333335
0 0.8967420710937499 0.6714087715277778 0.205683203125 0.41299881250000003
0 0.505943950390625 0.4698065583333333 0.012855200781249998 0.013059250000000036
0 0.49446609375 0.46817415208333335 0.010100515625000028 0.013059251388888922
0 0.48436557890625 0.4665417458333333 0.010100514062500033 0.013059252777777728