0 0.36622016289062503 0.5397823847222223 0.019282800781249998 0.02285368888888889
0 0.33454127695312497 0.5788240986111112 0.05325725859374999 0.08842201944444447
0 0.2716426171875 0.60018141875 0.12028794374999996 0.13712213194444445
0 0.11738021679687498 0.6475212020833333 0.23231183359375002 0.3003627736111111
0 0.455594416015625 0.6298368090277778 0.21945663046875002 0.3444377430555556
7 0.2529719765625 0.49543533333333334 0.01744634218750001 0.014691658333333319
7 0.47839709296875005 0.44972795555555556 0.02938331718749998 0.01795646944444442
7 0.645230525 0.26235872638888885 0.03152125468750002 0.05094344166666668
6 0.25664489023437503 0.4627872076388889 0.010100514843749986 0.02775090694444447
6 0.444422634765625 0.43993351875000003 0.009182285156249925 0.02775090694444447
6 0.24746260546875 0.5280834611111112 0.01377342812500002 0.021221280555555607
6 0.43845414960937495 0.43830111388888887 0.010100516406250027 0.03101572222222223
6 0.542673093359375 0.40728538680555554 0.011018741406249966 0.040810156944444426
2 0.34204014726562504 0.5280834597222223 0.02295571328124999 0.02285368888888889
0 0.20660143359375 0.5860338847222222 0.0293833171875 0.027750908333333355