0 0.330300737890625 0.5478508013888889 0.05286531015625 0.08252146111111114
0 0.11755010000000002 0.5570198541666667 0.08638965625000002 0.08710598888888883
0 0.24455578515625 0.5306588354166667 0.038681934375000004 0.0527220513888889
0 0.1665472171875 0.5340972256944444 0.060601698437500004 0.08710598472222225
0 0.20651854921875 0.5352433569444445 0.0373925375 0.06647561666666672
0 0.268409641796875 0.5340972256944444 0.014183372656250004 0.04126073194444441
0 0.289040008984375 0.5421201458333333 0.016762172656249998 0.020630363888888958
0 0.30064458828124996 0.5398278840277778 0.011604579687499995 0.029799418055555547
0 0.37027207031250003 0.5509071409722223 0.009025784375000035 0.019866256944444494
0 0.35737809140625 0.5478508006944444 0.009025782812499994 0.02292262916666669
0 0.9081658570312499 0.5696273000000001 0.1830944890625 0.33237810833333337
7 0.437965455859375 0.060362908333333326 0.023209160156249985 0.09169051111111111
7 0.632019825 0.38013356319444447 0.02191976249999996 0.038968465277777795
7 0.391332233984375 0.4939826270833333 0.009025783593749993 0.02750715416666662
6 0.5866760019531251 0.20859591041666667 0.028366750781249995 0.15816613194444445
6 0.58022901328125 0.39770759097222225 0.028366751562499994 0.050429781944444425
7 0.27722053125 0.46876773541666666 0.0103151875 0.018338098611111145
7 0.40781266406249994 0.43916684236111114 0.00750000312500001 0.013333337500000021