7 0.173028392578125 0.02460847777777778 0.34605678515625 0.04159180277777778
7 0.5195725816406249 0.01681001458333333 0.33923313046875003 0.02946085972222222
0 0.41721775820312496 0.4647883756944444 0.011697694531250047 0.02426188472222227
0 0.389435734375 0.4725868381944445 0.016571732812499997 0.03639282638888888
0 0.36652775000000004 0.47431982986111115 0.027294620312500007 0.03985880972222217
0 0.272458792578125 0.47172034236111116 0.024370196093749998 0.020795901388888892
0 0.18277647109375 0.47345333402777784 0.026319812499999994 0.017329918055555598
0 0.107716266796875 0.4725868381944444 0.030219042968749988 0.025994876388888914
0 0.404057851953125 0.4786523090277778 0.030219042968749978 0.034659834722222234
0 0.34264495781250004 0.47691931736111115 0.032168659375 0.045057784722222195
0 0.24223974960937503 0.4838512861111111 0.05556404765624996 0.0519897555555556
0 0.05312702695312499 0.4786523090277778 0.10430443828125 0.11784343749999995
0 0.016571733984375 0.5393070194444445 0.03314346796875 0.09704753611111107
0 0.493252769921875 0.485584275 0.15401963984374997 0.2599487555555555