1 0.1072012546875 0.45323391180555556 0.1364379609375 0.11088291249999997
0 0.475193926171875 0.4934289673611111 0.14423441640624998 0.1995892458333334
0 0.746900379296875 0.4331363826388888 0.09355745859375002 0.11504102361111114
0 0.616859366796875 0.4297736652777778 0.03866270546874997 0.06355292777777785
0 0.344603306640625 0.4428386395833333 0.038982272656250004 0.04296712916666665
0 0.679071222265625 0.4352154388888889 0.06081234765625006 0.07484596666666667
0 0.556666879296875 0.44907580208333336 0.04521943828125004 0.06930182083333333
0 0.405415655078125 0.44561071111111106 0.014033619531249996 0.023562619444444426
0 0.38748380898437496 0.45046183888888885 0.014033619531250041 0.013860363888888906
7 0.345772775390625 0.3901692534722222 0.016372555468749984 0.009702254166666632
6 0.369941785546875 0.3894762361111111 0.005457517968750025 0.013860363888888906