0 0.453285649609375 0.5722338625 0.00974807890624998 0.013863933333333339
0 0.442075359375 0.5722338625 0.010722887499999967 0.013863933333333339
0 0.4289154527343751 0.5731003576388889 0.015596925781250003 0.015596923611111101
0 0.41624295117187504 0.5679013840277778 0.017546541406249984 0.025994876388888914
0 0.406982276171875 0.5756998465277778 0.018521349218750018 0.020795901388888892
0 0.395771986328125 0.5748333493055556 0.01559692578124996 0.02946085972222221
0 0.385536502734375 0.5800323263888889 0.018521349218750018 0.0329268416666667
0 0.378712848046875 0.5912967722222222 0.03411827421875002 0.04505778611111108
0 0.36652775000000004 0.6025612173611111 0.03509308281250001 0.04679077638888892
0 0.33143466796875 0.5947627527777778 0.03509308125000001 0.024261883333333303
0 0.29000533359374997 0.6441530208333333 0.0594632796875 0.10224651111111116
0 0.46547074609375 0.5679013847222223 0.014622117187500016 0.01906290833333336
0 0.48642911484375 0.567034888888889 0.013647309375000027 0.017329916666666712
1 0.524446620703125 0.5748333499999999 0.07603501328124995 0.1161104444444445
1 0.597557209765625 0.6996087527777778 0.41136891171874995 0.23395388333333325
0 0.330947264453125 0.6476190034722222 0.09260674609375 0.09878052916666667
7 0.157965584375 0.5509474909722222 0.028791450000000007 0.059715601388888866