7 0.04825298828125 0.07451864444444445 0.094556359375 0.1455713027777778
7 0.055564047656250004 0.31280500694444446 0.11112809531250001 0.2443518333333333
7 0.023882792578125 0.5120990548611111 0.04581596796875 0.12304241250000006
7 0.31681254999999997 0.49650212847222214 0.015596925000000006 0.050256756944444446
0 0.004386635156250001 0.6862647229166667 0.008773270312500001 0.1386393347222222
0 0.13696050234374998 0.6542043736111112 0.1354982890625 0.17503216111111108
0 0.24370196093750002 0.6542043770833333 0.08578309062500003 0.11611044583333331
0 0.29536677890625 0.6576703583333333 0.03314346874999998 0.07798462500000002
0 0.417217758984375 0.5190310215277778 0.12477540390625 0.04332479305555555
0 0.427940644140625 0.7512519118055555 0.29244235390625006 0.44884485416666675
6 0.30099408515625 0.5908960229166667 0.008773271874999988 0.02252889305555554