6 0.437934966796875 0.19526364791666664 0.008789061718750001 0.04843749583333332
6 0.52230995625 0.1921386486111111 0.008789060937500004 0.04218749722222221
6 0.741157584765625 0.25385739027777776 0.022851560156250006 0.03437499722222223
7 0.8132278886718749 0.18745115 0.02812499609375001 0.04218749444444442
7 0.71566930703125 0.3030761347222222 0.017578123437499916 0.02968749722222223
7 0.10570844531249998 0.18276365069444445 0.04218749374999999 0.029687495833333345
7 0.081977979296875 0.14760740208333334 0.029882808593749997 0.021874995833333324
6 0.267866629296875 0.3155761333333333 0.014941403906250006 0.02656249722222219
0 0.543843156640625 0.3694823756944444 0.04833983828125001 0.10624998750000003
6 0.74115758515625 0.31323238263888886 0.012304685937500004 0.015624998611111076
0 0.714350948046875 0.42495111875 0.19599606953125007 0.2203124736111111
0 0.272261159375 0.375732375 0.06416014843750002 0.037499994444444455
0 0.08449484375 0.41557611944444445 0.1689896875 0.1359374833333334
0 0.874311865625 0.4741698645833334 0.24873043749999998 0.4999999375
0 0.010666728125 0.44916986597222225 0.02133345625 0.08124999027777781
0 0.43969277890625 0.4640136138888889 0.221484346875 0.3046874611111111
6 0.123800596484375 0.2746791881944444 0.017546541406250005 0.02946085972222221
6 0.25734927148437503 0.09444804930555556 0.011697694531250002 0.05718872638888889
6 0.37725063632812506 0.09704753680555554 0.011697694531250002 0.06238770138888889