6 0.35001191406250004 0.23980263194444443 0.008992598437499976 0.0319736861111111
6 0.47291076328125004 0.2175986861111111 0.008992598437500022 0.03375000277777779
6 0.40896339453124997 0.31263158055555557 0.008992598437499933 0.01776315833333335
6 0.44743173359374994 0.3144078965277778 0.007993421875000007 0.017763156944444428
0 0.367997111328125 0.36148026666666666 0.02298108515624997 0.05151315833333329
0 0.5403552535156251 0.3694736861111111 0.051957238281250005 0.07815789444444445
0 0.2445986734375 0.39523026527777777 0.09592105312499999 0.14388158055555555
0 0.59730837890625 0.38812500208333334 0.08592927656249998 0.10835526250000002
0 0.11670393593749999 0.4334210534722222 0.23180921249999997 0.24868421249999997
0 0.32253452890625 0.3703618444444444 0.07793585625000002 0.09769736944444449
0 0.42295188125000005 0.41032895069444447 0.12489720468750005 0.1811842097222222
0 0.728200649609375 0.42187500208333334 0.19983552734375004 0.18651315972222224
7 0.596094998046875 0.21575747013888885 0.01852134921875006 0.019062909722222205
7 0.49958902109375 0.22095644513888887 0.010722885937499971 0.02252889305555554
7 0.502026040625 0.2634147423611111 0.013647309375000027 0.013863934722222224
7 0.5073874835937501 0.27727867638888887 0.008773270312499993 0.010397949999999965