7 0.40990574375 0.50486293125 0.02321831875 0.04613312916666664
7 0.41058863632812503 0.5582802416666667 0.02185253515625001 0.04127701111111111
7 0.1517726671875 0.4101686111111111 0.0942390578125 0.10926267777777773
7 0.171576528125 0.47936830694444443 0.032778801562499994 0.033992833333333375
7 0.189331712890625 0.5364277055555556 0.02458410234374999 0.026708655555555558
7 0.14972399296875 0.6238378479166666 0.027315670312499995 0.04613312916666672
1 0.297911500390625 0.5242874083333333 0.11336003046875001 0.05584536944444444
0 0.39761369296875 0.6554026229166666 0.061460256249999956 0.09469432083333335
7 0.5888233800781251 0.3130462305555555 0.05599712265625003 0.10926267777777778
7 0.5860918128906251 0.21713788124999997 0.03141301796875 0.0631295486111111
1 0.752717397265625 0.4011501111111111 0.4903162679687501 0.8023002222222222
2 0.09577554492187501 0.6384062055555556 0.047802421093750005 0.04127701111111111
0 0.108750488671875 0.654188592361111 0.008194700781249998 0.019424476388888934
0 0.06845987656250001 0.6602587409722223 0.036876153125 0.026708654166666672
0 0.1203596484375 0.6541885916666667 0.020486753125000014 0.024280594444444463
0 0.22279340859375002 0.6675429187499999 0.009560484374999989 0.055845370833333324
0 0.29859439062500004 0.6723990388888889 0.144773046875 0.25494624722222226
7 0.41263731015625 0.591059045138889 0.006828915624999965 0.019424476388888855
7 0.17635676953125 0.6104835201388888 0.006828917187499983 0.03399283472222218
7 0.190697496875 0.6214097881944445 0.005463134374999989 0.021852534722222258
7 0.04524155625 0.5497820319444445 0.088775925 0.05341730833333326