7 0.46882029492187505 0.296417775 0.021061263281249954 0.022881372222222238
7 0.46823526015625 0.33281995833333333 0.019891193750000015 0.016640997222222214
6 0.414997068359375 0.3650618923611111 0.00468028046875002 0.018721123611111067
6 0.43781343671875 0.37754264027777773 0.005850351562500045 0.01872112222222226
0 0.50509247109375 0.3952237006944445 0.014040842187499968 0.0166409986111111
0 0.548385066796875 0.39002338888888893 0.01404084140625006 0.01872112222222218
0 0.395105875390625 0.3848230770833333 0.009360561718749993 0.0166409986111111
0 0.37872489296875 0.39002338750000004 0.009360560937499995 0.014560872222222245
0 0.362343910546875 0.3921035131944444 0.009360561718750039 0.01456087361111113
0 0.350643208203125 0.39314357569444447 0.009360561718750039 0.012480748611111083
0 0.337772437109375 0.39730382500000005 0.011700702343750003 0.02080124722222223
0 0.24943213984375 0.3910634513888889 0.017551053125000004 0.020801247222222152
0 0.214330034375 0.3962637625 0.03627217500000002 0.022881372222222276
0 0.19209870234375 0.39938394930555554 0.01053063125 0.020801245833333346
0 0.16694219257812498 0.3973038243055555 0.032761964843750005 0.0291217458333333
0 0.093227772265625 0.3973038263888889 0.07020421015625002 0.037442244444444446
0 0.40739161132812496 0.3921035131944444 0.010530632031249976 0.01456087361111113
0 0.418507277734375 0.39314357569444447 0.014040841406249971 0.012480748611111083
0 0.41558210390625006 0.39938395069444443 0.012870771874999942 0.012480748611111083
0 0.297405016015625 0.4149848868055556 0.08775526328124998 0.13520810972222222
0 0.46004476953125 0.39938395069444443 0.01287077187500003 0.016640995833333328