7 0.6638441425781251 0.2556162805555556 0.015596925781250003 0.008664958333333316
7 0.6584827000000001 0.2885431222222222 0.008773270312499993 0.015596924999999985
7 0.654583467578125 0.20276003194444445 0.02047096484375004 0.048523769444444455
7 0.59706980546875 0.2452183298611111 0.016571732812499997 0.019062906944444475
7 0.604868268359375 0.28681013125 0.014622117968749926 0.008664959722222242
7 0.597069805078125 0.30414004722222227 0.012672500781249952 0.008664958333333356
7 0.2588114828125 0.2634147423611111 0.016571732812499997 0.010397951388888889
7 0.25734927148437503 0.29287560069444446 0.013647310156249981 0.010397951388888889
7 0.265147733984375 0.22268943680555553 0.011697694531250002 0.032926843055555544
7 0.26563513828124996 0.18196413194444447 0.008773271875000033 0.031193852777777784
7 0.41916737460937503 0.29980756875 0.00974807890624998 0.010397951388888889
6 0.33923313046875003 0.2313543951388889 0.007798462500000003 0.025994876388888914
6 0.34751899765625 0.2322208909722222 0.008773271874999988 0.027727868055555563
6 0.6653063546875 0.30673953541666665 0.01852134999999997 0.020795901388888892
6 0.253450040234375 0.3032735527777778 0.011697692968750006 0.017329919444444446
6 0.56733816640625 0.3405328736111111 0.015596925000000006 0.03292684444444443
0 0.757425696484375 0.3777921965277778 0.017546541406249984 0.0415918013888889
0 0.45328564843749997 0.36392826319444443 0.04094192968749999 0.0693196708333333
1 0.45084862773437495 0.32320295625 0.032168658593749996 0.03639282361111111
1 0.24613898125000003 0.3405328729166667 0.07895943593749996 0.06065470972222222
2 0.40552006328125 0.3370668895833333 0.033143465625000035 0.05372274305555555
2 0.370678209765625 0.3339948236111111 0.039494769531249974 0.0683745111111111
1 0.506900080078125 0.3154044944444444 0.08968232265624998 0.2218229416666667
1 0.043866353125 0.4185175013888889 0.08773270625 0.24781781666666663