0 0.47521882499999996 0.5216305097222222 0.010722885937499971 0.024261883333333303
0 0.48935353867187503 0.5129655513888889 0.023395388281250006 0.041591802777777784
0 0.43866353046875 0.5181645263888889 0.007798462500000003 0.010397950000000043
0 0.368477365625 0.5172980298611112 0.015596925000000006 0.03639282638888888
0 0.41819256562499996 0.5224970055555556 0.017546540624999985 0.01906290833333336
0 0.3197369734375 0.5302954680555555 0.019496156250000007 0.01386393333333326
0 0.30511485546875 0.5311619645833333 0.013647309374999982 0.012130943055555576
0 0.39284756249999997 0.5207640138888889 0.02339538906250005 0.01906290833333336
0 0.348981208984375 0.5120990548611111 0.03119385078125001 0.05025675972222222
0 0.42940285624999996 0.5216305097222222 0.010722885937499971 0.017329916666666712
0 0.45621007226562504 0.5190310215277778 0.021445772656249938 0.0329268430555555
0 0.511774118359375 0.52509649375 0.04484116015625004 0.05892172083333331