0 0.93669655859375 0.45452977777777775 0.039225990625000054 0.0858278111111111
0 0.963853015625 0.44111918333333333 0.029168045312500012 0.05543046111111115
1 0.9789090675781249 0.4679403729166667 0.04117584453125005 0.10192052638888885
0 0.783815770703125 0.4446953416666667 0.043249171093749886 0.05185429999999995
1 0.725479679296875 0.4232383881944445 0.07945777890624992 0.10192052638888885
0 0.655074053125 0.44022514444444444 0.04526075937499998 0.04291390555555555
0 0.5409163589843751 0.43307282708333333 0.046266555468749984 0.05721854027777782
0 0.4639730664062499 0.4125099145833333 0.10560843906250002 0.055430465277777806
0 0.32919658203125 0.42055627083333336 0.08750413593749999 0.0858278111111111
0 0.11244783124999999 0.4196622298611111 0.13075330625 0.11264900416666666
0 0.18637373984375 0.4286026284722223 0.2041763171875 0.12337747638888893
0 0.45492091484374997 0.4393311048611111 0.127735921875 0.08403973472222219
0 0.593720578125 0.43664898472222224 0.07945777812500002 0.0786754944444444
1 0.8627706523437499 0.41072183333333334 0.11868377031250006 0.18774833611111114
6 0.662114615625 0.3374105777777778 0.007040562499999936 0.023245030555555563
6 0.779289693359375 0.33741058055555556 0.006034767968750021 0.019668874999999985
6 0.94725740390625 0.3552913736111111 0.006034768750000019 0.019668874999999985
6 0.9864833945312499 0.3517152125 0.010057945312500038 0.023245030555555563
7 0.7214564996093751 0.37049004583333334 0.02313327734374999 0.032185427777777775
7 0.7214565015625001 0.33562249791666665 0.01911009843749998 0.03397350972222222
7 0.722462296484375 0.2936026319444444 0.021121688281249985 0.032185427777777775
6 0.979721612890625 0.34734350416666665 0.007910150781249925 0.028124980555555526