0 0.09536921875 0.41253008125 0.1231186765625 0.08418371249999994
0 0.018626879296875003 0.45615254861111115 0.037253758593750005 0.12857148611111116
0 0.296405660546875 0.4194178375 0.04649236796874998 0.042857163888888924
0 0.32998348125000004 0.41099946597222214 0.03616073124999999 0.050510226388888906
0 0.586982959765625 0.4446729520833333 0.09556764609375001 0.1668368097222222
0 0.6481118144531249 0.43625458194444444 0.028412002343749965 0.03979593611111112
0 0.6726494523437501 0.4477341784722222 0.03443879218749997 0.05357145416666671
0 0.718280850390625 0.45615255000000005 0.06887758046874995 0.07653064722222219
0 0.779409703125 0.46686683888888886 0.09298473593750005 0.091836775
0 0.897793046875 0.4683974527777778 0.19027431875000006 0.17142865000000002
0 0.9798917109375 0.5181423729166668 0.037634770312500086 0.13316332638888886
0 0.45783749374999994 0.5219689048611111 0.274649359375 0.3704083319444444
7 0.79060231171875 0.24110143402777776 0.05854594531249999 0.032142876388888866
7 0.7912312238281249 0.2885205381944444 0.02152424453124997 0.032142873611111095