6 0.524989119921875 0.3260047715277778 0.014586861718750033 0.04576270138888887
6 0.42974549296875003 0.3854962847222222 0.009438559375000021 0.03355931666666668
6 0.343511398046875 0.4556657631944445 0.008580507031249995 0.015254237499999984
6 0.611223213671875 0.4671064388888889 0.00858050703125004 0.013728811111111128
6 0.5031088265625 0.4480386486111111 0.005148304687500005 0.012203388888888849
7 0.561422578515625 0.4467965395833333 0.007722457031249963 0.013728812500000014
7 0.561422578515625 0.45976263958333335 0.007722457031249963 0.012203387500000041
0 0.5185537390625 0.4953267708333333 0.01544491249999993 0.027457622222222176
0 0.53614377734375 0.5060047368055556 0.023167368749999983 0.030508468055555543
0 0.560169196484375 0.5090555833333335 0.030031772656249966 0.05186440000000003
0 0.5897719453125 0.5182081236111111 0.05491524375000001 0.07932201944444443
0 0.8994469613281251 0.6464312854166667 0.19922006953124996 0.41857249305555555
6 0.28015631484375003 0.43080711666666666 0.006828917187500005 0.01942447777777782