6 0.47676785625000007 0.40476533958333333 0.00922850781249993 0.02578123194444441
6 0.51895532734375 0.4012497173611111 0.009228507812500019 0.023437484722222183
6 0.44051299882812495 0.44226531388888884 0.010546867968750017 0.021093736111111067
7 0.153770032421875 0.27234355555555556 0.04614254765625001 0.028124980555555564
7 0.141245626171875 0.33679663680555555 0.023730452343749996 0.03046872916666668
7 0.15574756953125 0.22898421041666667 0.02109373593749999 0.0398437236111111
7 0.132676296484375 0.18914048819444446 0.027685527343750006 0.03046872916666666
7 0.66727065546875 0.3414841340277778 0.015820301562500028 0.02109373749999999
7 0.6573829671875 0.38484347847222217 0.01186522656250002 0.03281247638888887
7 0.585532430859375 0.3942184715277777 0.013183585156249933 0.018749987499999954
7 0.63563005234375 0.39304659791666663 0.018457018749999943 0.03046872916666664
0 0.474790318359375 0.4574996784722222 0.015820300781249942 0.02343748472222226
0 0.46424345117187504 0.45867155277777777 0.01582030078125003 0.025781233333333375
0 0.44644561171874997 0.46687467222222223 0.027685528125000046 0.032812477777777835
0 0.424692697265625 0.4598434270833334 0.026367169531249957 0.046874968055555556
0 0.407554037109375 0.462187175 0.03164060390625005 0.05156246388888882
0 0.38711948124999995 0.46335904930555555 0.0250488109375 0.05390621249999994
0 0.52422876171875 0.45867155277777777 0.014501943749999935 0.025781233333333375
0 0.53279809140625 0.45632780416666663 0.015820301562499937 0.035156224999999985
0 0.54202660078125 0.4586715513888889 0.015820301562500028 0.030468727777777833
0 0.55257346875 0.45867155277777777 0.021093735937500035 0.03515622500000006
0 0.56707541171875 0.4574996784722223 0.021093735937500035 0.04218747083333333
0 0.5776222796875 0.4598434270833334 0.021093735937499948 0.046874968055555556
0 0.59212422265625 0.46101530069444446 0.029003885937499963 0.058593709722222165
0 0.6145363167968749 0.4586715520833333 0.042187471093749984 0.08671869027777777
0 0.6501319953125 0.45984342638888887 0.06591792343749994 0.1031249277777778
0 0.356797236328125 0.47156216875 0.05668941484375001 0.07031245138888885
0 0.692319466015625 0.47273404236111105 0.10019524296875 0.12421866249999998
0 0.16168018281250002 0.5008590236111111 0.1700682421875 0.1710936333333333
0 0.044255643750000004 0.5418746201388889 0.08851128750000001 0.1687498847222222
0 0.92632809453125 0.5500777395833333 0.1463377906249999 0.23671858749999994