7 0.9666063089843749 0.41736845833333336 0.06674131640625003 0.1881579666666667
7 0.9857076230468749 0.5312204451388889 0.02853868671874995 0.046388254166666656
6 0.8241217027343751 0.57819079375 0.007993421093750008 0.023092106944444406
6 0.8416073117187499 0.5773026354166666 0.006994243749999995 0.024868423611111093
6 0.877577705859375 0.5746381597222222 0.004995886718749887 0.019539472222222225
6 0.8910666046875001 0.5755263194444444 0.003996710937500048 0.01421052777777771
6 0.904555503125 0.57286184375 0.0049958890624999695 0.023092101388888862
6 0.91105015703125 0.5701973708333333 0.005995065625000073 0.017763155555555542
6 0.9155464566406251 0.5719736868055556 0.00499588828125006 0.021315787499999947
7 0.8181266375 0.4369736854166667 0.021981909375000087 0.03552631249999997
0 0.952016440234375 0.6314802673611111 0.01798519765624995 0.023092104166666634
0 0.93602959765625 0.6305921097222222 0.01199013124999997 0.014210527777777789
0 0.89456372578125 0.6332565819444445 0.010990953125000046 0.019539472222222225
0 0.8645883960937499 0.632368423611111 0.016986020312500117 0.017763155555555542
0 0.7946459625 0.6421381611111111 0.012989309375000068 0.026644736111111123
0 0.9175448113281248 0.6376973708333333 0.02697779765624997 0.03197368333333333
0 0.883572772265625 0.6430263201388888 0.02497944140624995 0.03907894861111111
0 0.82062458125 0.6536842138888889 0.06694490156250002 0.07815789444444445
0 0.66725081328125 0.710526320138889 0.14987664687500005 0.18828947638888888