7 0.77405769140625 0.23132795833333333 0.06591792343750011 0.025781233333333337
7 0.7760352292968751 0.2746873048611111 0.06196284765625011 0.02812498194444445
7 0.04095974765625 0.3250778951388889 0.0819194953125 0.05859370972222225
7 0.038982210546875 0.28406229583333337 0.07796442109375 0.03281247777777779
6 0.532138912109375 0.3649216173611111 0.006591791406249925 0.021093734722222222
6 0.502475847265625 0.35320287499999997 0.00791015234375001 0.021093736111111108
6 0.47413113984375005 0.34851537847222225 0.006591792187500012 0.02109373472222218
6 0.442490537109375 0.34499975625 0.006591791406250014 0.018749987499999992
6 0.41019075429687496 0.33914038472222224 0.00527343359375001 0.021093736111111108
6 0.36470738671875 0.34499975555555557 0.006591792187499968 0.023437483333333297
6 0.310654690234375 0.3836716041666667 0.006591791406249969 0.021093736111111146
7 0.390415378125 0.34617163125 0.01582030312499998 0.011718743055555573
7 0.4569924796875 0.35085912638888883 0.01186522656250002 0.011718741666666649
0 0.51038599765625 0.39187472291666664 0.01054686718750002 0.02343748194444441
0 0.501816667578125 0.39890596874999995 0.014501942968750025 0.023437484722222183
0 0.35877477382812495 0.4117965861111111 0.01582030234374998 0.021093736111111146
0 0.390415378125 0.40828096180555556 0.01582030312499998 0.01874998750000003
0 0.4622659140625 0.40359346666666673 0.011865225000000024 0.01874998888888884
0 0.48533718828124994 0.4012497166666667 0.02373045312499995 0.028124980555555526
2 0.441172178125 0.39656222013888887 0.02241209375000004 0.04218747083333333
0 0.40357044843749995 0.4107190388888889 0.007798462500000003 0.010397949999999965