0 0.251797126171875 0.5511506041666667 0.02334922890625002 0.034123200000000034
7 0.282666041015625 0.5138283548611112 0.011996436718749993 0.01492889861111111
0 0.21608581171875 0.5514552847222223 0.025192518749999993 0.03412319999999996
0 0.163301488671875 0.5461235354166667 0.039588244531250004 0.031990498611111126
0 0.091922683984375 0.5450571847222223 0.050385036718749984 0.038388602777777774
0 0.030965795703125 0.5735439541666666 0.06193159140625 0.0917061
0 0.32045481953125 0.5490179041666666 0.05398396874999998 0.06824640000000007
0 0.50819906640625 0.5490179048611111 0.031190737499999965 0.04265400138888885
0 0.6221652234375 0.5511506041666667 0.06478076250000005 0.08530800000000001
0 0.71273832734375 0.5788757041666667 0.08997328281249999 0.1236966
0 0.8441618109375 0.5864925020833334 0.23033160156249996 0.22180080138888889
0 0.96946683359375 0.6526062027777778 0.06106633281249998 0.27298560277777784
7 0.9071431089843749 0.3401656520833333 0.029991094531249908 0.036255901388888866
7 0.620428251953125 0.47985750138888894 0.010796794531250065 0.02985779999999999
7 0.408691129296875 0.4691940013888889 0.011996436718750036 0.034123200000000034