0 0.44197807382812504 0.3539015361111111 0.012474336718749956 0.016632447222222208
1 0.37908662890624995 0.3269508104166667 0.10083421718749999 0.18203290416666665
2 0.430543265234375 0.3357290472222222 0.010395278906250027 0.09240248888888887
7 0.6697267390625 0.06129364652777777 0.07224719687499999 0.07761809027777777
7 0.549401371484375 0.26642717499999996 0.017671975781250016 0.022176599999999998
7 0.139827334765625 0.2645791256944444 0.010395278906250005 0.025872698611111113
7 0.45688337890625 0.30154012013888887 0.01559292031249999 0.009240248611111094
6 0.43713234648437493 0.29553395833333335 0.007276696093750079 0.013860372222222219
6 0.48910874765625 0.2950719472222222 0.005197640624999967 0.011088299999999999
6 0.734437357421875 0.2530288131944444 0.0072766960937499904 0.03973307083333337
6 0.6096939964843751 0.03172485 0.017671975781250016 0.057289544444444444
6 0.26301140468749995 0.024794663888888895 0.01871150468749998 0.047125269444444444
6 0.764843551953125 0.2516427763888889 0.020270796093750043 0.038809047222222205
6 0.582667632421875 0.034225015972222224 0.01975103203125004 0.059137593055555555