6 0.641422016796875 0.11054494027777777 0.016795013281249993 0.07464450277777777
6 0.701119945703125 0.28755904097222224 0.01496424140624999 0.04905210416666669
6 0.609031635546875 0.36860164097222226 0.011996438281249943 0.0362559013888889
6 0.38829718515625 0.31421778958333335 0.011996437500000035 0.03838860138888889
6 0.23654225 0.30675334097222223 0.013196081250000002 0.03199050416666667
6 0.6174291425781251 0.10947859097222222 0.016795013281250083 0.05545020138888889
7 0.287527111328125 0.38886229027777774 0.021593586718750002 0.017061600000000017
7 0.30492194453125 0.37713243958333337 0.013196081250000002 0.010663498611111067
7 0.30372229921875 0.3532206534722222 0.015595368750000027 0.028629273611111117
7 0.628507134765625 0.40341130347222226 0.022155985156249967 0.016301826388888843
7 0.612630567578125 0.4176537409722223 0.014395725781250058 0.01492889861111111
0 0.06379671328125 0.4668202506944444 0.046792429687500005 0.053546320833333286
1 0.19215543125 0.4752366402777778 0.08037613125000001 0.06611370000000005
0 0.358905912890625 0.5829379909722222 0.27711770703125 0.3028434013888888
2 0.506462094921875 0.46883854097222216 0.04438681953124997 0.1087677013888889
6 0.7175993953124999 0.4005921409722223 0.013196081250000002 0.027725098611111085
0 0.76654739140625 0.49133519374999995 0.09044807812499993 0.05139140694444448
0 0.89748820859375 0.6725113916666667 0.20502358281250005 0.5246441999999999