6 0.5718797222656249 0.4124394770833334 0.006094497656250031 0.01733545972222217
6 0.5944293625 0.4254410701388889 0.004875598437500006 0.017335459722222248
7 0.64988929140625 0.4243576034722222 0.013407895312499996 0.02383625694444444
0 0.487166205078125 0.46119546041666665 0.014626792968750024 0.02383625694444444
0 0.515777301171875 0.46081908680555556 0.023093005468749973 0.04908670416666665
0 0.605399459375 0.46119545833333336 0.024377990625000033 0.04983944722222217
0 0.619416804296875 0.4741970534722222 0.013407894531249997 0.02383625694444444
0 0.6285585496093751 0.47419705069444446 0.019502392968750025 0.04117171805555557
0 0.6529365406250001 0.4720301201388889 0.05363157812499999 0.0628410430555556
0 0.66512553671875 0.4893655784722223 0.034129187499999956 0.04550558194444447
0 0.690722426953125 0.4980333111111111 0.056069378906249946 0.05850717777777774
0 0.549939529296875 0.5023671763888888 0.07191507265625008 0.1235151555555556
0 0.0406363296875 0.5359546270833333 0.081272659375 0.18635619583333335
2 0.241760232421875 0.4096726298611111 0.44449376171875005 0.5882058180555556
7 0.7589976968750001 0.34391394722222224 0.01638098281250002 0.02080125
7 0.760167766796875 0.3657552555555556 0.018721122656249988 0.01872112222222226