6 0.85978051953125 0.3777921965277778 0.015596925000000006 0.06238770138888887
6 0.8466206140625001 0.37779219583333334 0.012672501562500039 0.055455733333333354
6 0.8432087867187501 0.5164315340277779 0.011697693750000049 0.06585368472222221
6 0.8310236894531251 0.5120990541666667 0.010722888281249964 0.06412069166666667
6 0.700399437109375 0.4159180138888888 0.016571733593750082 0.06585368611111109
6 0.690651358984375 0.5597563277777777 0.00877327109374999 0.031193852777777822
6 0.470832189453125 0.5389604270833332 0.00974807890624998 0.038125818055555524
6 0.16181810195312502 0.5025676006944445 0.011697692968750006 0.020795901388888892
6 0.07993424296875 0.33879988194444444 0.023395387499999996 0.06758667499999997
6 0.09455636171875001 0.3439988583333333 0.017546542187500003 0.06412069444444445
6 0.11453992226562501 0.48610417777777776 0.010722886718749991 0.036392822222222225
6 0.518110369921875 0.5762197486111111 0.006823653906250016 0.01906290833333328
7 0.65214644921875 0.5805522291666667 0.005848848437500021 0.020795902777777778
7 0.6614071230468751 0.5484918826388889 0.014622116406250019 0.012130945833333347
7 0.654096064453125 0.5051670881944444 0.02924423515625003 0.019062909722222167
7 0.80519128046875 0.5476253840277778 0.015596924999999918 0.024261881944444497
7 0.702349052734375 0.5571568409722223 0.014622117968750015 0.008664959722222202
7 0.469369977734375 0.5684212861111111 0.00877327109374999 0.02079590000000001
7 0.22371840039062502 0.5224970055555556 0.016571733593749992 0.015596925000000065
6 0.22615542031249997 0.54849188125 0.009748078125000026 0.02946085972222221
0 0.073110588671875 0.5805522270833333 0.13842271484375 0.07971761805555554
0 0.960185728125 0.6680683111111111 0.0721357796875001 0.05372274444444448
0 0.989596211328125 0.6854887131944445 0.019163661718750013 0.08473562361111106
0 0.827124457421875 0.6507383930555556 0.12185098046874998 0.06758667777777774
0 0.550766433203125 0.6325419798611112 0.00974807890624998 0.017329918055555518
0 0.564413742578125 0.6342749715277778 0.009748077343749984 0.017329918055555518
0 0.5765988410156251 0.6316754840277778 0.012672502343750036 0.019062909722222247
0 0.58634691875 0.6368744604166666 0.014622117187500016 0.019062912500000015
0 0.600969037109375 0.6360079631944444 0.014622117968750015 0.02426188472222219
0 0.6214400015624999 0.6342749701388889 0.028269426562499957 0.027727868055555563
0 0.5210347933593751 0.6221440291666667 0.03021904296875002 0.03812581666666664
0 0.42794064375000007 0.6117460798611111 0.029244234374999945 0.051989754166666714
1 0.46985738164062507 0.6117460791666667 0.06238770234375002 0.062387702777777714
0 0.38504909921874997 0.609146588888889 0.033143467187499984 0.03639281944444445
0 0.33435909179687495 0.609146588888889 0.04289154609375001 0.03639281944444445
0 0.36506553828125005 0.6126125743055556 0.012672501562499994 0.02946085694444444
0 0.298291201171875 0.6074135993055555 0.03119385234374996 0.02946085694444444