7 0.29536045273437506 0.45870024374999996 0.021524244531250014 0.030612256944444423
7 0.5996654484375 0.434694075 0.01721939531249994 0.024489808333333307
7 0.59880447890625 0.46530633194444443 0.015497456249999963 0.01224490555555554
7 0.624633571875 0.45765326666666667 0.008609698437500058 0.021428580555555576
7 0.23978008125 0.4752553173611111 0.012053576562500012 0.022959195833333328
7 0.29617360195312503 0.4852043 0.012914547656249997 0.015306130555555578
7 0.862261228515625 0.36734710277777777 0.020663274218749982 0.06428574444444446
0 0.561556776171875 0.4982145104166667 0.011192607031250024 0.022959195833333328
0 0.619672235546875 0.5448982034722222 0.04649236796874998 0.11632658194444442
0 0.49956695117187505 0.5081634958333333 0.009470667968750046 0.015306130555555578
0 0.488374344140625 0.5242349305555556 0.02324618359374995 0.0596939055555556
0 0.40012494375 0.5173471708333334 0.018941335937500005 0.036734711111111075
1 0.5409629714843749 0.4934356916666666 0.028412002343749965 0.03979593611111112
0 0.72235364140625 0.5548471888888888 0.19888401718749993 0.22193887500000004
0 0.8781910625 0.6628151909722223 0.24361787499999998 0.38265323472222235
0 0.351580559765625 0.5400512541666667 0.08437503828125 0.09948983888888895
0 0.447752102734375 0.5325815472222222 0.08351406796875001 0.1304688111111111
0 0.57991096328125 0.49756080486111104 0.018941335937500005 0.026020420833333367
0 0.16922838125 0.5595506291666666 0.15153068125 0.11632658333333339