0 0.41526814257812494 0.48523768333333334 0.015596925781250003 0.02079590000000001
0 0.46205891914062497 0.4809052041666667 0.013647310156250026 0.01906290833333336
0 0.533707295703125 0.47743922083333334 0.00877327109374999 0.01906290833333328
0 0.526883640625 0.4783057159722222 0.012672501562500039 0.02426188472222227
0 0.511286715234375 0.4826381951388889 0.028269427343750042 0.039858809722222256
0 0.484966903515625 0.4904366590277778 0.030219042968749932 0.045057784722222195
0 0.4357391070312501 0.5060335840277778 0.05263962343750004 0.06238770138888883
2 0.376763232421875 0.49043665833333333 0.06336251015625001 0.09011556944444439
0 0.348006401171875 0.5164315340277779 0.07603501171875 0.11091147083333329
0 0.06336251015625 0.5779527402777779 0.1267250203125 0.23395388333333333
0 0.18570089453125 0.5970156493055555 0.2875683140625 0.29634158472222216
0 0.9309414929687498 0.6308089881944444 0.13452348281249993 0.5302954680555556