7 0.578753328125 0.17547440763888889 0.026657379687500083 0.08453511805555555
7 0.32694915625 0.17803607638888888 0.02881879062499997 0.07172676388888889
7 0.655483353515625 0.3432638013888889 0.05043288046874998 0.06660342499999995
7 0.5510152429687499 0.3317362847222222 0.01729127343749992 0.04354839166666665
7 0.5049051796875 0.3733634270833333 0.011527515625000007 0.026897537499999975
7 0.4933776640625 0.39962054583333334 0.011527515625000007 0.030740041666666683
7 0.553536885546875 0.39321636875000004 0.010807046093749939 0.025616701388888902
7 0.24193372734375 0.3688805020833333 0.010086576562500005 0.023055031944444457
7 0.46744075351562503 0.42972016944444447 0.010086575781250051 0.016650855555555528
6 0.41619884960937503 0.3678131368055555 0.011527516406250004 0.014089184722222193
6 0.45798609374999993 0.3671727194444445 0.008645637500000003 0.012808350000000008
6 0.4587065640625 0.43377614583333335 0.0072046968749999605 0.015370022222222227
6 0.43601176796874996 0.4222486291666666 0.007925167187500026 0.01280835277777778
6 0.413316971484375 0.42160821041666663 0.008645638281250001 0.011527515277777746
0 0.383470014453125 0.45213478263888884 0.05043288046874998 0.07813093750000001
0 0.34312371015625 0.46238146527777785 0.04034630625000002 0.04995256944444443
0 0.299535291796875 0.47583023125000007 0.04971241171875 0.06660342638888885
0 0.2566673421875 0.4745493972222222 0.04322818437500002 0.05891841388888884
0 0.237935128125 0.470066475 0.023055031250000014 0.03714421944444442
0 0.2174017421875 0.4751898159722222 0.042507717187500016 0.05251423749999999
0 0.145715002734375 0.48671732986111116 0.12247985390625 0.09093929027777779
0 0.6446402933593751 0.46942605694444445 0.08285401796874999 0.061480083333333366