0 0.5146985421875 0.27762526944444443 0.03509308124999997 0.06238770555555557
7 0.668718181640625 0.17191277361111112 0.03899231328125001 0.024261886111111092
7 0.575136630078125 0.18577670625 0.017546541406249984 0.010397948611111119
7 0.5497916257812501 0.18404371458333332 0.01169769374999996 0.006931965277777784
0 0.5341946992187501 0.2637613340277778 0.007798464062499999 0.024261884722222227
0 0.54345537421875 0.26722731944444444 0.012672503125000035 0.03465983333333335
0 0.5502790296875 0.27415928680555557 0.012672501562500039 0.04852376805555557
0 0.565388551171875 0.2767587715277778 0.029244236718749938 0.046790776388888886
0 0.586346920703125 0.28629022708333335 0.028269427343749952 0.06585368749999998
0 0.636549523046875 0.28455723819444445 0.08773270546875 0.17676515694444442
0 0.7276940566406249 0.349544425 0.15889367890625 0.16810019722222225
0 0.890486968359375 0.44832495347222223 0.2173821507812499 0.43498092083333323