0 0.42843888984375 0.5200150736111111 0.06767843124999998 0.09788518888888886
0 0.54372164375 0.4914652263888889 0.03670694687499996 0.06525679166666659
0 0.557486749609375 0.44966009375 0.00917673671874999 0.018353473611111167
0 0.5471629203124999 0.44864045625000004 0.009176737500000077 0.01631419861111117
0 0.5379861835937501 0.45169936875 0.011470920312499988 0.014274923611111174
0 0.5293829921875 0.45067973263888883 0.010323828125000035 0.01631419861111117
0 0.524221078515625 0.4557779173611111 0.011470921093749985 0.014274923611111174
0 0.545442282421875 0.44048335763888885 0.01261801328125003 0.012235648611111098
0 0.530530084765625 0.43742444583333334 0.010323828906249943 0.010196374999999987
0 0.516191433984375 0.46495465486111115 0.01835347265625007 0.02447129861111116
1 0.5712518527343751 0.4445619069444444 0.02523602578124997 0.04894259444444447
0 0.5924730574218751 0.45985646874999997 0.01261801328125003 0.03058912361111115
0 0.6033704312499999 0.4608761055555555 0.011470920312499988 0.032628397222222265
0 0.613694260546875 0.46699392847222215 0.016059288281249983 0.03670694583333337
0 0.637209648046875 0.47311175347222223 0.03555985390625001 0.05302114305555558
0 0.712344178515625 0.5108383388888889 0.029824392968749967 0.06729606944444444
0 0.755933678125 0.507779425 0.09635573437499997 0.09788518888888886
0 0.837033101953125 0.5312310861111111 0.12273885234375 0.1243957638888889
0 0.9213443691406249 0.5587612965277777 0.13994523359375002 0.1590634347222222
0 0.9729635128906249 0.5771147680555556 0.052766236718750116 0.18353473333333337
0 0.38829066757812497 0.4759667555555555 0.02638311796874997 0.028549847222222268
0 0.35674563593749997 0.4688292951388888 0.022941840624999977 0.01835347361111109
0 0.33839216210937495 0.4708685694444444 0.020647657031250023 0.0224320222222222
0 0.310288405859375 0.4769863951388889 0.017206382031249978 0.022432023611111164
0 0.322906419140625 0.4749471201388889 0.012618013281249984 0.018353473611111167
0 0.273581459375 0.4810649444444444 0.02867730156249997 0.01835347222222228
0 0.238021605859375 0.48718276805555555 0.012618013281249984 0.014274922222222288
0 0.215079765234375 0.48820240625000005 0.010323828906250032 0.01631419861111117
0 0.19213792265625 0.48922204375 0.042442406249999974 0.022432023611111164
6 0.4485130023437501 0.37420692708333336 0.006882553124999991 0.026510570833333386
6 0.626885819921875 0.3517749041666667 0.0057354601562500385 0.0224320222222222
6 0.5741195847656251 0.4068353243055556 0.0057354601562500385 0.01835347361111109
6 0.6200032664062499 0.3507552652777778 0.008029643750000037 0.024471299999999967
6 0.727829921875 0.38542293611111106 0.008029643749999949 0.028549847222222268
7 0.38427584531250003 0.44354226875 0.011470920312499988 0.0101963736111111
7 0.447939455078125 0.3976585854166667 0.01261801328125003 0.012235648611111098
7 0.6951377984375 0.4047960486111112 0.013765104687499984 0.010196374999999987