0 0.601699008203125 0.4352676951388889 0.011601558593750028 0.04124998472222217
0 0.575331830078125 0.42468732083333327 0.015820307031250015 0.024374991666666703
1 0.43558578554687505 0.4287051993055556 0.04851560859374997 0.05437498194444438
0 0.402890484765625 0.43433019791666666 0.029531239843750036 0.0431249847222222
0 0.376523306640625 0.4305801979166667 0.025312491406250005 0.05062498472222217
0 0.332226446875 0.4249552013888889 0.0379687375 0.04312498611111116
0 0.301113176171875 0.43245519722222225 0.04324217109375002 0.04312498611111116
0 0.26156240703125 0.43151769722222216 0.03374998750000002 0.04874998055555556
0 0.507831852734375 0.4692855479166667 0.09386715390624997 0.14999994861111116
0 0.11601558476562499 0.4467855555555556 0.15609369453125 0.09374996666666667
0 0.0195117125 0.4699551847222223 0.039023425 0.09187496944444441
9 0.35648424960937497 0.4542855534722222 0.021093742968749975 0.07499997361111117
6 0.28740224296875 0.3112498618055555 0.01371093281250002 0.05999997638888889
6 0.28634755624999997 0.3759373402777778 0.011601559374999982 0.02062499166666664
6 0.3949803296875 0.32999985277777777 0.011601557812499986 0.056249980555555606
6 0.3933983 0.3868748680555555 0.012656245312499958 0.022499994444444442
7 0.47882795859375005 0.35999987499999997 0.012656246874999954 0.018749994444444418
7 0.49306623203125 0.3834373673611111 0.007382807812500047 0.01687499305555554
7 0.5668943328125 0.3993748611111111 0.005273435937500004 0.014999994444444473
6 0.9542809355468751 0.3534373763888889 0.012656244531249961 0.043124988888888896
6 0.955862965625 0.41249985624999996 0.011601557812500118 0.029999987499999985
0 0.732480212109375 0.3393748826388889 0.27316396640624996 0.5512498069444445