7 0.1306242515625 0.48090520347222215 0.031193851562500007 0.03985880972222217
0 0.103329631640625 0.8301030368055555 0.20665926328125 0.33620039583333333
0 0.21104589882812502 0.772047813888889 0.24662638515625002 0.29287560277777785
0 0.37237659687499997 0.7460529381944444 0.07993424218749996 0.10917847916666663
0 0.41185631484375007 0.7165920791666666 0.039967121875 0.07451864444444449
0 0.43476429882812495 0.7174585743055556 0.015596924218750008 0.0415918013888889
0 0.43915093476562495 0.7070606243055555 0.022420580468750017 0.04852376805555549
0 0.4547478601562499 0.7131260951388889 0.006823654687500014 0.015596926388888951
0 0.46010930312500004 0.7131260951388889 0.009748078124999981 0.019062909722222247
0 0.930454088671875 0.8786268055555556 0.11795174921875003 0.23915285833333336
0 0.8383347472656251 0.7399874680555556 0.15791887109374994 0.18716310833333338
0 0.635574715625 0.6914636986111111 0.09358155312499994 0.11784343611111114
0 0.580010668359375 0.7070606236111112 0.025345003906249986 0.062387700000000025
0 0.5712373980468749 0.7009951534722223 0.031193852343750005 0.06758667638888893
0 0.549791625390625 0.7027281451388889 0.01949615703125005 0.04332479305555555
0 0.535656911328125 0.7061941284722222 0.014622117968750015 0.04332479305555555
0 0.5234718132812499 0.7070606243055555 0.01169769374999996 0.031193851388888937
0 0.510799311328125 0.7070606236111112 0.011697694531250047 0.027727866666666757
1 0.49910161679687504 0.7053276326388889 0.017546541406249984 0.027727868055555643