6 0.657382966796875 0.3215622722222222 0.01713866015625003 0.05624996111111113
6 0.426670234765625 0.3567184972222222 0.014501942968749936 0.06562495277777781
6 0.899301745703125 0.5301558791666666 0.010546867968750106 0.028124983333333298
6 0.56905294921875 0.5489058659722222 0.009228509375000016 0.01874998750000003
7 0.8795263691406252 0.45632780347222224 0.036914036718749973 0.02109373472222226
7 0.785922918359375 0.5535933611111111 0.015820302343749936 0.023437483333333377
7 0.689682749609375 0.5746870972222222 0.01845701953124994 0.042187469444444445
6 0.48138211093750005 0.19499985902777778 0.023730451562499956 0.09843743194444446
7 0.23484907773437502 0.4774215402777778 0.03691403671875002 0.025781233333333296
0 0.424692697265625 0.6215620652777777 0.026367169531249957 0.03281247777777775
0 0.47856412382812497 0.6174102791666667 0.026367169531249957 0.028124983333333298
0 0.46415281679687503 0.6218299194444444 0.03145933359375004 0.032276769444444395
0 0.39616672070312503 0.6138946541666667 0.06459956484375003 0.07265620000000005
0 0.3520017109375 0.6396758868055555 0.013183584375000024 0.02109373472222226
0 0.31245095742187495 0.6220977736111111 0.07382807421875 0.08906243888888889
0 0.23862288203125 0.6267852708333334 0.15820301562500003 0.11249992222222226
0 0.5728267546875 0.6232696472222222 0.019775376562500037 0.035156224999999985
0 0.6262202726562499 0.6303008923611111 0.026367168749999958 0.04921871527777771
1 0.6140610441406251 0.6208679576388889 0.03750203984375 0.058709593055555585
0 0.06478083515625 0.6285933125 0.081738225 0.08437494166666666
0 0.516318611328125 0.6285933125 0.02768552734374996 0.037499974999999984
0 0.55389182734375 0.6250776881944445 0.026367170312500042 0.03515622638888887
0 0.644858561328125 0.6379683034722222 0.042187471093749984 0.06562495416666662
0 0.031731238281250004 0.6379683034722222 0.06346247656250001 0.08437494305555554