0 0.379687675 0.54341436875 0.06481496718750002 0.08819814305555554
0 0.496114558984375 0.5619075284722223 0.07041626015624995 0.10242364861111118
0 0.640147816796875 0.6159644555555556 0.09282143359375006 0.09388834722222228
0 0.31047169140625 0.5121182555555556 0.024005543750000014 0.03698631944444439
0 0.21484961210937498 0.4971814715277778 0.07281681484375002 0.12376190972222219
0 0.25445875781250005 0.51496335625 0.009602217187499961 0.05690202638888893
0 0.4204970980468749 0.5377241666666667 0.02000461953124999 0.04552162222222225
0 0.574532666015625 0.5860908909722222 0.06401478203124995 0.06543733194444448
0 0.721366571484375 0.6373027152777778 0.08882051015624999 0.10811385555555562
0 0.27526356171875 0.5078506034722222 0.019204434375000013 0.04267652083333336
0 0.0784181078125 0.5384354416666667 0.156836215625 0.24610127222222217
0 0.32647538710937496 0.5142520805555555 0.011202586718750008 0.027028463888888864
0 0.292067442578125 0.50642805 0.012802957031249961 0.03129611388888883
0 0.3460799140625 0.5149633541666667 0.023205357812499994 0.04552161944444448
6 0.170039264453125 0.41894118194444446 0.01040240078125001 0.041253969444444434
6 0.31567289218749994 0.4082720527777778 0.005601292187499984 0.031296113888888914
6 0.4609064285156251 0.4431245451388889 0.006401477343750006 0.024183362499999975
7 0.5225206558593751 0.4865123416666667 0.012802957031250006 0.011380405555555563