6 0.24175234609375 0.37172672430555553 0.007798464062499999 0.025994873611111143
6 0.354830055859375 0.3821246756944444 0.009748078906250023 0.019062909722222247
6 0.37627582890625 0.3829911715277778 0.007798464062499999 0.02426188472222227
6 0.19886080078125 0.3734597166666666 0.009748078125000004 0.012130941666666612
6 0.23882792226562496 0.4011875847222222 0.009748078906250023 0.015596924999999985
0 0.320224376953125 0.41245203055555557 0.018521347656249975 0.010397950000000043
0 0.373351405078125 0.43584741875 0.021445772656249983 0.032926843055555585
0 0.444999781640625 0.44277938541666667 0.030219042968749932 0.046790776388888844
0 0.46498334257812496 0.4549103277777778 0.02924423515625003 0.06758667777777781
0 0.681390684375 0.5112325583333334 0.169616565625 0.1490372861111111
0 0.290492737890625 0.43064844375000005 0.021445772656249983 0.029460859722222288
0 0.193986762109375 0.43324793125 0.04679077890624998 0.0415918013888889
0 0.12087617265624999 0.4341144270833333 0.0428915453125 0.05718872638888889
0 0.08870751406249999 0.4323814347222222 0.05069000781250001 0.06758667499999997
0 0.039479717578125004 0.44537887361111106 0.07700981953125 0.09358155277777777
0 0.26563513789062504 0.4349809236111111 0.022420580468749972 0.017329916666666632
0 0.331434667578125 0.4904366583333333 0.10527924765624999 0.1490372888888889
0 0.41136891093749994 0.4488448569444444 0.04874039218749995 0.07278565277777777
0 0.8709908105468749 0.5458923930555555 0.2563744632812499 0.24608482500000003
7 0.36701515390625 0.3812581805555556 0.010722885937500015 0.01386393611111111