0 0.24248706953125004 0.3873165527777778 0.05792814843750001 0.0632175166666666
0 0.303897469921875 0.38476746111111104 0.04080371328124999 0.047922958333333314
0 0.6180368308593749 0.38527727847222226 0.04686691015625 0.05913896805555549
0 0.54917034921875 0.36546718680555557 0.015157978124999971 0.02155805972222219
0 0.831835340234375 0.39765858611111105 0.09062027265625003 0.05709969444444446
0 0.91471274296875 0.39307021736111114 0.0567810578125 0.0560800569444445
0 0.9445371371093749 0.4185611527777778 0.10954729296875013 0.10094410277777778
0 0.9855456789062501 0.3782854763888889 0.02753020937500015 0.04282476944444448
0 0.19099083515625 0.38571426805555553 0.02982439374999999 0.040785497222222175
0 0.3378186203125 0.3836749930555555 0.028677301562500014 0.03670694722222218
0 0.36563560390624994 0.37347861875 0.022368296874999992 0.03466767083333337
0 0.38226843789062503 0.3744982583333333 0.008603189843750015 0.030589119444444417
0 0.39545999648437496 0.3688902506944444 0.017779925781250004 0.025490934722222233
0 0.40865155703125 0.3688902534722222 0.014338650000000008 0.019373109722222243
0 0.4232769796875 0.36466604375 0.013765104687499984 0.015294559722222168
0 0.435321446875 0.3621169513888889 0.008029645312499945 0.012235647222222212
0 0.45453523945312496 0.35905803958333327 0.010897374218749967 0.014274923611111094
0 0.5145527472656249 0.35243039583333335 0.008029644531249946 0.00917673611111114
0 0.5163826390625 0.3626510416666667 0.010323826562500037 0.01427492500000002
0 0.5311036312499999 0.3604418215277778 0.005161914062500017 0.01835347361111109
0 0.537576537890625 0.3609516555555556 0.006882552343749992 0.016314197222222247
7 0.7270254820312501 0.39120371875 0.06574175156250002 0.041859306944444404
7 0.90005056171875 0.14737743402777778 0.02408893281250002 0.027530209722222213
6 0.611113303515625 0.21820240277777778 0.006882552343749992 0.03466766944444445
6 0.620576813671875 0.2176925861111111 0.0063090085937499655 0.03160876111111111
6 0.603657205078125 0.21565331180555555 0.008029644531250036 0.037726587499999985
6 0.909424394921875 0.2787836909722223 0.031148349218750048 0.04200850138888887
6 0.446710280859375 0.2367751888888889 0.00537040546875005 0.026732683333333344
7 0.44574361484375 0.31697323680555556 0.012888971874999999 0.026732681944444416