7 0.091698194921875 0.5667457916666666 0.020058980468749987 0.007641516666666664
7 0.088116234765625 0.573113720138889 0.021491764843749993 0.015283031944444442
7 0.0902654109375 0.5871231673611111 0.011462275 0.017830204166666717
7 0.08883262734375 0.6011326152777777 0.011462275 0.020377377777777796
7 0.40619435039062496 0.5782080659722222 0.01862619609374998 0.015283031944444442
7 0.44201395820312506 0.5616514493055556 0.012895058593749998 0.022924548611111106
7 0.447028704296875 0.585849582638889 0.011462274218749968 0.02037737638888891
7 0.435566428125 0.5807552395833333 0.011462275000000055 0.015283031944444442
7 0.49359419257812504 0.613868475 0.010029489843749939 0.030566063888888884
7 0.5992620359374999 0.6558968159722222 0.024357332812499966 0.06367930138888885
7 0.340644468359375 0.5438212444444445 0.01576062734375001 0.02292454999999999
0 0.315212546484375 0.6399769895833334 0.012895058593749998 0.015283031944444442
0 0.323809253125 0.64634491875 0.012895059374999995 0.022924548611111106
0 0.317361723828125 0.6488920916666667 0.011462274218749968 0.017830202777777752
0 0.331689567578125 0.6476185055555556 0.011462274218750013 0.025471722222222267
0 0.34028627304687503 0.6514392638888888 0.011462274218750013 0.03311323888888893
0 0.30160109648437505 0.6387034027777777 0.011462274218750013 0.02292454722222222
0 0.290855214453125 0.6412505756944444 0.012895060156249994 0.028018893055555574
0 0.28154211601562495 0.6450713347222222 0.011462274218750013 0.030566063888888884
0 0.27222901875 0.6476185069444444 0.010029490625000026 0.035660408333333275
0 0.25360282148437496 0.648892092361111 0.02435733359375001 0.048396270833333296
0 0.48141552734375 0.6705430569444444 0.07880313750000001 0.05603778611111115
0 0.23032007695312498 0.6590807798611111 0.03581960703124998 0.04839627083333337
0 0.353539527734375 0.6527128506944444 0.030088469531249995 0.04075475416666663
0 0.386493566796875 0.6692694680555555 0.03868517734374999 0.05603778611111107
0 0.41586564453125 0.6374298159722221 0.025790117187499996 0.017830204166666638
0 0.41801482109374993 0.6501656770833334 0.027222901562500023 0.017830204166666638
0 0.40368697890625 0.6730902263888888 0.06734086250000004 0.06367930277777774
0 0.7536445445312501 0.8042695909722222 0.34100266406249996 0.3820758125
0 0.912540337890625 0.7531987833333333 0.17336690234375 0.4916042138888888