0 0.4961248375 0.6043122951388888 0.006328123437500022 0.016874995833333312
0 0.4903240562500001 0.6080622930555555 0.009492182812499994 0.016874994444444427
0 0.48135921640625 0.60899979375 0.008437498437500057 0.014999998611111051
0 0.510890455078125 0.6118122902777778 0.027421864843750043 0.02812499166666661
0 0.514054516796875 0.6155622902777778 0.029531238281249993 0.016874994444444506
0 0.45326575429687493 0.6324275236111111 0.030297419531250026 0.03564451111111116
0 0.423351423828125 0.6089997930555555 0.025312491406250005 0.01124999722222226
0 0.401202994140625 0.6099372930555556 0.018984367968750027 0.013124997222222214
0 0.383273312890625 0.6183747888888889 0.014765619531249996 0.029999988888888947
0 0.5541326285156251 0.6155622909722223 0.031640614843750026 0.039374987499999986
0 0.5889373015625 0.6268122861111111 0.03585936093749993 0.04687498333333338
0 0.175605407421875 0.6268747736111111 0.03691404921874999 0.01874999444444446
2 0.540020796484375 0.5931443243055555 0.024257805468749984 0.058124979166666674
2 0.28016444921875 0.5853747944444444 0.08964840468749999 0.08249997222222226
0 0.238504308203125 0.6191247777777777 0.010546872656250006 0.01874999444444446
0 0.361902701953125 0.6378747715277778 0.04429685859374999 0.05249998194444443
0 0.118124958984375 0.6599997701388888 0.13078120546875 0.11999995694444444
0 0.28845693164062497 0.6328122770833333 0.058007792968750006 0.0581249763888889
0 0.4139646980468751 0.6496872736111112 0.06433591484374998 0.07687497500000001
0 0.5136326328124999 0.6815622611111111 0.09914059062500007 0.11812495833333338
0 0.634921652734375 0.6459372729166666 0.06960935078125 0.08437496805555555
1 0.8481019660156249 0.6732236875 0.30175164609374994 0.5968421083333333