0 0.75618569140625 0.6641969284722222 0.16005157343749996 0.17538644861111108
0 0.661662480859375 0.6041238118055555 0.06842784609375005 0.07835052916666672
0 0.620821169140625 0.5820324923611111 0.016237114843750077 0.06597939027777776
0 0.604004156640625 0.5768778548611111 0.012757733593749964 0.04742269027777779
0 0.562831470703125 0.5696613583333333 0.020876292968750043 0.06185568333333333
0 0.514120121875 0.586156207638889 0.07422681718750006 0.11546393749999997
0 0.46739698398437496 0.5665685736111111 0.032474232031249974 0.05154640000000007
0 0.588761147265625 0.5675995020833333 0.01739691171875002 0.03711340972222222
7 0.67972214609375 0.5129603180555555 0.010438146874999976 0.047422688888888904
0 0.880208154296875 0.7480661451388888 0.23692673515624998 0.3806248680555555
6 0.598007603125 0.5209373069444444 0.014765620312499995 0.028124988888888917