7 0.10719073671874998 0.3329083145833333 0.0284120015625 0.016836743055555558
7 0.504097802734375 0.2841838034722223 0.023246183593750035 0.015306129166666654
7 0.559773866015625 0.30841850347222227 0.014636486718749975 0.010714287499999978
7 0.49548810585937497 0.32219401875 0.0077487289062499794 0.013775512499999977
6 0.27292741875000004 0.21619907708333336 0.012053579687500005 0.04438777638888887
6 0.42467334140624996 0.17104599722222222 0.012053575000000016 0.04285716388888889
6 0.41068258242187505 0.17640314097222223 0.014636486718749975 0.047449001388888884
0 0.024394139843750003 0.4910716659722222 0.029272971874999998 0.09030616250000002
0 0.375239323046875 0.40025528402777777 0.02152424453124997 0.032142873611111136
0 0.347688290234375 0.4362246861111111 0.059406916406250024 0.0826530972222222
0 0.491900726171875 0.4232144743055556 0.23762765703125005 0.1545919069444444
0 0.790213720703125 0.3221461902777778 0.05682400390625002 0.04285716111111112
0 0.72951535078125 0.37265641805555555 0.1696110453125 0.12244903611111112
0 0.924369440625 0.3266328034722222 0.08523600781250007 0.08265309861111107