0 0.5027707007812501 0.4329897618055556 0.015077321874999949 0.028865984722222196
0 0.46275780859375004 0.42577326597222226 0.013917528125 0.026804129166666652
0 0.48073461562500003 0.4381444027777778 0.040592790625000055 0.059793825000000016
0 0.5207475089843749 0.4360825458333333 0.01855670546874997 0.018556702777777823
0 0.532925344921875 0.4525773951388889 0.03131443828125002 0.03505155416666668
0 0.39490985898437503 0.4474227534722222 0.11713919453125002 0.17319590694444445
7 0.39432996171875 0.3432990256944444 0.013917528125000045 0.030927840277777778
7 0.543943389453125 0.3123711861111111 0.06726805234375002 0.07216496111111112
7 0.512628950390625 0.35051552291666666 0.06030928828125006 0.05360825694444442
7 0.57873720859375 0.3783505777777778 0.013917528125 0.03917526388888888
6 0.58511607578125 0.3206186097222222 0.008118557812499993 0.01855670277777778
6 0.6077320593750001 0.40515470625 0.013917526562500004 0.02680412638888896
0 0.5897552519531251 0.46597945763888887 0.026675261718749965 0.028865981944444504