0 0.3989733890625 0.41938794305555555 0.015497456250000052 0.02448980555555554
0 0.4032782375 0.42244916874999994 0.010331635937500038 0.01836735416666665
0 0.40758308515625 0.43010223333333336 0.01377551562499999 0.02448980555555554
0 0.426524420703125 0.4431124444444445 0.03443878984374997 0.05357145277777775
0 0.355150032421875 0.4094389604166666 0.007748727343749984 0.013775515277777827
0 0.34438791015625 0.41556141111111106 0.01721939687499998 0.022959194444444442
0 0.33104287890625 0.42397978194444447 0.019802304687499994 0.033673483333333344
0 0.30392233007812497 0.42244916874999994 0.03960460859374999 0.05510206527777773
0 0.37495233671875 0.4102042659722222 0.009470667187500004 0.012244904166666733
0 0.7273759988281251 0.5107145201388889 0.09040182734374999 0.07653064583333331
0 0.834638466015625 0.5281890166666666 0.14650832265624994 0.09311227777777778
0 0.25592326445312497 0.4404338715277778 0.07059951953125002 0.07806125972222225
0 0.461479799609375 0.45038285624999996 0.06973855078125002 0.08571432361111112
0 0.364620699609375 0.40905630763888884 0.010331638281250033 0.012244904166666654
6 0.02468113203125 0.10969391249999999 0.0309949125 0.0795918722222222
6 0.5300703886718751 0.14183678263888888 0.025829092968750002 0.08265309861111111
6 0.5060780484375 0.13821434930555554 0.018941334375000007 0.07193880694444445
6 0.611546846484375 0.3785205819444444 0.012914547656249997 0.026020422222222252
7 0.013775516406249999 0.1920919222222222 0.027551032812499997 0.02448980555555554
7 0.017219395703125 0.23265316805555558 0.01205357578125 0.019897969444444445
7 0.015066969921875001 0.014923475694444445 0.02841200234375 0.02984695138888889
7 0.597513023046875 0.2923470715277778 0.028412002343750055 0.016836743055555558
7 0.59579108515625 0.3390307645833333 0.0318558828125 0.07040819583333331
6 0.702551335546875 0.3841838458333333 0.00947066640625005 0.04744899999999998