6 0.43614842109374996 0.31483338958333335 0.013672964062500004 0.031660579166666654
6 0.3932434640625 0.3804443173611111 0.011134495312500015 0.02384598472222221
6 0.588241896484375 0.45523223749999997 0.012614192968749993 0.02691028055555549
6 0.22684524492187502 0.3879565354166666 0.016398450781250018 0.0358803736111111
6 0.33911156953125 0.4215943875 0.0138756125 0.031395327777777815
0 0.42741092578124995 0.48550630138888884 0.03153548437499998 0.04260794166666663
0 0.458315700390625 0.5142853493055556 0.07063948515625 0.10315607361111105
0 0.36497066679687495 0.49186011527777773 0.04036541953125004 0.04933551111111111
6 0.390199054296875 0.4593435173611111 0.012614194531249989 0.020182706944444424
0 0.877106933984375 0.5337205534722222 0.05045677578124987 0.053820562500000016
0 0.9622527417968751 0.5494182180555556 0.06685522734375002 0.04485046666666664
7 0.39355188085937504 0.3624503986111111 0.010517664843749986 0.014958458333333348
7 0.4382519546875 0.2773741798611111 0.009465898437500009 0.028047104166666673