0 0.473414133984375 0.33988053055555556 0.01338949140625001 0.022103286111111113
0 0.46289382031250004 0.3424309076388889 0.00956392187499997 0.03060454861111109
0 0.452851701953125 0.3441311625 0.014345882031250045 0.03740556111111108
0 0.449982525390625 0.3492319208333333 0.01052031484375 0.03740556111111108
0 0.44280958203125 0.3466815402777778 0.01147670468749995 0.04930733055555558
0 0.42033436679687497 0.3517823 0.04112486484374998 0.06630985833333333
0 0.40025013164062495 0.3645341958333333 0.033473725781249984 0.07141061666666665
0 0.371080169921875 0.36368406875 0.06120909921874999 0.10371541805555558
0 0.33760644296875003 0.3840871020833333 0.09181365156249996 0.13431997083333333
0 0.237663458984375 0.41724203541666666 0.19988596953125 0.19382881805555555
0 0.496367546875 0.3424309131944444 0.005738354687500014 0.013602023611111135
0 0.50258409453125 0.3424309118055555 0.006694743749999965 0.017002529166666648
0 0.51501719296875 0.34668154305555554 0.014345882812499955 0.025503791666666664
0 0.520755546875 0.3475316708333333 0.012433098437499979 0.04080606388888886
0 0.5327104500000001 0.3517823027777778 0.01338949062500001 0.042506319444444426
0 0.5460999390625 0.36113369444444443 0.02677898125000002 0.06120910277777776
0 0.5618804117187499 0.35943344097222224 0.02199702031250004 0.07481112083333336
0 0.57813907890625 0.3645341965277778 0.03729929687500002 0.09181364583333335
0 0.637435394140625 0.37048508402777774 0.10615953359375005 0.17512603472222218
0 0.7591841363281249 0.4104410236111111 0.23335969453124994 0.2482369055555555
0 0.093658118359375 0.47024135 0.18649647734375002 0.34685156944444445
0 0.8904011425781249 0.5357010819444444 0.21614463359374997 0.4845720416666666
7 0.6396897515625 0.2544306763888889 0.013389492187500008 0.022103286111111113