7 0.09770085859375001 0.06968417986111111 0.045632737500000006 0.031201870833333326
7 0.36330678710937503 0.13728823333333334 0.01989119140625002 0.045762744444444434
0 0.552273118359375 0.2797767784722222 0.030421824218749994 0.05200312083333335
0 0.519511154296875 0.27353640347222224 0.018721122656249988 0.039522370833333334
0 0.507810451953125 0.27873671527777777 0.02340140234375001 0.058243491666666675
0 0.486749189453125 0.2808168402777778 0.025741544531249973 0.07072424166666669
0 0.4574974351562499 0.2745764652777778 0.04914294687499998 0.10400623611111111
0 0.42415043554687504 0.2870572138888889 0.09009540234374999 0.10816648611111108
0 0.5774296277343749 0.27873671527777777 0.026911613281250003 0.058243491666666675
0 0.59849088984375 0.2922575277777778 0.04329259531250003 0.0894453638888889
0 0.7032121707031249 0.32969977152777774 0.03744224609374998 0.039522370833333334
0 0.6458787324218751 0.31513889930555555 0.08190491171874995 0.11024661250000002
0 0.019306157421875 0.3296997715277778 0.03861231484375 0.09776586249999997