7 0.150607812109375 0.5250964930555556 0.016571733593749992 0.013863933333333339
7 0.158406274609375 0.5441594027777777 0.022420580468749996 0.013863936111111188
7 0.606817883984375 0.5311619638888889 0.022420580468750017 0.015596924999999985
7 0.7520642527343749 0.44971135277777774 0.024370196093749998 0.015596924999999985
7 0.73695473125 0.41765100625 0.037042698437499945 0.020795901388888892
7 0.748165021484375 0.4930361465277778 0.016571733593749992 0.03985880972222217
7 0.52054738984375 0.5796857326388889 0.00974807812500007 0.019062909722222247
6 0.16717954570312502 0.38819014652777784 0.010722886718749991 0.04505778472222228
6 0.5010512328125 0.46530827847222217 0.009748078124999981 0.03639282638888888
6 0.6233896175781249 0.5788192361111111 0.00877327109374999 0.013863933333333339
6 0.149145600390625 0.3942556173611111 0.013647310156250004 0.04679077638888892
6 0.49032834648437496 0.4679077659722222 0.015596925781250003 0.0415918013888889
6 0.7593753121093749 0.5320284604166667 0.025345003906249986 0.038125818055555524
6 0.148170792578125 0.5909501784722222 0.011697694531250002 0.020795901388888892
6 0.46010930312500004 0.5900836833333334 0.007798462500000003 0.012130944444444462
6 0.36116630703124997 0.5848847076388889 0.006823654687500014 0.015596926388888871
0 0.40649487148437496 0.6386074506944444 0.017546541406250026 0.05025675972222222
0 0.5137237347656249 0.6446729215277778 0.02924423515625003 0.0415918013888889
0 0.320224376953125 0.6533378798611111 0.014622116406250019 0.03119384861111109
0 0.303652644140625 0.6524713840277777 0.020470964843749995 0.032926840277777814
0 0.264660330078125 0.6628693354166667 0.024370196093749998 0.05372274305555559
0 0.27879504375 0.64813890625 0.03899231406250001 0.05545573750000001
0 0.22907984335937498 0.6620028388888889 0.06433731640625 0.06931966944444447
0 0.481067671875 0.6464059138888889 0.041916737500000065 0.05892171944444442
0 0.543942778125 0.6516048895833333 0.03899231406249992 0.04852377083333334
0 0.37481361679687497 0.6377409555555555 0.03606788984375 0.07278565277777777
0 0.6867521269531249 0.6611363430555556 0.10625405390624998 0.1507702805555556
0 0.8242000335937499 0.6871312194444444 0.2836690828125 0.24435183333333338
0 0.4333020875 0.6438064263888889 0.04386635312500005 0.07798462777777779