0 0.56695698984375 0.5407626083333332 0.07465040937500005 0.10372879166666667
0 0.45240722304687503 0.5003388881944444 0.027457622656250003 0.04423727916666667
0 0.4768616675781249 0.4904236368055556 0.01801906328124998 0.021355926388888946
0 0.41808519648437503 0.48432194375 0.020593216406250024 0.00915254027777779
0 0.287661492578125 0.4972880423611111 0.01716101484374999 0.00762712083333336
0 0.24046870429687503 0.5026270236111111 0.018877114843750008 0.009152541666666675
0 0.109615974609375 0.5102541381944445 0.028315672656249992 0.015254229166666673
0 0.177401978515625 0.55525413125 0.02145126796875001 0.016779656944444415
7 0.62744956328125 0.48127109513888894 0.003432203124999944 0.015254234722222215
7 0.545076698046875 0.4606778791666667 0.006864405468750068 0.013728811111111128
7 0.515902973828125 0.4629660138888889 0.005148303906250007 0.012203388888888849
7 0.47342946562500005 0.4713558430555556 0.018019065625000063 0.01983050555555555
7 0.44854599570312503 0.4683049951388889 0.02145126796875001 0.019830506944444437
7 0.297958100390625 0.35771179791666663 0.010296608593750011 0.04576270694444441
7 0.29624200039062504 0.4049999236111111 0.012012711718750024 0.05186439722222218
7 0.266210225 0.5026270229166667 0.0068644062500000215 0.021355926388888866
2 0.062208674609375 0.5159744784722222 0.026599571093750003 0.018305081944444464
1 0.028744698046875 0.5159744798611112 0.01801906640625 0.015254234722222215