0 0.039967121875 0.5536908569444444 0.07993424375 0.1784981472222222
0 0.14768338828125 0.5276959819444444 0.16084329375 0.16810019722222225
0 0.2666099453125 0.51296555 0.07700982031249999 0.10744548888888895
0 0.32607322421874996 0.5103660638888889 0.047765584375 0.06758667777777781
0 0.35288044023437504 0.5008346083333333 0.02729461953125001 0.06585368611111109
0 0.37188919296875 0.49216965 0.026319812499999973 0.04505778611111108
0 0.8655529421875 0.5714882368055555 0.26889411562500004 0.28847469305555556
0 0.710147515625 0.5398269243055556 0.09455636093750001 0.13344036249999994
0 0.6248518296875 0.49910161805555553 0.0799342421875 0.10744548888888887
0 0.578061052734375 0.48783717152777784 0.015596925781250003 0.04679077638888892
0 0.565388550390625 0.48783717152777784 0.013647310156249936 0.032926840277777814
0 0.5541782601562499 0.4774392215277778 0.012672503125000035 0.02946085972222221
0 0.43768872382812496 0.49476913611111106 0.06043808671874995 0.07105266111111111
0 0.46985738164062507 0.48177169861111113 0.013647310156250026 0.024261883333333303
0 0.48155507578125 0.4795698277777778 0.011697693750000049 0.023324124999999973
0 0.491790558203125 0.47050725416666667 0.010722886718749968 0.015596924999999985
0 0.5263962375 0.46444178263888886 0.013647309375000027 0.02426188472222219
6 0.5292553265625 0.43151629027777777 0.005998218749999928 0.017061600000000017