7 0.8439306902343748 0.18093736875 0.036914036718749973 0.05156246527777777
0 0.296152746484375 0.43523407013888893 0.06459956484375003 0.0679687041666667
0 0.26912639765625 0.4539840548611111 0.04746090468749999 0.06328120694444439
1 0.24737348359375 0.45164030624999996 0.03823239687499998 0.10546867638888892
1 0.19002488945312498 0.45281218194444445 0.11074211015624999 0.15937489166666663
0 0.11553763671874999 0.498515275 0.164794809375 0.17578112777777777
0 0.381186866796875 0.4328903201388889 0.023730452343749996 0.04453121805555556
0 0.39568881132812506 0.44109343958333336 0.02636716953125 0.046874968055555556
0 0.41744172617187497 0.45281218125 0.043505830468749986 0.06562495416666662
0 0.45501494179687507 0.4668746715277778 0.07119135703124994 0.09843743194444446
0 0.50643092265625 0.49031215486111107 0.09755852812499999 0.1546873930555556
0 0.5947609390624999 0.5219527583333333 0.18720690312499996 0.20859360555555553
0 0.03832303125 0.5453902430555555 0.0766460625 0.2742185611111111
0 0.809653369921875 0.6707807819444445 0.37968723828125006 0.44999969166666665