7 0.34860129296875 0.4047960472222223 0.04703077499999999 0.0224320222222222
7 0.44954539492187495 0.40071749861111117 0.028677303906250007 0.0224320222222222
7 0.571710682421875 0.45475828194444445 0.04358950078125003 0.03670695000000003
7 0.673228333203125 0.5128776145833334 0.02638311953125001 0.04690332083333336
7 0.5312183476562501 0.4527190083333333 0.030971487500000006 0.06117824444444445
7 0.520320972265625 0.44966009097222226 0.057354603906250023 0.07137461805555555
7 0.469734203515625 0.5424470972222223 0.010323827343750036 0.02039274444444443
7 0.356172090234375 0.5434667347222223 0.010323830468749984 0.018353469444444433
7 0.3475688984375 0.44150299305555557 0.087178996875 0.05913896666666669
7 0.427865343359375 0.44864045972222216 0.07341389296874996 0.07749244444444443
0 0.38542293671875 0.5669183972222223 0.013765104687499984 0.016314199999999977
0 0.24547770390624998 0.5730362208333333 0.022941840625000022 0.024471297222222195
0 0.19325283671875 0.5893504166666668 0.07908499843749998 0.07341389166666666
6 0.5664420832031251 0.5690552701388889 0.011958664843750012 0.012755909722222233
0 0.4982776949218749 0.57118125625 0.019133863281250017 0.0255118180555555
0 0.45642236835937505 0.5467324291666666 0.011958664843750012 0.019133863888888904
0 0.22263047187499999 0.5633859840277777 0.015546264062499971 0.02551181805555558