7 0.6882129703125 0.35456232847222224 0.020599571874999965 0.013316895833333339
7 0.68680845390625 0.33541929305555557 0.02528129218749999 0.014981508333333298
7 0.624073394140625 0.3811961180555556 0.021535916406249987 0.013316894444444453
7 0.625946082421875 0.3412454326388889 0.03651742265625 0.05992602638888889
7 0.23923593710937502 0.31377933888888887 0.01966322734374999 0.0382860722222222
0 0.36517422968749996 0.36787922361111114 0.022472260937499967 0.029963013888888865
0 0.345511001171875 0.3745376715277778 0.028090325781250015 0.03662146249999994
0 0.329124978125 0.37620228263888894 0.027153981249999994 0.039950684722222164
0 0.313207127734375 0.38369303680555555 0.029026669531249993 0.04494452083333332
0 0.436336386328125 0.3712084465277778 0.011236130468750005 0.033292237500000016
0 0.446168 0.37953150555555554 0.02528129218749999 0.05326757777777777
0 0.468640260546875 0.3870222597222222 0.04588086484375005 0.06159063888888888
0 0.651227375390625 0.4261406381944444 0.12266108828124996 0.06991369861111107
0 0.5622746785156251 0.5185265979166667 0.12266108828125004 0.16146735138888885
0 0.286521317578125 0.38868687222222226 0.04494452109374998 0.05493219166666666
0 0.47332198124999997 0.40699760208333335 0.0402628 0.061590640277777844
0 0.41620498671875 0.36288538749999993 0.027153981250000035 0.01997534166666664
0 0.38202842421875005 0.4677559361111111 0.0786529109375 0.12318127777777776
0 0.7902744851562501 0.6575216888888888 0.37828304687500003 0.3895191777777777
0 0.034644734375 0.5102035395833333 0.06928946875 0.18144269305555555
0 0.20412303085937503 0.37620228263888894 0.03932645546875 0.043279909722222246