0 0.522668331640625 0.49562368472222224 0.046863217968749996 0.04250631944444439
0 0.420812563671875 0.5100758333333333 0.02677898203125002 0.027204044444444422
0 0.40579720859375 0.5253781090277778 0.04724576875000004 0.051007584722222214
0 0.32670357773437503 0.5168768444444444 0.009563922656250012 0.013602022222222211
0 0.29036067499999996 0.5177269701388889 0.00956392343750001 0.01190176805555549
0 0.309010321875 0.518577098611111 0.010520314062500003 0.017002530555555576
0 0.260712516796875 0.5236778555555556 0.011476707031249988 0.02380353888888883
0 0.386478088671875 0.5245279819444444 0.010520313281250004 0.01870278055555556
0 0.047819608984375 0.5202773506944445 0.01530227421875 0.020403034722222282
0 0.037299294921875004 0.5270783618055556 0.028691764843750002 0.027204045833333308
0 0.0200842359375 0.5236778562500001 0.015302274999999999 0.020403034722222203
0 0.00812933359375 0.5270783618055556 0.0162586671875 0.03060455138888882
0 0.33731952187500003 0.5160267180555556 0.016258667187499975 0.02210328611111107
0 0.3574037578125 0.5177269715277778 0.02582258906249999 0.03230480416666666
0 0.31627889375 0.5168768444444445 0.016258667187499975 0.02380353888888883
0 0.27467583359375 0.5211274770833334 0.024866196875000003 0.03570530972222225
0 0.24168030273437502 0.5330292458333333 0.037299294531249985 0.04250631944444439
0 0.46480660390625006 0.5330292465277777 0.086075296875 0.10371542083333331
7 0.24810501132812499 0.4998743166666667 0.0069197726562499895 0.013602022222222211
7 0.354630226171875 0.4905229270833333 0.0076511367187499955 0.015302276388888853
7 0.37614905078125 0.4794712840277777 0.012433098437500022 0.020403034722222203
7 0.165455848046875 0.47408716875 0.011476705468750015 0.015302276388888932