0 0.46476615585937503 0.3727447881944444 0.019491136718750024 0.04851127361111109
0 0.476850660546875 0.37135875138888885 0.01091503671874996 0.04851127499999998
0 0.431241399609375 0.37343780555555556 0.04911766640625004 0.07761803888888892
0 0.34353128203125005 0.36789365972222215 0.023389364062499984 0.044353166666666666
0 0.38485249375 0.38106100555555555 0.06860880312500006 0.0956365138888889
0 0.5758656378906251 0.3817540236111111 0.023389364843750027 0.07207389444444448
0 0.610225740234375 0.3921492986111111 0.06938844921875002 0.09840858611111113
0 0.65076730703125 0.3859121333333333 0.02105042812500004 0.04158109166666664
0 0.71430841328125 0.4233351173611111 0.14657335156249998 0.1774126625
0 0.5197868640625 0.39977249861111114 0.10369285000000002 0.16355229722222225
0 0.269910484765625 0.41293984375 0.18087775390625 0.1787986986111111
0 0.13497611367187498 0.3741308236111111 0.16294590703125 0.17879869999999995
0 0.04609652734375 0.34710311388888887 0.030406173437499996 0.033264872222222214
0 0.044293603125 0.40531664375000004 0.08858720625 0.1774126625
0 0.8128778902343751 0.40670268055555553 0.04833802109375007 0.044353166666666666
0 0.8545889234375 0.40947475347222223 0.07718490312499995 0.047125237499999965
0 0.9177402089843749 0.41224682638888893 0.04911766484375004 0.03880901944444446
0 0.95555301484375 0.41571191736111107 0.03430440156250007 0.03742298472222221
0 0.9871286582031249 0.4240281347222222 0.024169010156249903 0.03465091111111115
7 0.54949413125 0.2640399388888889 0.02338936406250003 0.015246400000000035
7 0.40058184335937497 0.2744352125 0.01091503671874996 0.024948655555555553
7 0.242313808203125 0.17671964444444446 0.02183007265625001 0.048511275
7 0.427089790234375 0.32849063333333334 0.0077964554687500074 0.024948655555555553
7 0.441376791015625 0.33393576875 0.008576100781250063 0.0180184736111111
7 0.44878342265625 0.33324275 0.00935574531250003 0.016632436111111124
6 0.400153048046875 0.31185819444444446 0.007796455468750052 0.026334691666666684
6 0.5287945535156251 0.2529516458333333 0.0077964554687500074 0.03603694722222224
6 0.601691405859375 0.32571856041666664 0.005457517968750025 0.02079054583333332
6 0.736180253515625 0.19473811944444444 0.010135391406249994 0.04573920277777778
6 0.7615187324218751 0.2037473548611111 0.012474328906249976 0.01940450972222223
6 0.788026678515625 0.24324939166666668 0.012474327343750069 0.03187883888888889
6 0.73306167109375 0.3125512138888889 0.008576101562499971 0.03187883888888889