7 0.511332275 0.29205924166666664 0.02806725624999995 0.047125272222222216
7 0.514450858984375 0.32717218819444444 0.03430442421874993 0.024948673611111142
7 0.51471073984375 0.3719873972222222 0.04417994062500004 0.06283369444444445
7 0.473389501171875 0.41449254236111116 0.00623716796874998 0.018480498611111073
7 0.229880066015625 0.38630978125 0.014033628906249974 0.023100623611111124
7 0.785334536328125 0.27219270624999997 0.019231267968749945 0.03141684861111113
7 0.77987701328125 0.2976033923611111 0.01351386406249997 0.015708423611111123
7 0.795989696875 0.3003754673611111 0.014553392187499981 0.024948673611111104
7 0.793390876953125 0.40756235555555553 0.009355752343750013 0.034188922222222196
7 0.8349719988281251 0.41634059097222226 0.017671975781250106 0.024024648611111133
7 0.486989996484375 0.4135685145833334 0.01091504453124994 0.011088298611111153
7 0.36354604414062497 0.44036523958333335 0.00623716796874998 0.012936348611111094
6 0.24391369296874998 0.38826050347222224 0.010915043749999987 0.03418892083333331
6 0.25171015390624996 0.38964654236111107 0.0067569328125000275 0.031416848611111055
6 0.2400154640625 0.39103257916666667 0.0072766968750000325 0.030492819444444465
6 0.491436882421875 0.37365519097222216 0.006756932031249985 0.025872695833333383
6 0.4864991249999999 0.37365519097222216 0.007276696874999988 0.02402464583333336
6 0.46181033515625 0.41292625208333333 0.005717403125000064 0.015708423611111123
6 0.373710334765625 0.43695089930555553 0.005197639843750013 0.017556470833333372
6 0.370071987890625 0.436026875 0.0031185820312499947 0.017556472222222258
6 0.64377496640625 0.3594168111111111 0.007796459374999998 0.030492822222222236
6 0.751366114453125 0.3247658743055556 0.008835988281249919 0.0369609958333333
7 0.3100392453125 0.44904722499999994 0.012994099999999963 0.02310062222222224
2 0.24662803710937498 0.5077228048611111 0.07848436484375002 0.10164274027777777
0 0.24195016015624998 0.5220451909722222 0.05457522187500001 0.06930186527777783
0 0.22141948124999997 0.5465318486111111 0.03950206406250003 0.07946613888888888
0 0.405415940625 0.4984825583333333 0.025988199999999972 0.05174539444444438
0 0.372151043359375 0.5086468326388889 0.06652979140625001 0.09055444027777773
7 0.353699422265625 0.4550533861111111 0.009875516406249974 0.014784397222222228
0 0.30718054296875 0.5426677409722223 0.10083421718749999 0.11827518750000002
0 0.450895291015625 0.5200291326388888 0.09095870390625001 0.13398360972222226
2 0.893521569921875 0.40053591736111116 0.21102418671874998 0.13860373472222223
1 0.624283815625 0.45069675555555555 0.05613451406249999 0.05306646388888889
0 0.546319215234375 0.4767679715277778 0.03014631328124997 0.03418892083333339
0 0.583059707421875 0.4796362958333333 0.045739232031249966 0.050821369444444445
6 0.6423128039062499 0.4394412138888889 0.008316223437500003 0.018480497222222267
0 0.829774357421875 0.4514535368055555 0.025988200781250016 0.031416848611111055
2 0.7177652140624999 0.4462174006944445 0.15229085312499996 0.21437377638888894
1 0.110202151171875 0.48884526666666667 0.21726135390625 0.8574951083333333