7 0.265132696484375 0.30454802152777777 0.02594988671874998 0.06798566805555556
0 0.4346605914062501 0.5159626458333334 0.010926268750000023 0.016996416666666646
0 0.44148950859375 0.5171766756944445 0.00819470156250004 0.019424476388888934
0 0.44695264257812506 0.51232055625 0.008194700781249953 0.02428059583333327
0 0.45378156015624993 0.5135345854166667 0.010926267187500028 0.026708654166666672
0 0.46061047695312496 0.5147486173611111 0.01365783515624992 0.03399283472222226
0 0.470170960546875 0.517176675 0.016389400781249997 0.04370506944444443
0 0.47836566367187505 0.5208187652777778 0.010926267968750025 0.06070148611111108
0 0.48656036132812497 0.5171766763888889 0.016389400781249997 0.06798566666666667
0 0.522753624609375 0.5026083201388889 0.07238652421874994 0.1262590958333333
0 0.54733772734375 0.5414572701388889 0.0778496578125 0.09226625972222224
0 0.423734322265625 0.5086784673611111 0.010926267968750025 0.01699641805555553
0 0.415539622265625 0.5123205576388888 0.008194700781249953 0.019424476388888855
0 0.40734492031249997 0.5159626458333334 0.0163894 0.02185253611111114
0 0.427148781640625 0.5171766756944445 0.012292050781250018 0.019424476388888934
0 0.373883226171875 0.5208187645833334 0.04507085390625001 0.07041372638888888
0 0.312422969921875 0.52810294375 0.10516532734374998 0.14811163194444446
0 0.12053039179687501 0.5147486173611111 0.06282603984375001 0.05827343194444441
0 0.0030730125 0.5378151812499999 0.0054631328124999995 0.04127700972222222
0 0.8341522570312498 0.6094429375 0.32915381718749986 0.4030578805555556