6 0.31263222734375 0.3953903451388889 0.013183584374999979 0.04921871527777778
6 0.396347990234375 0.3367966354166667 0.009228510156250013 0.04921871527777775
6 0.581577355078125 0.5699996 0.007910150781249925 0.018749986111111068
6 0.5552101855468751 0.5723433493055555 0.007910150781250014 0.023437484722222183
6 0.1003765140625 0.48445278541666664 0.015820301562500007 0.0398437236111111
6 0.33174842578124997 0.3907028493055555 0.017138660937499984 0.053906212500000016
6 0.5611427984375 0.5864058388888889 0.006591792187500012 0.018749986111111148
7 0.63035661953125 0.544218370138889 0.015820303124999935 0.028124981944444412
7 0.469516884765625 0.5184371368055556 0.015820300781249942 0.0374999736111111
6 0.5552101855468751 0.43523406736111114 0.013183585156250021 0.04453121805555556
0 0.551733019140625 0.6123879527777778 0.014501942968750025 0.023437483333333377
0 0.5458004062499999 0.6229348180555555 0.015820301562500028 0.035156224999999985
0 0.537231076171875 0.6252785666666666 0.01713866015624994 0.03984372222222221
0 0.5260250289062499 0.6334816854166667 0.023730451562499956 0.046874968055555556
0 0.473949869140625 0.6416848076388889 0.02768552734374996 0.02578123194444449
0 0.589965414453125 0.6159035722222221 0.014501942968749936 0.03984372222222221
0 0.60117146171875 0.6182473229166667 0.015820301562500028 0.0351562236111111
0 0.570190037109375 0.6138946548611112 0.019775377343750032 0.03046872916666664
0 0.626879451953125 0.6349883909722223 0.038232396093749975 0.06328120694444439
0 0.50559047265625 0.6349883909722223 0.03823239531250007 0.04921871527777771
0 0.7918555312500001 0.6063277006944444 0.027685528125000046 0.05859370972222225