7 0.037669793359374995 0.09248034097222223 0.037071860156250004 0.03614174305555556
7 0.061587123046875004 0.17326776458333334 0.02511319609375 0.010629923611111123
7 0.043649126171875004 0.19452761111111114 0.037071860156250004 0.023385833333333314
7 0.163833706640625 0.28169299166666667 0.016742130468750015 0.010629925000000009
7 0.03886566015625 0.23279533958333332 0.008371067187499998 0.05314961805555558
7 0.23797742695312502 0.24342526388888888 0.023917327343750027 0.027637802777777765
7 0.23977122734375 0.27425204583333335 0.013154531250000013 0.021259847222222204
6 0.069958187890625 0.2466142423611111 0.02032972890625 0.03401575972222221
6 0.198513834765625 0.2763780305555556 0.009566932031250008 0.017007877777777757
0 0.11540111484375 0.34972450555555556 0.06816438906250001 0.07015749722222217
0 0.986948621875 0.38905522638888895 0.02272146406250002 0.09779530277777779
0 0.9265573667968748 0.3305906416666667 0.03826772734374995 0.023385830555555584
0 0.9666188914062499 0.35291348333333333 0.05381399062500005 0.042519697222222264
0 0.8745371746093749 0.33165363541666665 0.04903052578124996 0.02551181805555558
0 0.7627236582031249 0.33165363541666665 0.026309061718750026 0.03401575694444444
0 0.711899332421875 0.3369685972222222 0.03946359296875004 0.0361417416666667
0 0.664064675 0.3380315888888889 0.04424706093750004 0.038267725000000044
0 0.728641463671875 0.37417333194444446 0.06577265703125006 0.06803151388888888
0 0.794414119921875 0.35185049166666665 0.07533958828125006 0.0446456805555556
0 0.6419411449218749 0.3848032555555556 0.07175198828125007 0.09779530000000002
0 0.45419010820312505 0.3274016659722222 0.026309061718750026 0.01700787916666668
0 0.502024767578125 0.32527568125 0.031092528906249937 0.02125984861111109
0 0.55583875859375 0.3263386743055555 0.019133864062500016 0.01913386527777779
0 0.5713850234375 0.3327166284722222 0.03109252812500003 0.010629923611111123
0 0.606065148828125 0.3348426118055556 0.04065946015624995 0.031889770833333365
0 0.5923126859375 0.3486615138888889 0.02511319687499993 0.021259847222222246
0 0.608456883984375 0.3646064006944444 0.03348426171874994 0.044645681944444404
0 0.471530172265625 0.33484261388888886 0.03228839453125003 0.014881894444444457
0 0.43146864453125 0.3327166270833333 0.023917328125000026 0.01913386527777779
0 0.50979789921875 0.3274016673611111 0.041855328124999945 0.0212598513888889
0 0.55882842578125 0.3848032569444445 0.09208171875 0.09354333333333334
0 0.5396945621093749 0.35185049166666665 0.02989666171875003 0.03188977222222225
0 0.47930330390625003 0.38374026388888893 0.0908858515625 0.09566931666666668
0 0.409943048828125 0.3794882916666667 0.08371065234375 0.09141734444444446
0 0.30410884843749997 0.36779537638888893 0.15426677500000002 0.1105512111111111
7 0.49963301601562493 0.32952765069444445 0.011958664843750012 0.021259848611111132
0 0.8237128480468752 0.43476390000000004 0.30614181640625004 0.18921265