7 0.810971728125 0.1528123875 0.05009762031250009 0.14062490277777775
7 0.702207155078125 0.36023412083333334 0.01713866015625003 0.021093736111111108
0 0.383823584765625 0.4516403083333333 0.013183585156249978 0.025781233333333296
0 0.482041291015625 0.45632780416666663 0.011865227343749929 0.016406238888888917
0 0.49061062109375 0.4551559298611111 0.01318358593750002 0.01874998750000003
0 0.50115748828125 0.4528121826388889 0.015820301562500028 0.02343748472222226
0 0.5473000347656249 0.4504684333333333 0.013183585156250021 0.07031245277777781
0 0.6725440898437499 0.49031215624999996 0.12919913124999996 0.16406238750000005
1 0.606626166015625 0.41765595625 0.12128897890625004 0.2156248513888889
1 0.21836959648437498 0.40007784305555555 0.14106435546874999 0.18046862499999997
1 0.31460976484375003 0.4469528118055556 0.0250488109375 0.04453122083333333
0 0.30274453867187495 0.46218717430555556 0.030322244531250007 0.03281247638888895
0 0.368003283203125 0.45281218194444445 0.023730452343749996 0.03281247777777775
0 0.41678254648437496 0.4457809361111111 0.018457017968750034 0.03281247777777775
0 0.44644561171874997 0.4492965590277778 0.02241209375000004 0.02109373472222218
0 0.518296149609375 0.44695281041666673 0.02373045390625004 0.03046872916666664
0 0.8340430015625 0.541874620138889 0.32036110781249993 0.30937478749999997
0 0.139177453515625 0.5254683819444443 0.27835490703125 0.3937497305555555