0 0.134954183984375 0.5335519965277778 0.26990836796875 0.5886753013888889
0 0.35415341953125 0.44202650763888884 0.06552392968750001 0.08528511527777777
0 0.95203168203125 0.5106706243055555 0.09589056874999997 0.16849010416666668
0 0.84207268046875 0.47218831666666666 0.19423164687499997 0.15392923055555557
0 0.502752330859375 0.41186469861111114 0.03978238515624995 0.06656399166666671
0 0.5869973828124999 0.4233053840277778 0.04680280781249992 0.0520031180555555
0 0.5624259078125 0.4149848861111112 0.014040842187499968 0.03120187222222223
0 0.592262698046875 0.3973038243055556 0.03159189453125002 0.020801248611111114
0 0.37872489257812497 0.42642557152777777 0.035102105468749964 0.07072424027777784
0 0.397446016015625 0.4118646993055555 0.03276196328125005 0.05408324583333339
0 0.41733720781250006 0.4066643875 0.011700701562500004 0.04784286944444444
0 0.4395685421875 0.4077044479166667 0.028081684374999936 0.0291217458333333
0 0.47642575078125005 0.39938395069444443 0.01287077187500003 0.020801248611111114
0 0.45945973437499993 0.4004240118055555 0.011700701562500004 0.018721120833333375
0 0.534344225390625 0.40458426249999996 0.021061263281249954 0.03120187222222223
7 0.3752146828125 0.3494609576388889 0.011700703125 0.024961495833333323
7 0.5630109437499999 0.34738083125 0.00819049218750001 0.02496149583333336
7 0.418507277734375 0.34348047847222224 0.014040841406249971 0.01196095416666666
9 0.29974515664062495 0.4045842618055556 0.015210913281250038 0.04784286805555548
7 0.2695781140625 0.2939802645833334 0.01998355312500002 0.026644737499999967
7 0.9620082164062499 0.26911184375 0.027976973437499986 0.055065790277777776
6 0.433043587890625 0.34726973819444446 0.00399671015625005 0.01953947361111111
6 0.44303536445312497 0.3499342125 0.0039967101562499606 0.01776315833333335