6 0.54844962578125 0.3909949902777778 0.010796793749999978 0.034123200000000034
6 0.46447456328125 0.4315162895833333 0.008397506249999954 0.025592398611111063
7 0.48906726015624996 0.44644519097222224 0.00959715000000001 0.012796201388888859
0 0.5046626300781251 0.48270108888888885 0.040787889843749967 0.05971559999999998
0 0.39429540390625 0.49336459097222224 0.0215935875 0.029857801388888876
0 0.37450128203125 0.4869664902777777 0.017994656250000008 0.025592400000000026
0 0.355906803125 0.49229823888888896 0.0263921640625 0.03199050000000001
0 0.28452800156249997 0.5018953909722222 0.03478966875 0.04691940138888889
0 0.2563363734375 0.5050944402777778 0.03359002656250003 0.04905210000000003
0 0.22334616835937499 0.5061607909722222 0.04198753046874999 0.055450201388888905
0 0.171161665625 0.5008290395833334 0.0695793375 0.0831752986111111
0 0.105181258984375 0.5189569902777779 0.07437791328125001 0.08104259999999996
0 0.03219668515625 0.5338858916666667 0.0643933703125 0.0938388027777777
1 0.559020662109375 0.46525825555555556 0.02816225078125001 0.06437085833333332
0 0.5399105636718751 0.47062249375 0.014081125781249959 0.028609270833333353