0 0.27389229453124997 0.3854127381944445 0.019936701562500003 0.018565393055555605
0 0.451423867578125 0.3946954333333333 0.010443033593749984 0.02025315555555562
0 0.4357593171875 0.3983120736111111 0.020886067187499968 0.030379733333333388
0 0.46566436796875 0.39746819375 0.019936701562500048 0.032067498611111175
0 0.4865504339843749 0.3972270770833333 0.010443032031249988 0.018565390277777757
0 0.5060124531250001 0.3980709618055556 0.02278480000000007 0.030379734722222197
0 0.550090194921875 0.40614812083333335 0.026582267968750007 0.06244723055555552
0 0.567653479296875 0.4092825333333333 0.03702530234374999 0.05907170555555549
0 0.571450946875 0.41687746805555553 0.025632901562499998 0.06413499444444441
0 0.7575268351562501 0.41940911527777774 0.1775315734375001 0.20759485555555554
0 0.9008812062499999 0.45485213611111114 0.19462017343750002 0.40337536388888884
6 0.442879568359375 0.3068112069444444 0.004746833593749944 0.02194092222222221
6 0.500790936328125 0.3025917979166667 0.006645566406250048 0.023628684722222223
7 0.393037814453125 0.3394814680555555 0.009493664843750027 0.016877627777777782
7 0.818286304296875 0.25340555555555555 0.04082276953125001 0.09789025555555553