7 0.116451955859375 0.3351871604166667 0.04162683984375 0.08970093194444446
6 0.439375316796875 0.37106753333333337 0.02144413046875 0.049335513888888925
6 0.586330673828125 0.3284595909722222 0.015137032031250008 0.07624579305555557
7 0.6336339 0.3576123944444445 0.026489807812500033 0.053820558333333365
7 0.1845876953125 0.3150745298611111 0.04793393593750002 0.033637851388888904
7 0.307576084765625 0.4182306041666667 0.02396696796875002 0.015697663888888908
7 0.294961891796875 0.40253294027777775 0.02144413046875 0.015697663888888908
6 0.16062072773437502 0.3984216409722222 0.03279690390625001 0.05830560694444442
6 0.2899162140625 0.4533634618055556 0.026489807812499988 0.02915280138888884
0 0.05727991328125 0.6715656597222223 0.1145598265625 0.2870429861111111
0 0.40468628359375 0.6076537465277778 0.146324646875 0.25340513749999993
0 0.8215853871093749 0.6155025770833333 0.3544588445312501 0.49335513472222225