0 0.513723734765625 0.4514443444444445 0.056538855468749996 0.07451864444444449
0 0.650196833203125 0.44277938541666667 0.025345003906249986 0.039858809722222256
0 0.7111223234375 0.44797836180555556 0.032168659375 0.04332479305555555
0 0.830048880859375 0.47743922083333334 0.08090905078124991 0.10224651111111108
0 0.6107171152343749 0.4263159645833333 0.014622117968750015 0.02426188472222227
0 0.760837523828125 0.45664332013888886 0.028269427343750042 0.039858809722222256
0 0.7915439707031251 0.46097579930555554 0.02924423515625003 0.0415918013888889
0 0.630213272265625 0.42371647708333326 0.010722886718749968 0.019062909722222247
0 0.6672559703125 0.42891545277777776 0.010722885937499971 0.008664961111111088
0 0.7354925199218749 0.42891545208333337 0.014622117968750015 0.019062909722222247
0 0.9475132265624999 0.5805522277777778 0.09748078593749998 0.256482775
7 0.7452405984375 0.35959578263888886 0.04386635312500005 0.039858809722222215
7 0.6862647234375 0.35699629513888886 0.04289154531249997 0.027727868055555563
7 0.290005334375 0.34313236180555556 0.04191673750000002 0.034659834722222234
0 0.9899173675781249 0.4263159645833333 0.018521349218749882 0.027727868055555563
0 0.972370826171875 0.42284998124999995 0.026319811718749975 0.020795901388888892