0 0.324155120703125 0.30204095625 0.009470667968750002 0.012244901388888884
0 0.34051354570312503 0.3112246340277777 0.012914546093750002 0.021428579166666652
0 0.35687197109374996 0.3076532013888889 0.018080364062499975 0.031632669444444435
0 0.38281176640625 0.3194170520833333 0.03311043281249999 0.021778434722222233
0 0.41145746406249994 0.3211225916666666 0.014636485937500065 0.030612258333333347
0 0.43619189296874994 0.3194170520833333 0.03138849375000001 0.06157437083333335
0 0.4579498308593751 0.32571443194444444 0.01463648828124997 0.055102063888888886
0 0.47301680234375 0.3308966486111111 0.015497454687499967 0.0722886611111111
0 0.49023619804687507 0.32877565625000005 0.022385214843750046 0.07959187083333334
0 0.503581228515625 0.33336749583333336 0.021524242968750062 0.08265310000000001
0 0.5307017765625 0.3379593340277778 0.04304848906249994 0.09183677638888885
0 0.756792430859375 0.33489810833333333 0.02927297265625004 0.030612258333333347
0 0.315545422265625 0.29732156319444447 0.006026788281250006 0.013775518055555559
0 0.286702933984375 0.3065052409722222 0.01205357734375001 0.019897968055555517
0 0.274649358984375 0.3110970777777778 0.013775516406249988 0.026020419444444443
0 0.2488202640625 0.32640321041666664 0.036160731250000036 0.050510226388888906
0 0.22962064296875 0.30948994305555555 0.01635842656250004 0.021428580555555538
0 0.21326221796875 0.3171430069444444 0.01635842656250004 0.030612258333333347
0 0.20163912499999997 0.3240307652777778 0.015497456250000008 0.04132654722222221
0 0.189155062890625 0.32250015416666666 0.021524244531250014 0.04744900277777779
0 0.16720033476562499 0.32709198958333335 0.02238521484375 0.04132654861111114
0 0.146106573828125 0.33091852222222223 0.021524244531250014 0.042857163888888924
0 0.1202774796875 0.3347450548611111 0.03185588125000001 0.05663267916666667
0 0.092123765234375 0.34163280208333335 0.027551032031250013 0.07653064583333334
0 0.049075276953125004 0.3515817861111111 0.05510206484375 0.10255106944444445
0 0.01162309140625 0.36306138125000004 0.0232461828125 0.09795922638888889
0 0.59250375 0.36117682152777775 0.11364800937500004 0.1056122930555556
0 0.30321790546875 0.3106665923611111 0.01721939531250003 0.022959193055555556
6 0.361763851171875 0.24485023819444443 0.00860969765624997 0.016836743055555558
6 0.2532816578125 0.23949309305555555 0.01377551562499999 0.01836735277777777
7 0.37681777578125 0.27551032847222223 0.006887756249999999 0.015306129166666693
7 0.399202990234375 0.26479603749999997 0.010331636718750037 0.009183677777777769
7 0.31396698125 0.27193889930555554 0.01033163749999999 0.009183679166666694
6 0.28770740312500004 0.2757654319444444 0.007748728125000026 0.013775516666666673
6 0.30191340625 0.28112257777777777 0.006887757812499995 0.009183677777777769
6 0.33893510703125 0.2727042041666667 0.008609698437500013 0.016836744444444444
7 0.47453784453125003 0.25510215625 0.006026787500000008 0.012244904166666654
0 0.27264043359375 0.2918368666666667 0.01377551562499999 0.015306130555555578
7 0.6191807796875001 0.2788266576388889 0.02324618281249995 0.047449001388888905
7 0.845615830859375 0.2030613173611111 0.01291454609375009 0.021428581944444462
6 0.883231996484375 0.23582372291666667 0.013775516406250077 0.022959193055555556
6 0.8690259953125 0.2618441416666667 0.007748728125000071 0.016836741666666672
6 0.85051514453125 0.2733237361111111 0.006887757812499906 0.015306130555555538
0 0.9340292124999999 0.34526254652777777 0.12570158750000004 0.11938780694444447
0 0.8975609898437501 0.3388777041666666 0.08179212812499995 0.10408168055555554
0 0.8588173496093751 0.3342858645833333 0.0507972164062501 0.07959187083333331
6 0.9031572949218749 0.2646429777777778 0.00860969765624997 0.010714288888888904
7 0.149378255859375 0.23954092430555557 0.012914547656249997 0.03520409861111114