0 0.075727183203125 0.3203602673611111 0.14935083203125002 0.04861497916666669
0 0.22402625039062496 0.3110112340277778 0.03365652578125 0.026177298611111077
0 0.265045140625 0.30727162013888887 0.01682826406250002 0.033656526388888885
0 0.37390296640625 0.2988574888888889 0.013672964062500004 0.024307488888888902
0 0.9215227078125 0.23341424444444445 0.1125390078125001 0.09536015833333332
1 0.799517801953125 0.23216770138888893 0.15250613203125002 0.17015243611111114
1 0.337091140625 0.2826524909722222 0.062054217187499996 0.06918285694444448
0 0.986206341796875 0.27081038333333335 0.02524239296874988 0.0430055611111111
0 0.041544773828125 0.5073409680555555 0.08308954765625 0.3054017972222222
0 0.89680619765625 0.354328425 0.2061462203125001 0.207548575
1 0.545532129296875 0.2595021173611111 0.33130642421874995 0.5190042347222222
7 0.7299259015624999 0.20100425069444444 0.048381256249999983 0.04113575416666669
1 0.7157270550781251 0.26738240069444447 0.02734592734375001 0.07105266527777777