7 0.27963816328125 0.3151186576388889 0.047023232812500024 0.033794473611111105
7 0.357576671875 0.33260878055555554 0.01200593125 0.021343880555555552
7 0.37158359140625 0.3334981083333333 0.01000494218750001 0.023122536111111102
7 0.38709125312500003 0.33260878055555554 0.011005437499999982 0.017786563888888867
7 0.439617205859375 0.34950601597222225 0.010004942968750008 0.012450595833333366
7 0.563678501953125 0.35039534375000003 0.026012852343749948 0.035573129166666696
0 0.31815719453125 0.36017795625 0.010004942187499966 0.012450595833333328
0 0.30865249921875 0.3610672840277778 0.011005435937499985 0.010671940277777736
0 0.2906436015625 0.36017795694444443 0.013006424999999978 0.01956522222222219
0 0.28614137656249994 0.3610672840277778 0.012005932812499998 0.014229251388888918
0 0.26262975976562497 0.3655139263888889 0.01100543828124998 0.016007908333333393
0 0.178588237109375 0.3833004916666667 0.023011369531250003 0.026679847222222244
0 0.113055857421875 0.39486175902777776 0.040019772656249994 0.03913044583333335
0 0.081040040234375 0.39486175902777776 0.034016807031250006 0.03913044583333335
0 0.35767672109375 0.36017795694444443 0.009004449999999987 0.016007905555555584
0 0.35067326132812504 0.35662064444444447 0.009004449218749988 0.008893280555555529
0 0.352674248828125 0.3664032548611112 0.013006424218749979 0.014229251388888918
0 0.34667128242187506 0.36017795625 0.009004449218749988 0.012450595833333328
0 0.340668317578125 0.3619566118055556 0.009004449218749988 0.012450595833333328
0 0.3361660921875 0.3655139263888889 0.01000494218750001 0.008893283333333338
0 0.342669305859375 0.3752965361111111 0.01100543828124998 0.017786563888888905
0 0.32816213828125 0.37262855277777773 0.016007909374999983 0.01956522222222219
0 0.31365497109375 0.3752965361111111 0.02101037968749999 0.017786563888888905
0 0.379187348828125 0.35839930000000003 0.010004942968750008 0.008893283333333338
0 0.394695011328125 0.3575099736111111 0.015007414843749966 0.01067193888888889
0 0.39869698828125 0.36551392847222225 0.011005437500000026 0.012450598611111098
0 0.3896925390625 0.3672925840277778 0.011005437499999982 0.0160079097222222
0 0.38268907890625 0.36373527152777774 0.011005437499999982 0.008893284722222224
0 0.37468512539062504 0.3761858652777778 0.021010380468750034 0.01956522222222227
0 0.37768660781249996 0.38685780416666665 0.02101037968749999 0.026679847222222167
0 0.39769649453125 0.39219377499999997 0.02901433437499996 0.044466413888888924
0 0.410702920703125 0.3752965361111111 0.011005436718749984 0.017786563888888905
0 0.43171330078125003 0.40375504305555554 0.049024221874999975 0.07826088888888884
0 0.45622541210937495 0.3850791472222222 0.01800889609375007 0.023122533333333292
0 0.46923183867187496 0.39841907430555557 0.03601779609374996 0.039130443055555575
0 0.2981473078125 0.39486176111111115 0.026012853124999992 0.03201581666666671
0 0.32716164453125 0.4473321291666667 0.10004943124999999 0.14051386944444444
0 0.5607770679687499 0.41175899652777775 0.08104004062499995 0.09782610972222222
0 0.8655556136718751 0.5407115979166667 0.26888877265625 0.46600802083333337