7 0.80678809375 0.3840634229166666 0.017588745312500008 0.01359516805555556
7 0.719609094921875 0.3867824555555556 0.016059288281249983 0.013595166666666674
7 0.702785078125 0.4071752034722222 0.04970732343749997 0.03262839861111115
7 0.7956995375 0.4064954430555556 0.04435422656249992 0.033987913888888874
7 0.795317173046875 0.48330812916666666 0.013765103906249987 0.013595163888888824
0 0.696973164453125 0.4949999798611111 0.010706194531250013 0.02311178194444447
1 0.76273977734375 0.48072505486111117 0.01988292968749992 0.01631419861111117
1 0.7191502769531251 0.4746072326388889 0.02753020859375006 0.020392748611111164
0 0.70003207578125 0.5058761125 0.013765106249999982 0.03126888055555557
0 0.6812962398437501 0.5011178006944444 0.014529832812500042 0.046223562499999975
0 0.630059459375 0.48820239374999996 0.013000376562500016 0.020392748611111088
0 0.6323536429687501 0.5031570770833332 0.009941464062500049 0.03398791527777776
0 0.61400016953125 0.4929607027777777 0.013000376562500016 0.07341389444444443
0 0.424806433203125 0.4442900083333334 0.040530586718749984 0.04894259444444447
0 0.42174751875 0.4646827569444445 0.04817786718749999 0.0271903305555555
0 0.36821655546875 0.46128396319444437 0.034412762500000006 0.01495467916666663
0 0.150842607421875 0.5023413576388889 0.30168521484375 0.30861025138888887
0 0.52697410546875 0.49635949375 0.17512272500000003 0.23791539305555556
0 0.654913121484375 0.5140332104166666 0.05506042109375002 0.07749244027777777
0 0.7405626640625 0.56501508125 0.11623866406249998 0.1631419847222222