0 0.179985287109375 0.6875482416666666 0.027926105468749983 0.03628006944444443
0 0.15152214140625 0.6913671951388889 0.03329651093749999 0.04009902361111107
0 0.11339226601562499 0.6894577173611112 0.04296323984375 0.04773693194444435
0 0.05216964843750001 0.680865070138889 0.0751856703125 0.07637909305555558
0 0.0293070671875 0.6894577180555556 0.058614134375 0.07446961388888886
0 0.48878357421874996 0.6980503673611111 0.020407539062500035 0.030551637500000103
0 0.94404048046875 0.6885029791666666 0.011814890624999918 0.034370591666666665
0 0.9252440632812501 0.6923219333333334 0.025777943749999997 0.053465363888888916
0 0.8967809164062499 0.7018693215277778 0.03329651093749995 0.05346536527777772
0 0.979485154296875 0.7324209590277778 0.03759283671875 0.05346536527777788
0 0.3658013 0.6939586243055555 0.012888971874999999 0.011456862500000003
0 0.3974866890625 0.6939586243055555 0.018259376562500006 0.026732684722222268
0 0.873151134375 0.7133261854166667 0.050481806250000004 0.04964641250000004
0 0.78937281640625 0.7257377875 0.07411158906250001 0.06683170833333342
0 0.577778859765625 0.72478305 0.17292704140624995 0.1260255055555556
0 0.24849631093750002 0.6846840243055556 0.026852025000000036 0.026732681944444496
0 0.27857057812499997 0.6932766736111111 0.022555700000000022 0.02482320555555554
6 0.5215430457031249 0.49973749652777777 0.01074081171875001 0.04582745694444444
6 0.5086540726562501 0.49946471736111114 0.012888971874999999 0.04582745694444444
6 0.4248757546875 0.6467672520833333 0.008592648437500027 0.019094773611111136
6 0.38083843476562496 0.6381746034722222 0.006444486718749998 0.017185295833333294
6 0.5822286210937501 0.5493839069444445 0.007518567187500036 0.026732683333333382
6 0.9676702625000001 0.6321733895833332 0.016111215625000064 0.032461115277777786