0 0.184761369921875 0.6029784583333334 0.04663879296875002 0.04091722499999998
0 0.127134767578125 0.6087289486111112 0.04140530234374999 0.04816623333333333
0 0.059793323437500004 0.6090946555555555 0.0263090625 0.019133863888888904
0 0.075339588671875 0.6069686708333334 0.01195866484375 0.023385830555555584
0 0.3399848421875 0.6080316645833334 0.022721464062499974 0.05102363749999997
0 0.40456163046875 0.6101576472222222 0.013154529687500017 0.017007877777777795
0 0.373469103125 0.6048426881944444 0.05620572343750001 0.0574015930555556
0 0.264047321484375 0.6144096194444445 0.14589571015625002 0.15732288055555554
0 0.45873438632812497 0.6229135576388889 0.02870079453125003 0.08503939583333332
0 0.5095587125 0.6484253770833334 0.12078251406250003 0.17007878750000008
0 0.6324937703125 0.6239765513888889 0.04663879218749996 0.07866143888888888
0 0.6922870941406251 0.6579923083333333 0.13274117890624995 0.15519689722222227