0 0.178525634375 0.4591838798611111 0.024107153125000003 0.027551031944444384
0 0.22157412421874997 0.46224510486111114 0.03099491249999997 0.03367348194444438
0 0.273232309375 0.4660716375000001 0.020663275000000026 0.02602041944444448
0 0.294756555078125 0.48137776666666665 0.032716850781249994 0.04438777500000002
0 0.330056315234375 0.5043369597222223 0.03788266953125001 0.05357145000000006
0 0.3838669265625 0.5418369777777777 0.04563139843749999 0.08877554999999997
0 0.20779860742187503 0.5801023020833334 0.09298473515625001 0.12244903750000004
0 0.323168556640625 0.6084186409722222 0.12053576953125003 0.17602048749999993
0 0.5478816679687499 0.5693880104166666 0.19802304687500003 0.31530626249999993
9 0.44155190078124995 0.5173471715277779 0.012914546874999999 0.030612256944444423
6 0.30336625234375003 0.12091842152777778 0.029272971874999998 0.11632658194444442
6 0.046797259765625 0.3795920076388889 0.01894133515625 0.05204084027777781