6 0.30511485507812497 0.44595655486111113 0.015596925781250003 0.05198975416666664
6 0.39869640976562504 0.25908226458333333 0.013647310156250026 0.07451864861111114
6 0.37968765624999995 0.2585623763888889 0.020470965624999993 0.07278565000000002
6 0.40941929609375 0.26341474305555557 0.009748076562499985 0.06585368611111109
7 0.352393036328125 0.3201702215277778 0.032168658593749996 0.050256756944444446
7 0.301215624609375 0.4111522875 0.02924423359374999 0.017329916666666632
6 0.30365264453125 0.5185977743055555 0.014622117187500016 0.034659834722222234
6 0.32948505234375 0.5203307659722223 0.013647309374999982 0.034659834722222234
0 0.39918381367187494 0.6230105263888889 0.018521349218750018 0.04332479444444443
0 0.42014218203125003 0.6264765090277779 0.037042698437500035 0.05025675972222222
0 0.4547478601562499 0.6368744604166666 0.0555640484375 0.06065470972222226
0 0.478630651953125 0.60914659375 0.015596924218750008 0.012130940277777806
0 0.48886613398437506 0.6264765076388888 0.020470966406249947 0.03639282638888896
0 0.5156733492187501 0.62907599375 0.011697695312499956 0.03119384861111109
0 0.587321728515625 0.6195445402777777 0.03801750703125002 0.0606547083333333
0 0.6350873101562501 0.6230105256944445 0.07311058749999999 0.0710526625
0 0.5502790296875 0.629076 0.06531212656249999 0.09011557222222225
0 0.700399437109375 0.6290759923611111 0.09845559296875006 0.07625162916666671
6 0.995181353125 0.09618103888888889 0.008773270312499904 0.0987805277777778
0 0.01121028984375 0.61867804375 0.0224205796875 0.08318360138888892