6 0.383272966015625 0.5849888972222222 0.010926267968749981 0.016996416666666646
6 0.400345259375 0.5983432229166666 0.009560484375000034 0.019424479166666706
6 0.4399529812500001 0.5619223305555555 0.015023617187500005 0.01942447499999997
6 0.564922169140625 0.5849888958333334 0.008194700781249953 0.02185253611111114
6 0.5341920402343749 0.6056274 0.009560485156249942 0.01942447777777774
6 0.28083920625000003 0.6335500861111112 0.010926268749999978 0.026708655555555558
0 0.40717417695312497 0.6662942104166667 0.04780242109374995 0.06306019027777773
0 0.334787653125 0.6706647229166666 0.09970219375 0.13354327361111104
0 0.5608248183593749 0.6706647236111111 0.03277880390624999 0.04127701111111111
0 0.95895070078125 0.7374363618055556 0.07784965937499991 0.11654685694444449
0 0.44541611601562503 0.6605709319444445 0.036876153906250056 0.04051390833333331
0 0.6482349609375 0.6828050222222223 0.03551037031250006 0.046133133333333375
0 0.6905742484375 0.6925172604166667 0.04916820468749998 0.05584536805555555
0 0.74588847890625 0.7010154673611111 0.06692338906249998 0.05827343194444441
0 0.8100803015625001 0.7180118833333334 0.08604435937500003 0.06798566944444444
0 0.8811010429687499 0.7313662118055556 0.09150749218750001 0.09955044027777775
7 0.940512623828125 0.5789187472222223 0.024584100781250128 0.043705072222222204
7 0.80325138515625 0.6068414312499999 0.01502361875 0.03156477638888894
7 0.600432539453125 0.5995572513888889 0.01365783515625001 0.016996416666666726
7 0.6598441203125001 0.6165536687500001 0.012292051562500017 0.012140295833333346
7 0.5608248171875 0.6068414298611111 0.024584101562500037 0.02185253749999995
0 0.484033664453125 0.6419789368055556 0.010926269531249932 0.01456835694444444
0 0.5113493328125 0.6383368423611111 0.010926268750000023 0.021852537500000026
0 0.484716555859375 0.6431929645833334 0.012292052343750016 0.016996412499999992
0 0.492911255078125 0.6407649034722223 0.009560483593750035 0.021852534722222258
0 0.5031546328125 0.6383368423611111 0.010926268750000023 0.021852537500000026
0 0.46969293710937504 0.6371228125 0.012292050781250018 0.01942447777777774
0 0.458083778515625 0.6346947548611112 0.010926267968750025 0.02428059583333335
6 0.441011484765625 0.6164843111111111 0.009560483593750035 0.021852536111111064
6 0.479253421484375 0.6031299826388888 0.009560483593750035 0.019424476388888855
7 0.41506159726562497 0.576421326388889 0.02048675234374997 0.014568358333333324
7 0.583052965234375 0.6589753506944445 0.006828916406250052 0.029136712499999995
7 0.5905647746093751 0.6553332604166666 0.010926267968749936 0.026708654166666672
6 0.654756599609375 0.6444069958333333 0.008194700781250041 0.01942447499999997
6 0.6219777941406249 0.6322666958333334 0.008194700781249953 0.01942447777777774