0 0.64897690078125 0.5571866437499999 0.09979462343750001 0.12197120694444447
0 0.611086137109375 0.5239217694444445 0.11694682421874995 0.07761803888888892
0 0.43644554648437506 0.50798235 0.10759107734375002 0.0845482194444444
0 0.518698146875 0.5059032972222222 0.022609718750000063 0.052669383333333285
0 0.523765842578125 0.5093683868055556 0.031185819531249947 0.04851127361111109
0 0.884897630859375 0.5530285340277777 0.08732029453124994 0.08316218472222216
0 0.547233163671875 0.4989731131944445 0.010135391406249994 0.016632437499999972
7 0.31528863593749995 0.12682233194444445 0.04521943906249999 0.09009236944444446
7 0.7443275589843751 0.41303885555555553 0.01949113828125002 0.011088291666666647
6 0.891914440625 0.4463037284722222 0.018711490624999882 0.027720729166666697
6 0.443540319921875 0.3409649618055556 0.010135391406249994 0.01663243750000001
6 0.42506272460937494 0.43937354652777777 0.00935574609374994 0.01940450972222223
6 0.5353825609375 0.4740244590277778 0.005457518750000024 0.013860365277777792
6 0.752279928125 0.45461994861111116 0.010135390624999996 0.019404511111111116
6 0.694586162109375 0.31463026875 0.010135391406249994 0.041581093055555525
7 0.876711352734375 0.31116517708333336 0.02105042890625004 0.015246398611111149
6 0.45328588671875 0.3527462694444444 0.00779645468750001 0.03187883611111108
6 0.706124928515625 0.3215604513888889 0.010135391406249994 0.03603694722222224
6 0.375009481640625 0.4095737652777777 0.015592910156250018 0.023562619444444426