0 0.035937167578125 0.5941808486111111 0.07187433515625 0.13111521388888883
0 0.13060302421875 0.5619223305555555 0.18028341875000004 0.11654685555555559
0 0.23303678359375 0.56677845 0.06828917343750003 0.0776979027777778
0 0.343619766015625 0.5606866118055556 0.08090905234374998 0.10930605694444442
0 0.49799877851562496 0.5740626284722222 0.07375230703125002 0.14568357083333336
0 0.539655174609375 0.5497820347222222 0.015023617968750003 0.024280597222222155
0 0.943927083203125 0.6784691875000001 0.10789689453125 0.22338147500000005
0 0.861980074609375 0.63233605625 0.18984390234375007 0.17967640416666666
0 0.7595463140625001 0.6129115798611111 0.09697062812499987 0.11169073749999998
0 0.7028662999999999 0.592273075 0.07375230781250001 0.08498208333333332
0 0.6694046046875 0.5777047180555556 0.06965495781249995 0.08498208333333339
0 0.641406043359375 0.5667784499999999 0.02731566953125002 0.06798566666666667
0 0.62433375 0.5582802423611111 0.042339287499999934 0.06070148749999996
0 0.603164105859375 0.5546381534722222 0.02458410078124995 0.05341730972222223
0 0.5813115703125 0.554638151388889 0.01365783437500001 0.02913671388888888
0 0.56082481875 0.5497820333333334 0.030047235937500007 0.05827342777777784
0 0.407174178125 0.6396202326388888 0.23628054218750005 0.40305787638888885
6 0.5690195179687499 0.46115786180555557 0.008194698437500047 0.021852537500000026
6 0.571751086328125 0.4623718909722222 0.005463133593750058 0.02428059583333335
6 0.564239276953125 0.46479994999999996 0.004097350781249976 0.02913671388888888
7 0.21937894960937498 0.4065265229166667 0.008194700781249998 0.02428059583333335
7 0.21869605742187498 0.4332351770833333 0.009560483593749992 0.019424476388888934
7 0.752034504296875 0.45023159305555555 0.016389400781249997 0.02913671388888888
7 0.5983838640625 0.46115786180555557 0.025949885937500028 0.01699641527777784
7 0.630479775390625 0.4975787520833333 0.008194700781250041 0.021852534722222178
7 0.623650858203125 0.4708700986111111 0.008194700781249953 0.02185253611111114
1 0.506193480078125 0.5145751701388889 0.06009447109375001 0.08498208194444443
0 0.382124675390625 0.5043005923611111 0.02729461953125001 0.02426188472222227