0 0.501665985546875 0.30933079513888884 0.010762797656250012 0.014881890277777761
0 0.47834658867187496 0.31464575902777775 0.009566932031250008 0.02551181805555554
0 0.512428783203125 0.3188977270833333 0.015546263281249927 0.02125984861111109
0 0.5297688468749999 0.3125197736111111 0.011958662500000017 0.021259847222222204
0 0.562655175390625 0.3252756798611111 0.027504928906250024 0.03826772638888889
0 0.46040859179687493 0.31996071805555554 0.016742132031250013 0.027637802777777765
0 0.48731558789062496 0.3242126875 0.025113196093750022 0.040393713888888884
0 0.4390025890625 0.2997638631944444 0.02272146406250002 0.059527576388888864
1 0.43541498945312507 0.2540551902777778 0.008371064843750008 0.019133863888888904
0 0.40838840117187497 0.32155520555555556 0.02032973046875002 0.029763786111111103
0 0.36653307421875 0.32687016874999997 0.03228839374999999 0.044645679166666674
0 0.31182218203125 0.32580717569444445 0.0454429265625 0.0765354541666667
0 0.27176065546875006 0.33005914583333334 0.05859745781250001 0.08503939444444449
0 0.250235058984375 0.34919300972222217 0.05381398984375001 0.06803151666666665
0 0.182967569921875 0.3534449798611111 0.11480318046875 0.11480318194444443
0 0.06696852265625 0.33866938680555553 0.1339370453125 0.16795280138888885
0 0.9730751832031249 0.3570026 0.023138861718750015 0.15538972499999998
6 0.55129444375 0.033459138194444446 0.014350398437500012 0.05416236805555556
6 0.5321605804687499 0.2540551902777778 0.007175198437500007 0.019133863888888904
6 0.5261812484374999 0.256181175 0.007175198437500007 0.019133863888888904
6 0.8313446359375 0.2102128013888889 0.023917328125000026 0.05740158888888887
6 0.56325310859375 0.24874022708333332 0.007175200000000004 0.0297637902777778
6 0.55667584375 0.25299219791666666 0.005979332812500004 0.02551181805555558
7 0.17954439921875 0.23492132430555554 0.011958665625000009 0.03614174027777778
0 0.387241282421875 0.3316623354166666 0.01472473046874998 0.0299169125
0 0.9862222636718749 0.3475556944444444 0.024190627343750038 0.16267320833333337