7 0.081234575390625 0.3196226138888889 0.03839534453125001 0.11629207499999998
7 0.266812076171875 0.4713079305555556 0.017064597656250013 0.040449416666666675
7 0.21419623359375 0.4725719729166667 0.017064598437499967 0.02780897361111114
7 0.64792143125 0.46751579583333325 0.01706459687499997 0.012640441666666646
6 0.655742704296875 0.4915326381944445 0.01279844921874993 0.020224709722222182
6 0.28174360078125 0.4548753541666667 0.007110248437499989 0.027808974999999948
6 0.44243523085937503 0.42453828958333334 0.004266149218749948 0.02780897638888891
6 0.50287234765625 0.44981917638888896 0.005688198437499991 0.02275279722222218
6 0.3734658140625 0.45234726527777774 0.005688199999999988 0.02275279722222218
6 0.327960219140625 0.49279668263888887 0.00568819921874999 0.022752798611111066
0 0.3805760625 0.5446224965277777 0.11945218593750004 0.15168531527777782
0 0.53486846953125 0.5433584541666667 0.0696804421875 0.12387634166666667
0 0.482963651171875 0.5484146298611111 0.039817394531250015 0.07331456805555558
0 0.44883445507812497 0.5395663215277777 0.028440997656249946 0.05056177361111117
7 0.07400934453125001 0.519609011111111 0.021093735937500004 0.04453121944444444
7 0.07269098632812501 0.5653121041666667 0.021093735156250005 0.03281247777777775