6 0.368477365625 0.21835695763888888 0.0038992312500000016 0.027727868055555563
6 0.48691651875 0.25908226319444444 0.006823654687500014 0.025994876388888914
6 0.37188919296875 0.22095644513888887 0.006823654687500014 0.02946085972222221
6 0.36311592265625003 0.21835695763888888 0.008773270312499993 0.027727868055555563
6 0.48252988359375004 0.2582157673611111 0.007798462500000003 0.020795901388888892
6 0.48935353828125 0.25994875902777775 0.0019496156249999784 0.027727868055555563
7 0.539556142578125 0.27294619722222224 0.00877327109374999 0.008664958333333316
7 0.539068738671875 0.30847252708333334 0.00974807890624998 0.020795901388888892
7 0.511286715234375 0.27554568472222224 0.03021904296875002 0.013863933333333299
7 0.329972455859375 0.2079590069444444 0.012672502343749992 0.017329916666666674
7 0.694063186328125 0.24261884166666667 0.011697694531249959 0.02079590000000001
0 0.5205473894531251 0.40898604722222226 0.015596925781250003 0.024261883333333303
0 0.49617719335937505 0.40032108819444445 0.02339538828124992 0.045057784722222195
0 0.5892713429687501 0.40898604722222226 0.08870751406249999 0.18023113888888886
0 0.38114986757812497 0.38905664236111115 0.019496157031250006 0.03639282638888888
0 0.339720534375 0.38992313819444446 0.010722885937499971 0.031193851388888857
0 0.320711780859375 0.38992313819444446 0.01949615546875001 0.031193851388888857
0 0.28366908359375 0.3821246763888889 0.05069000937499997 0.09184856388888889
0 0.23151686367187502 0.38992313819444446 0.07700982109375003 0.10051352083333336
6 0.24175234570312504 0.29807457708333335 0.011697694531250002 0.020795901388888892
7 0.254912251953125 0.2642812388888889 0.024370196093749998 0.012130944444444422
0 0.7325680960937501 0.4306484444444445 0.28366908281250003 0.32753543611111113
0 0.108203670703125 0.3907896347222222 0.16766694921875 0.1577022472222222
0 0.4333020875 0.40898604722222226 0.0965059765625 0.15250327222222218
0 0.357754479296875 0.38905664236111115 0.03119385078125001 0.04332479305555555
0 0.540043546484375 0.4037870715277778 0.01949615703125005 0.038125818055555524
0 0.9348407242187499 0.4393134027777778 0.12672502031250002 0.3448653527777778