7 0.047595035937499995 0.6489989194444444 0.0585035078125 0.09568573888888889
0 0.718630276171875 0.9100545736111111 0.11817708671874998 0.15600935555555553
0 0.6437457859375 0.9298157590277779 0.052653157812499976 0.11232673750000007
0 0.607473610546875 0.9100545729166666 0.04095245546875006 0.07280436527777773
0 0.583487172265625 0.8986138875 0.035102103906250015 0.04992299444444449
0 0.5653510839843751 0.8923735131944445 0.026911613281250003 0.03744224583333341
0 0.5530653484375 0.8850930770833333 0.030421824999999993 0.0395223708333333
0 0.48812645390625004 0.8819728916666667 0.04095245624999997 0.049922994444444334
6 0.5314190492187499 0.7946076513888888 0.00819049218750001 0.0332819972222222
6 0.46004476953125 0.8289297097222222 0.008190490624999925 0.01872112222222218
6 0.50333736640625 0.837250207638889 0.008190490625000013 0.031201870833333267
0 0.24533689453124996 0.8687987680555554 0.05616336875000001 0.0457627444444444
6 0.064247109765625 0.17940789583333333 0.04296463828125001 0.13144736944444446
7 0.11070886992187501 0.3339473701388889 0.05195723671874999 0.04973684305555556