7 0.39334564140625006 0.3018887194444444 0.06282604062500004 0.06312954722222221
7 0.5374357972656251 0.1031925298611111 0.031413019531249996 0.03156477361111112
7 0.5388015796875 0.15660983819444446 0.04507085468749992 0.07041372638888889
7 0.33857772343750003 0.37440676805555556 0.020486751562500016 0.03787774166666671
7 0.37886833554687505 0.39067476041666666 0.013657833593749969 0.016996415277777763
7 0.41233003085937503 0.3744067680555555 0.015023617968750003 0.02816550555555553
7 0.240924205078125 0.3763492243055555 0.02185253515625001 0.009712237500000024
7 0.23409528750000003 0.3982017597222222 0.03551037031250002 0.03399283333333329
0 0.707134394140625 0.05341730972222223 0.10243376171874993 0.09469432222222222
2 0.14453403632812498 0.38727549305555553 0.07491322265625 0.03156477500000005
0 0.092736698046875 0.3969877298611111 0.02048675234374999 0.021852534722222258
0 0.22228125976562502 0.45890324722222225 0.015023617968750003 0.033992833333333375
0 0.21203788476562502 0.45526115833333336 0.01638940234374999 0.038848952777777786
0 0.1935998078125 0.4528330986111112 0.025949885937500007 0.043705072222222204
0 0.12599352578124998 0.46133130694444446 0.027315670312499995 0.04613313055555553
0 0.076142428515625 0.4601172756944444 0.020486752343750005 0.01456835694444444
0 0.05304383515625 0.46395615902777776 0.028920904687500006 0.027102240277777807
0 0.0104140984375 0.4894776791666666 0.020828196875 0.07328916388888887
0 0.159455220703125 0.45890324652777775 0.05599712265625001 0.07769790416666661
0 0.2468653625 0.4649733951388889 0.05326555625 0.07041372638888896