6 0.37607984375000003 0.4032793006944445 0.008799246875 0.01564310694444444
6 0.28060800703125 0.4157937861111111 0.00615947343750003 0.01251448611111109
6 0.28544759296875 0.4392584472222222 0.007039398437499988 0.015643108333333326
6 0.24893071523437502 0.4595944847222222 0.007919322656249995 0.012514483333333399
6 0.23793165624999996 0.4666338833333334 0.008799248437499995 0.010950174999999973
6 0.33516334218750005 0.4580301750000001 0.007919323437499992 0.01251448611111109
6 0.34484251484375 0.44004060138888895 0.0061594734374999845 0.014078794444444438
6 0.119581775390625 0.4664774548611111 0.009679172656250002 0.01564310694444444
6 0.42799541289062504 0.3921726972222222 0.007039397656249946 0.014078797222222208
6 0.416116428515625 0.4351912409722222 0.007919322656250038 0.018771729166666598
0 0.270488871875 0.4833720041666666 0.012318945312499973 0.02502897222222226
0 0.24849075351562497 0.5060545076388888 0.04223638984374998 0.06726535972222222
0 0.224732784375 0.5154403736111112 0.07039398124999999 0.09229433055555553
0 0.156538615625 0.5459444298611111 0.1381481875 0.19710314583333333
0 0.08922437109375 0.5240440805555555 0.0439962375 0.05005794166666667
0 0.046108057812500006 0.5654983145833333 0.091512175 0.13296640972222223
0 0.3875188734375 0.46147165347222224 0.03343714062500003 0.02190034861111106
0 0.33977614687499996 0.6014931118055555 0.20896851406250003 0.2863001597222222
0 0.45395319296875 0.4919757111111111 0.05719510937500001 0.08916570833333329
0 0.54810514296875 0.4958864881944445 0.09415195000000001 0.12827347638888886
0 0.5877017570312499 0.5146582166666666 0.0747936046875 0.14391658333333332
2 0.809794748046875 0.40750293402777776 0.37748772265624997 0.8087486263888888