7 0.4419086816406249 0.31929914722222225 0.007020421093749984 0.0228813722222222
7 0.46179987499999997 0.32657958541666665 0.009360562500000036 0.020801248611111114
7 0.4500991734375 0.32761964652777775 0.007020421874999983 0.01872112361111111
7 0.5612558398437499 0.3244994597222222 0.00936056093750004 0.016640997222222214
7 0.59577290859375 0.30889852361111114 0.010530631249999978 0.018721122222222223
0 0.516208137109375 0.3557013305555556 0.015210911718749998 0.02912174722222226
0 0.5021672953125 0.35882151805555557 0.015210912499999996 0.018721122222222223
0 0.4863713484375 0.3588215173611111 0.014040842187499968 0.01456087361111113
0 0.472915541015625 0.3557013305555556 0.015210911718749998 0.02080124722222223
0 0.46062980390624997 0.3557013305555556 0.023401403125000008 0.02080124722222223
0 0.42669777070312503 0.35258114375000005 0.016380982031250026 0.031201870833333305
0 0.412071892578125 0.3536212055555556 0.019891192968749926 0.03328199444444447
0 0.3939358046875 0.35154108055555555 0.023401403125000008 0.03744224444444448
0 0.37638475195312504 0.3536212048611111 0.018721122656250033 0.04160249305555554
0 0.367609226171875 0.35258114444444444 0.017551052343750005 0.04784286944444444
0 0.34420782226562496 0.35050101874999995 0.03393203359374999 0.05616336805555555
0 0.322561525390625 0.35362120625000004 0.03276196328125001 0.054083243055555584
0 0.297405016015625 0.35466126805555553 0.026911613281250003 0.06864411666666667
0 0.26873829687499995 0.35466126875 0.046802806249999974 0.07696461527777779
0 0.23188108671875002 0.3577814555555555 0.057333437499999994 0.09152548888888891
0 0.180983034375 0.36090164305555555 0.07722463124999998 0.11856711111111112
0 0.5279088390625001 0.3817028902777778 0.03159189531250002 0.05200311944444446
0 0.532004084375 0.39210351388888887 0.030421823437499995 0.06448386666666665
0 0.5448748562500001 0.3941836381944444 0.03978238593749994 0.060323618055555604
0 0.5554054878906249 0.41186469861111114 0.04446266640625005 0.08320498888888885
0 0.5940178035156249 0.4368261951388889 0.09360561328124994 0.12480748472222226
0 0.804630433203125 0.5689141159722223 0.2995379617187499 0.28081683749999997
0 0.075091684375 0.3557013305555556 0.14859891093750002 0.1788907277777778
0 0.9333381519531251 0.7602855930555555 0.1310478585937501 0.3349000833333333