7 0.575875299609375 0.1631104423611111 0.023425435156249997 0.05552695972222222
6 0.4670446281249999 0.15969241805555556 0.008784539062499963 0.02092743055555556
6 0.330884281640625 0.2064908798611111 0.007808477343750031 0.020822609722222257
6 0.5158476207031251 0.21343174930555556 0.008784538281249966 0.017352173611111098
0 0.47680522617187504 0.22471066319444444 0.034162094531250006 0.03991000138888887
0 0.4894940046875 0.27069392569444445 0.038066334374999934 0.05552695972222222
0 0.549521684375 0.29064892708333334 0.07222842656250003 0.08849609027777777
0 0.45923615 0.29151653541666667 0.07515660625000002 0.10411304861111112
0 0.667624923046875 0.32882371250000003 0.14836109453125 0.1440230527777778
0 0.909693623046875 0.4016829381944444 0.1796067335937499 0.3244458541666667
0 0.40457679882812503 0.19955000972222223 0.008784538281250054 0.017352174999999984
0 0.387007721484375 0.21343175069444445 0.01268877734374998 0.02429304583333334
0 0.38212742226562496 0.21863740277777777 0.01854513671875 0.03470435
0 0.371878794921875 0.23425435833333333 0.02537755546875 0.031233916666666695
0 0.371878794921875 0.24987131597222223 0.02537755546875 0.03470435138888889
0 0.368950615234375 0.2715615347222222 0.031233914843749978 0.04685087222222219
0 0.36016607773437503 0.28110523125000003 0.023425435156249997 0.04164521805555555
0 0.346501239453125 0.29845740555555555 0.04099451328125001 0.10758348333333333
0 0.291353858984375 0.3392350159722222 0.14152867578125003 0.18219783472222223
6 0.37657261328125 0.15609364305555556 0.009228509375000016 0.023437483333333335
0 0.13069875859375 0.5275777645833334 0.26103497656249997 0.5460933736111111