0 0.40409331015624994 0.5690202826388888 0.03520812968750002 0.045521623611111055
0 0.5473263828125 0.5690202826388888 0.030407020312500067 0.04267652083333336
0 0.505716776953125 0.5711541097222222 0.01760406484374997 0.027028463888888864
0 0.5229207480468749 0.5668864541666666 0.012002772656250027 0.021338255555555543
0 0.675756040625 0.5754217597222222 0.06161422812500002 0.058324577777777775
0 0.966623205078125 0.6045840513888889 0.06561515234375008 0.15363547777777778
0 0.336077605078125 0.5704428333333333 0.03200739296875001 0.0540569305555555
0 0.871001125 0.579689413888889 0.1640378796875 0.1436776222222222
0 0.7742690234374999 0.5768443097222222 0.08063814999999996 0.10669130277777773
0 0.64534901796875 0.5732879347222222 0.020004617187499997 0.03698631944444439
0 0.632546061328125 0.5718653847222221 0.01360313984374999 0.03414121944444438
0 0.62814504609375 0.5683090076388889 0.02560591093750002 0.0469441736111111
1 0.415295896875 0.5533722249999999 0.03360776093750002 0.05121182500000003
1 0.615342089453125 0.5491045743055556 0.03840886953125002 0.08250794305555552
1 0.5761330359375 0.5569286006944444 0.019204434375000013 0.03556376527777776
7 0.5337232421875 0.5213648340277778 0.025605912500000015 0.02702846249999998
7 0.56292998671875 0.5234986597222222 0.016803881249999986 0.01991571111111112
7 0.45010393359374995 0.5576398777777778 0.02000461874999999 0.017070608333333345
0 0.44746434257812495 0.5745465701388889 0.01751440390625003 0.017792409722222242
0 0.4849952078125 0.5700984680555556 0.015012345312499953 0.01779241111111113