0 0.015203086328125 0.668762575 0.02884688359375 0.12890138611111107
0 0.624885859375 0.7228179958333334 0.4358218296875 0.46432220277777786
0 0.228046305859375 0.6056979194444444 0.04755837421875002 0.09147840555555552
0 0.271706453125 0.5897584986111112 0.060032703124999996 0.0762320027777778
0 0.307180323046875 0.5904515180555555 0.023389364843750027 0.06098560277777775
0 0.321213941796875 0.5883724631944445 0.015592910156250018 0.04296712916666665
0 0.33524756093749997 0.5918375548611111 0.014033620312499995 0.03603694583333331
0 0.34538295234375005 0.5904515173611111 0.015592910937499972 0.03603694583333331
0 0.35045064804687504 0.5862934069444444 0.014813264843750007 0.03049279999999999
0 0.35863692578124995 0.5842143548611112 0.017152199999999996 0.03187883750000001
0 0.36565373476562496 0.5828283173611111 0.010915036718750003 0.03187883750000001
0 0.37384001210937495 0.5779771895833333 0.014813264843750007 0.02217658194444441
0 0.38241611249999996 0.5745120979166667 0.013253973437499988 0.0180184736111111
0 0.40346654101562496 0.58005624375 0.028846883593750004 0.02910676527777775
0 0.44400810703125 0.6251024277777778 0.07250702968749997 0.257802775
0 0.14033618828125 0.6015398097222222 0.1434547703125 0.14969193611111117
7 0.2639099984375 0.5072893319444444 0.017931846875 0.03880901944444446