6 0.28452800078124996 0.09703784930555555 0.017994656250000008 0.0746445013888889
6 0.065593015625 0.13096559375000003 0.016795012500000005 0.06223921250000001
6 0.41948792226562504 0.31990500208333333 0.009597149218750012 0.02559240138888891
6 0.40269291015625 0.31777230208333335 0.01439572499999997 0.025592401388888873
7 0.42308685390625006 0.25805669999999997 0.014395725000000059 0.042654000000000004
7 0.43148436015625 0.21540270069444445 0.02399287500000007 0.021327001388888867
7 0.033802456640625 0.23672970069444443 0.03239038046875 0.04691940138888889
7 0.033802455859375004 0.2889808513888889 0.037188957031250004 0.0575829
6 0.22634527773437502 0.3604263020833333 0.0071978617187500316 0.02132700138888891
0 0.25213761875 0.38921775208333337 0.013196081250000002 0.02345970138888889
0 0.245539578515625 0.40201395138888885 0.016795013281249993 0.03625589999999998
0 0.21974723750000003 0.4062793513888888 0.05158468125 0.05758289999999996
0 0.26773298789062505 0.3668244013888889 0.017994657031250007 0.025592400000000026
0 0.295924616796875 0.37962060208333337 0.016795013281249993 0.01706159861111113
0 0.30972051953125 0.38921775277777776 0.017994656250000008 0.027725100000000048
0 0.3199174921875 0.39988125138888886 0.0215935875 0.036255900000000056
0 0.32771517578125 0.4052130013888889 0.02279323124999997 0.04691940000000001
0 0.35530698203125 0.4094784 0.06358111874999998 0.09383880000000001
0 0.278529782421875 0.4116111027777778 0.04678610703124999 0.07251180000000003
0 0.0166013171875 0.5907579013888888 0.033202634375 0.24312780000000006
0 0.821968402734375 0.40201395138888885 0.16435119453124997 0.1300947
0 0.9700666558593749 0.40841205 0.05986668828125001 0.0917061
1 0.8414876437500001 0.35050101874999995 0.3147488750000001 0.2059323486111111