0 0.44184558359375004 0.4688344159722222 0.04526075937499998 0.06794701805555556
0 0.35886752421875 0.45452978055555554 0.026150660937500004 0.0393377472222222
0 0.40463118164062506 0.46257613611111104 0.021121688281249985 0.030397352777777796
1 0.55399168828125 0.48045693194444444 0.07644039531249999 0.09119205
7 0.46397306757812495 0.42860262777777774 0.031179636718750015 0.019668872222222213
7 0.427261561328125 0.4268145472222222 0.018104303906249973 0.019668874999999985
7 0.625906008203125 0.4348609041666667 0.057330296093750024 0.0643708583333334
0 0.76772305546875 0.47866885138888887 0.01911009843749998 0.019668874999999985
0 0.49666139375 0.46704633402777773 0.018104303125000065 0.02860926805555558
0 0.478086215234375 0.462187175 0.011865225781249933 0.023437483333333377
0 0.33768103867187504 0.4434371881944445 0.023730453906249994 0.023437484722222183
0 0.375254254296875 0.45164030763888896 0.017138658593750033 0.02578123194444441
0 0.46885770546875005 0.4645309236111111 0.009228507812500019 0.023437483333333377
0 0.71802745625 0.4774215395833333 0.025048810937500044 0.02109373472222218
0 0.307358793359375 0.44695281111111107 0.023730452343749996 0.016406238888888838
0 0.027866798046875002 0.43992156597222226 0.044824188281249996 0.03046872916666664