0 0.4695049375 0.4649006444444445 0.012069535937500042 0.021456952777777774
0 0.48408895976562505 0.4666887243055555 0.011063741406249949 0.017880793055555542
0 0.44204749296875 0.46418288888888887 0.01669469218750006 0.026468630555555546
2 0.50772513359375 0.45506620694444444 0.008046357812499938 0.030397347222222176
0 0.33472845234375 0.46758276388888886 0.018104304687500017 0.033973508333333374
0 0.36188490898437503 0.4657946854166667 0.016092716406250006 0.023245034722222217
0 0.3820008015625 0.4649006444444445 0.02011589374999998 0.021456952777777774
0 0.28749740429687504 0.4746296888888889 0.026068055468749973 0.026610405555555557
0 0.24722431640625003 0.4765231611111111 0.04626655468750003 0.0339735083333333
1 0.1758128953125 0.4774172013888889 0.0844867515625 0.0643708583333334
1 0.9276444070312501 0.46311256597222217 0.14181704687500005 0.13231787638888895
2 0.692791353515625 0.3272185326388889 0.33794700859374993 0.5543046180555555
0 0.499678778125 0.4657946847222222 0.016092715625000052 0.033973508333333374
0 0.460452785546875 0.4640066069444444 0.016092714843749967 0.02682119444444445
7 0.34880957773437504 0.40052978749999996 0.026150661718750003 0.03933775000000005
7 0.32969947890625 0.3540397222222222 0.058336090625000024 0.04291390555555551
1 0.52452111796875 0.45948387777777777 0.021604989062499948 0.03414121666666669