7 0.344661083203125 0.35991708402777783 0.01681273671875001 0.02241698194444446
7 0.5527186863281249 0.27273993541666663 0.021015919531250038 0.06725094305555553
7 0.591948403515625 0.34933128611111114 0.015411674218750004 0.029889308333333354
7 0.7418619644531249 0.37776763402777774 0.012609552343749986 0.02988930694444439
0 0.6676057140625 0.4064115631944445 0.029422287499999998 0.03736163472222221
0 0.233276708203125 0.39478794236111114 0.029422288281249997 0.03238008472222226
0 0.196849113671875 0.38980639027777786 0.032224410156249994 0.037361633333333324
0 0.14290825390625 0.3935425548611111 0.044833962500000005 0.04981551527777776
0 0.01821379609375 0.36614402152777775 0.0308233484375 0.014944654166666599
0 0.11208490546875001 0.3860702277777777 0.025219103124999996 0.019926205555555597
0 0.087566331640625 0.3848248388888889 0.02381804140625 0.027398530555555568
7 0.28021226171875 0.3798432888888889 0.011208490624999979 0.022416983333333303
0 0.059404999609374995 0.3922971659722222 0.05043820703125 0.07223249305555551