0 0.042509990234375 0.48786651458333335 0.08331279140625 0.08498208194444443
0 0.365517780859375 0.4915086048611111 0.10106797578124996 0.15053969027777778
0 0.30952066015625 0.44658950416666665 0.01638940312499999 0.031564772222222204
0 0.22552497578125 0.45387368125000005 0.02321831875 0.031564773611111166
0 0.13811483359375 0.4672280097222223 0.055997123437500004 0.05341730833333326
0 0.09167819570312499 0.4696560708333334 0.025949886718750002 0.033992833333333375
0 0.173625204296875 0.4587298013888889 0.023218317968750003 0.031564772222222204
0 0.19069749687499998 0.45630174097222226 0.01365783437500001 0.03156477083333332
0 0.20640400625000002 0.45265965208333336 0.015023618750000023 0.0242805930555555
0 0.2432801609375 0.45144562291666673 0.01502361875 0.021852534722222178
0 0.257620887109375 0.44780353263888895 0.013657833593750012 0.014568354166666669
0 0.269230047265625 0.44780353263888895 0.012292052343750016 0.014568354166666669
7 0.45361081484375 0.4125966694444445 0.023218318750000043 0.04127701111111111
6 0.35732308007812497 0.4035781784722222 0.005463133593750014 0.026708656944444444
0 0.323861387109375 0.4465895034722222 0.012292050781250018 0.01699641805555561
9 0.48434094414062495 0.44668244375 0.0054631335937499696 0.026522776388888916