6 0.37239179609375 0.4433826555555555 0.007444857812499972 0.029117666666666667
6 0.42227234453125 0.4433826555555555 0.008933829687500072 0.023823544444444403
7 0.4337374328125 0.4301473520833333 0.022334573437500005 0.018529423611111106
7 0.46723929414062504 0.42750029166666664 0.011911772656250008 0.013235302777777729
0 0.3694138640625 0.4844120951388889 0.019356631250000023 0.021176484722222236
0 0.312832943359375 0.48705915625 0.013400744531249975 0.021176484722222236
0 0.28677594023437497 0.49897092847222224 0.014889716406249986 0.02382354583333337
0 0.2659303375 0.49632386805555556 0.032757375 0.03441178888888885
0 0.24344685742187497 0.4976473986111111 0.031268403906250034 0.04235296944444447
0 0.161553419140625 0.5069121111111111 0.05806989296874998 0.06088239444444447
0 0.1034835265625 0.5214709444444444 0.067003721875 0.07411769722222226
0 0.439395529296875 0.47647091319444446 0.013400744531250019 0.021176484722222236
0 0.44535141601562495 0.479117973611111 0.01935663046874998 0.0317647277777778
0 0.45949664609375 0.48176503472222215 0.026801489062500038 0.026470605555555533
0 0.478853276953125 0.48705915555555557 0.029779432031249976 0.03176472777777772
0 0.49448747890624994 0.4910297465277778 0.03722429062500003 0.039705909722222224
0 0.51533308125 0.48838268611111113 0.04913606250000004 0.0555882722222222
0 0.5413900843749999 0.5002944590277778 0.05658092031250002 0.06882357638888889
0 0.576380916796875 0.5082356409722222 0.055091949218750005 0.08470594027777784
0 0.6277504374999999 0.505588579861111 0.08040446718750002 0.13235303194444442
0 0.21738985429687502 0.5016179895833334 0.04169120546875003 0.0502941513888889
0 0.742252344921875 0.5135297625 0.2010111664062501 0.22764721388888892
0 0.036479804296875 0.5267650652777778 0.07295960859375 0.10588242500000007