7 0.24086806171874997 0.40968298750000004 0.015609885937500012 0.021221283333333375
7 0.595763410546875 0.3558135763888889 0.014691657031250038 0.03101571944444442
7 0.44886073554687494 0.43041114444444445 0.008264057031249994 0.01632406388888891
6 0.35933344843750004 0.4287787493055556 0.00734582812500002 0.0195888763888889
6 0.411672477734375 0.4287787493055556 0.007345828906249974 0.016324062499999945
6 0.4047857636718749 0.4434704076388889 0.008264057031249994 0.016324065277777796
0 0.33331697656250003 0.46931683333333335 0.0128552 0.0212212833333333
0 0.31587063359375 0.4733978479166666 0.018364571875000023 0.01958887916666667
0 0.296128718359375 0.4766626611111111 0.017446342968750007 0.01632406388888891
0 0.271795662109375 0.48155988055555554 0.02938331484375003 0.026118502777777764
0 0.21921559960937503 0.4864570993055556 0.07529474453125 0.06856106805555555
0 0.144839083203125 0.49298672708333335 0.05142080078125 0.05223700416666664
0 0.096632083203125 0.5019649597222222 0.04499319921875 0.06039903611111118
0 0.035231284375 0.5166566166666666 0.07046256875 0.08651753888888886
0 0.3548953484375 0.46931683194444446 0.011936971875000025 0.013059249999999956
0 0.37463726328125 0.4636034097222222 0.0128552 0.014691658333333397
0 0.40447969140625 0.4693168326388889 0.01193697187499998 0.016324062500000024
0 0.417794006640625 0.46441961249999997 0.012855200781249998 0.019588875000000013
0 0.429271863671875 0.46686822361111113 0.011936971093750071 0.014691658333333319
0 0.446167278125 0.46882710624999996 0.019282800000000044 0.02611850416666665
0 0.46131804960937506 0.4704595104166666 0.025710399218750003 0.03591294027777781
0 0.48473287890625 0.47862154375 0.02479217187499998 0.032648129166666706
0 0.5099841640625 0.4827025597222222 0.031219771875000024 0.037545347222222206
0 0.5413613511718751 0.49007172708333335 0.05325725859375004 0.05713422083333334
0 0.59278215234375 0.49660135347222223 0.07529474531250005 0.09304716250000003
0 0.674438896484375 0.5248186499999999 0.13406137265624993 0.14854898055555554