0 0.277306630078125 0.4945496604166667 0.01170069921875001 0.0270416236111111
0 0.26502089296875 0.4966297847222222 0.01287077187500003 0.03120187222222223
0 0.25273515507812505 0.4987099069444445 0.016380980468749983 0.04368261944444443
0 0.33873531367187504 0.4945496604166667 0.01053063203125002 0.018721123611111147
0 0.35102105078125 0.49974996944444444 0.009360560937499995 0.02912174166666672
0 0.35804147343750004 0.5007900347222222 0.014040842187500013 0.03120187222222223
0 0.37383741796875 0.502870157638889 0.019891193750000015 0.043682618055555546
1 0.319429152734375 0.5080704708333333 0.03510210703124996 0.05408324444444443
0 0.22465347343750003 0.5091105319444444 0.04446266562500001 0.056163366666666624
2 0.063768825 0.5278316520833334 0.12753765 0.18513110416666667
0 0.8601546546875 0.593020557638889 0.2773203125 0.48875651249999996