0 0.09849308749999999 0.48362900138888887 0.1930615765625 0.23921434722222223
0 0.33894250625 0.37546251597222224 0.1404084203125 0.18513109861111113
0 0.43137805 0.3349000833333333 0.04914294687500007 0.07488449166666666
0 0.73091601328125 0.3754625152777778 0.16146968281250001 0.16432985277777779
0 0.6297049433593751 0.34530070625000003 0.057333438281249996 0.09152548749999995
0 0.601038224609375 0.3255395208333333 0.03978238515625003 0.07696461388888885
0 0.557160593359375 0.3099385868055555 0.024571474218750035 0.029121745833333337
0 0.4746706460937499 0.31409883680555556 0.01872112187499999 0.02912174861111111
0 0.48578631406249995 0.30889852430555553 0.015210910937499999 0.022881373611111085
0 0.54077961171875 0.3036982111111111 0.022231334375000068 0.024961497222222247
1 0.115910844140625 0.30327355208333334 0.23023723046875003 0.1975610569444445
7 0.5823171015625 0.2620957173611111 0.014040842187499968 0.024961495833333323
7 0.624439628515625 0.26417584236111114 0.011700702343750003 0.029121745833333337