2 0.9027614632812501 0.46291537986111114 0.18468182343749984 0.5546827458333333
7 0.774860696875 0.3344410666666666 0.041295315624999954 0.10196373888888885
7 0.648680569140625 0.3986782236111111 0.016059288281249983 0.03058912222222219
7 0.6182826289062501 0.39969786180555555 0.017206381250000024 0.03262839861111107
7 0.03957467578125 0.18761328055555554 0.0757080765625 0.08157099166666665
7 0.174357995703125 0.21004530416666667 0.06767843359375 0.07341389444444443
7 0.18754955429687498 0.29365557152777777 0.05964878828125 0.040785495833333324
7 0.459682813671875 0.3807325979166666 0.011470919531250078 0.01835347361111109
6 0.7134912718749999 0.3752265631944444 0.012618012499999942 0.028549845833333382
6 0.6079587992187501 0.37624620277777776 0.014912196875000028 0.02651057222222227
7 0.27830044609375 0.2980191354166667 0.03008847031250004 0.06622647361111113