0 0.30889824648437497 0.44618635624999997 0.03260592578124997 0.028983045833333262
0 0.43202851953125004 0.4370338152777778 0.02145126718750001 0.0167796583333333
0 0.5032467265625 0.4309321222222222 0.02145126718750001 0.01983050555555555
0 0.532420449609375 0.4294066986111111 0.02488346953124996 0.03508473888888888
0 0.47793423125000006 0.42986432916666667 0.029173723437499976 0.03294915555555554
0 0.250894019921875 0.45427110625 0.06177964921874999 0.045762706944444495
0 0.34871180625 0.44664398888888884 0.041186432812499965 0.03355931944444445
6 0.47922130664062496 0.3849151958333334 0.009438555468749943 0.015254233333333329
6 0.507107954296875 0.4047457013888889 0.006864405468749979 0.009152541666666675
6 0.5530136664062499 0.39101689097222225 0.006006354687499993 0.012203387500000041
6 0.545720235546875 0.40245756666666666 0.006864405468749979 0.010677963888888876
6 0.54958146328125 0.4100846847222222 0.007722456250000054 0.010677963888888876
6 0.0770815359375 0.08505824305555555 0.019735165624999995 0.06864405555555556
6 0.097302948046875 0.09411862222222224 0.018877116406250005 0.059491516666666674
6 0.059977743359375 0.08572879236111111 0.012870761718750002 0.06101693749999999
6 0.6212286953125 0.18793216527777779 0.015444910937499935 0.04271185555555558
6 0.141578362890625 0.36508468125 0.01716101328124999 0.018305081944444464
6 0.7406407671874999 0.34067790555555555 0.018019065624999976 0.02135592777777779
7 0.41615458125 0.40576263541666674 0.008580504687500046 0.012203387500000041
7 0.43374462109375 0.40271178819444436 0.009438557812500026 0.0061016930555555385
7 0.6100740371093749 0.39279653611111104 0.006864405468750068 0.013728811111111128
7 0.58905179453125 0.39813551736111114 0.0077224546874999685 0.0061016930555555385
7 0.73963968984375 0.28983045347222225 0.017161012499999996 0.012203387500000003
7 0.723336726953125 0.28067791319444446 0.008580507031249952 0.00915254027777779