6 0.40648237656249997 0.22278136041666666 0.01638098281249998 0.05782746805555558
6 0.49865708515625 0.3723423284722222 0.010530631249999978 0.01664099861111118
6 0.54253471640625 0.381702888888889 0.00936056093750004 0.01040062222222223
6 0.566606478515625 0.37754264027777773 0.009360561718750039 0.02080124722222223
6 0.5086880046875 0.38170289027777776 0.010530631249999978 0.02080124722222223
6 0.6111569 0.2524231375 0.018545612499999996 0.03390603333333332
6 0.394606164453125 0.2163329729166667 0.011700702343750003 0.049922993055555566
6 0.798280371484375 0.38742323333333334 0.016380982031249935 0.028081683333333274
7 0.633523219140625 0.3791431916666667 0.009806044531250002 0.0190524222222222
7 0.4162524617187501 0.3848230770833333 0.010530631250000066 0.02704162083333333
6 0.1841244078125 0.36550254930555554 0.016119234375000003 0.030003059722222225
6 0.3665244796875 0.38690320138888884 0.014040842187500013 0.01872112222222226
0 0.6169194953125 0.4326659458333333 0.01638098281250002 0.027041622222222214
0 0.6344705480468751 0.4357861326388889 0.016380982031250026 0.033281995833333314
0 0.646756284765625 0.43890632083333336 0.01755105234375005 0.04368261944444443
0 0.6754230039062501 0.45138706944444446 0.037442245312500066 0.05616336944444448
0 0.714620354296875 0.46698800416666664 0.04797287734375004 0.06240374166666669
0 0.50634786484375 0.4243454472222222 0.019891193750000015 0.027041622222222214
0 0.56075612734375 0.44410663125 0.03276196406249996 0.04576274305555551
0 0.41917763710937506 0.4586675055555556 0.058503508593750066 0.07488449166666666
0 0.54262003984375 0.4253855104166667 0.012870771874999942 0.029121748611111067
0 0.59468816171875 0.42642557152777777 0.021061262500000046 0.031201870833333346
0 0.45310967226562493 0.4285056965277778 0.014040842968749967 0.027041620833333408
7 0.191097276953125 0.27040829652777776 0.029854464843749984 0.01769153472222224
7 0.212148501953125 0.2867389444444445 0.013778983593749983 0.0095262111111111
7 0.210234754296875 0.30579136597222223 0.029854464843749984 0.01769153472222224
7 0.36858781210937497 0.34988411597222224 0.016075480468750004 0.004082662499999993
7 0.375860053515625 0.3573689958333333 0.010716986718749988 0.005443549999999991
7 0.2063020046875 0.3376361305555556 0.014544482812500027 0.023135083333333344
0 0.5209221312500001 0.41996980972222225 0.01301348437500005 0.016330647222222203
0 0.49030216757812506 0.41928936597222227 0.008420489843750012 0.01769153472222224
7 0.798798301171875 0.32674903194444443 0.02526146953124995 0.0095262111111111
7 0.78578481640625 0.3560081083333333 0.016075481250000044 0.013608872222222207
0 0.920767830859375 0.5838206395833333 0.15692731328124995 0.3756048875