0 0.037968775390625 0.42088264166666667 0.07593755078125 0.05823533333333333
0 0.495083057421875 0.4354414722222222 0.013400744531250019 0.018529424999999992
0 0.509228288671875 0.43411794374999996 0.011911772656250008 0.02117648472222216
0 0.533051834375 0.43808853541666665 0.03573531875000002 0.034411787499999964
0 0.55315295078125 0.47779444097222223 0.03722428906250004 0.07676475694444444
1 0.4571142828125 0.40764733541666665 0.059558864062500036 0.05294121249999995
0 0.443713537890625 0.46588266944444445 0.09231623984375 0.11647066666666667
0 0.476470912890625 0.5810298083333333 0.18463247890624998 0.27264724444444444
0 0.6768864890625 0.47382385347222217 0.023823545312500017 0.05823533472222222
0 0.6165831371093751 0.4976474 0.12060669921875 0.15352951666666664
0 0.7111328375 0.4870591541666667 0.06551475 0.09529418333333331
1 0.8694726183593751 0.509459354861111 0.2547383132812501 0.3412711902777778
0 0.82697484296875 0.6088239444444444 0.3305516968750001 0.3123531527777778
0 0.911101737109375 0.3930885041666667 0.17718762109374991 0.23029427500000002