0 0.40561600390625 0.45217656527777783 0.033056229687500015 0.06856106666666667
0 0.346390258984375 0.479927475 0.09090463046875001 0.12079806944444442
0 0.6523440214843751 0.45054415833333333 0.01010051484375003 0.01632406388888891
0 0.63811147890625 0.44401453402777774 0.009182285937500012 0.0195888763888889
0 0.6243380500000001 0.44156592499999997 0.0128552 0.0244860944444444
0 0.6068917046875001 0.44156592499999997 0.011018743749999959 0.0244860944444444
0 0.588068019921875 0.4383011111111112 0.019282800781249953 0.03428053611111111
0 0.5596029347656251 0.4448307368055555 0.02295571484375003 0.03428053194444445
0 0.541238362109375 0.44564694166666663 0.011936969531249985 0.029383311111111095
0 0.5297605046875 0.4489117534722223 0.014691657812500036 0.03264812916666663
0 0.5187417609375 0.44972795694444445 0.016528114062499988 0.03428053611111111
0 0.49165401757812505 0.4513603631944444 0.03581091484375003 0.050604595833333356
0 0.71175341171875 0.45136036319444445 0.020201029687499972 0.024486093055555595
0 0.72736329609375 0.4529927708333334 0.018364571874999937 0.027750908333333355
0 0.751237240234375 0.45788998819444443 0.02754685546875004 0.040810159722222274
0 0.8527014984375001 0.4799274756944445 0.06335777187500007 0.07835550972222217
0 0.9128454703125 0.49625153958333335 0.10100514374999996 0.09467957083333339
0 0.97023475625 0.5003325541666667 0.05784840156250013 0.14201935277777772