0 0.04054156484375 0.6479720284722222 0.0795238390625 0.1316734597222223
0 0.393720971875 0.6084699916666666 0.08576100312499997 0.08593426111111108
0 0.453363851953125 0.6043118819444444 0.04443979296874998 0.0720738944444444
0 0.507549213671875 0.5966886819444445 0.06237163984374998 0.07345993055555552
0 0.5644633335937501 0.5959956625 0.07796454687500001 0.08316218333333336
0 0.628784087890625 0.5876794444444444 0.09433710546874999 0.06652974722222219
0 0.6837490945312499 0.585600388888889 0.09823533124999999 0.06514371111111114
0 0.7398835691406249 0.5814422805555556 0.11226894921875 0.0595995666666667
0 0.778086198828125 0.5745120986111112 0.06549022109375002 0.051283347222222234
0 0.357077633984375 0.6015398090277778 0.02962652734375002 0.04435316527777778
7 0.1099300140625 0.5634238069444444 0.05769376562500002 0.051283347222222234
7 0.171132184765625 0.6036188631944444 0.02572830078124999 0.042967129166666736
7 0.12552292421875 0.6334186458333333 0.06393093125 0.09425047777777777