0 0.094850215625 0.6338061361111111 0.1893179578125 0.32347661111111115
0 0.240519866015625 0.5889307694444444 0.14198846796875 0.18885050833333336
0 0.32781647773437494 0.56181856875 0.06415775234374999 0.10470919305555558
0 0.83581966328125 0.6179127770833334 0.327099359375 0.30290873194444445
0 0.68489118125 0.5449903055555555 0.143040234375 0.19072031388888888
0 0.61074164765625 0.5347063659722222 0.04312242187500006 0.10657899861111117
0 0.588654553125 0.5178781034722222 0.024190628125000037 0.03552633194444444
0 0.51608266953125 0.6141731625000001 0.196680321875 0.28421066388888894
0 0.429311938671875 0.5421855958333334 0.029449458593749967 0.03926594999999998
7 0.8684244234375 0.14391670694444444 0.030501226562500074 0.06918285833333332
7 0.89208916796875 0.2102948548611111 0.037863592187499864 0.04861498194444446
7 0.856329109375 0.20655524097222222 0.01682826249999998 0.02243768472222219