0 0.01818198203125 0.5764906868055555 0.0363639640625 0.09226625972222224
0 0.8811010433593751 0.6408342631944445 0.23628054140625004 0.21124117638888892
0 0.08075192656249999 0.5570662118055556 0.09150749218749998 0.09712238194444452
0 0.1476753171875 0.5643503902777778 0.06146025625 0.06798566666666667
0 0.7028662996093751 0.5934871034722222 0.15569931640624998 0.15053969027777778
0 0.606578564453125 0.5801327763888889 0.07238652265624994 0.10926267777777778
0 0.55741036015625 0.5704205388888889 0.047802420312499996 0.07526984444444448
0 0.52872890703125 0.5643503902777778 0.039607721874999946 0.06798566666666667
0 0.5041448046875 0.5558521805555555 0.0314130203125 0.0655576055555555
0 0.491169861328125 0.5570662118055556 0.02458410234374995 0.06312954861111106
0 0.478194918359375 0.5558521819444444 0.025949886718749936 0.05098925000000002
0 0.46180551640625006 0.5461399444444445 0.025949885937499938 0.0461331333333333
0 0.35633290859375 0.5387864 0.0396077203125 0.050989249999999944
0 0.301018678125 0.5412144645833333 0.04916820625000003 0.04613313194444449
0 0.39573576171875 0.5293169729166667 0.025949885937500028 0.04370507083333332
6 0.397613693359375 0.4769402472222222 0.00409735078125002 0.03399283333333329
6 0.43448984765625004 0.4781542770833333 0.00682891718750005 0.026708654166666672
7 0.47204889257812505 0.49515069375 0.010926267968749936 0.021852534722222178
6 0.52941179921875 0.48942741875 0.010926267187499939 0.029136715277777763
6 0.81486054453125 0.41779966319444445 0.02185253593750005 0.050989248611111135
6 0.1128478390625 0.5003536875 0.016389401562499996 0.02185253611111114