7 0.32543498125000003 0.3147948826388889 0.012304685937500004 0.021874998611111075
7 0.29818889140625 0.32026363124999996 0.022851559375000007 0.014062495833333305
6 0.53813026640625 0.33041987916666665 0.007031248437500004 0.015624994444444458
0 0.45551308984374994 0.4140136208333333 0.029882807812500013 0.03906249444444446
0 0.4265091859375 0.4046386201388889 0.02285155937499992 0.03593749583333335
0 0.402778720703125 0.4046386201388889 0.028124996093750056 0.03593749583333335
0 0.37069864765625005 0.4030761201388889 0.04833983749999997 0.03593749583333335
0 0.279292408203125 0.3999511215277778 0.043066400781250014 0.03593749583333335
1 0.6875443109375 0.43432611736111115 0.07207030312499993 0.10468748750000004
2 0.8576126484375 0.38708491250000004 0.2821288703125001 0.7741698250000001
7 0.7099564171875 0.34526362777777775 0.020214840624999918 0.01093749722222223
0 0.074668523828125 0.36726536527777776 0.04614254609374999 0.044531219444444485