0 0.477099934765625 0.5710931763888889 0.027895402343749966 0.034897952777777796
0 0.45333718437500004 0.5729299111111111 0.01963009843750001 0.03857142222222218
0 0.42854127109375 0.5802768479166667 0.023762750000000034 0.042244887500000064
0 0.39857954335937495 0.5766033798611111 0.048558663281250025 0.09367345138888888
0 0.37584995625 0.5949707222222222 0.05889029375000003 0.11938772777777776
0 0.3386560875 0.5940523534722222 0.06715559843750003 0.14693874305555552
0 0.30146221796875 0.6142564333333334 0.07128825000000001 0.2020407722222223
0 0.510161153515625 0.570174811111111 0.02582907734374995 0.04775509166666667
0 0.512227478125 0.5802768493055556 0.015497445312499991 0.03122448472222222
0 0.52824150625 0.5821135833333333 0.022729585937499942 0.038571422222222256
0 0.5644022132812501 0.5738482784722223 0.06198978281249996 0.09183671527777786
0 0.6016698800781249 0.6041543965277777 0.06627003203125001 0.11204079305555557
0 0.64255361875 0.6188482680555555 0.07128825000000001 0.1267346666666666
0 0.758784462109375 0.6390523479166667 0.20043363046875004 0.24795913194444444
0 0.879392230859375 0.6894394368055556 0.24121553828125003 0.30465168750000005
0 0.1456759890625 0.506938667361111 0.2903188171875 0.7199998486111111
7 0.9143492953125001 0.3269387076388889 0.04235968437499995 0.05510202916666667