0 0.01588691875 0.6172697395833333 0.0317738375 0.24690789583333334
0 0.5063832144531251 0.5328947395833333 0.04396381640625 0.04973684305555553
0 0.6166174828125 0.4895018770833333 0.01298930937499998 0.010657895833333302
0 0.6056265300781251 0.4974953006944445 0.010990953906250045 0.012434209722222218
0 0.5986322878906251 0.510817667361111 0.01099095546875004 0.017763154166666656
0 0.563161480078125 0.5501503798611111 0.01798519921874995 0.014210526388888903
0 0.618615839453125 0.5394924847222222 0.010990953906249957 0.0355263166666667
0 0.641097334765625 0.5288345895833333 0.03597039453124999 0.05328947361111113
0 0.69305457265625 0.5368280111111111 0.08792763125 0.11901315833333335
0 0.898437628515625 0.5204605291666666 0.15487253515624994 0.09592105277777783
0 0.564413742578125 0.5051670881944444 0.01949615703125005 0.02252889305555562