0 0.360678903125 0.6576703604166667 0.2339538828125 0.3102055180555555
7 0.87440263828125 0.5233635020833334 0.017546540624999985 0.0415918013888889
7 0.873915234375 0.5580233354166666 0.010722887500000056 0.027727868055555563
7 0.36798996171875 0.476572725 0.022420579687500018 0.04852376944444438
7 0.223230996484375 0.4653082791666667 0.015596925781250003 0.02599487777777772
7 0.010235482421875 0.4219834847222222 0.02047096484375 0.015596924999999985
7 0.014134712890625001 0.40292057638888884 0.01657173359375 0.01906290833333336
7 0.054589239453124994 0.4375804118055555 0.011697694531249997 0.019062909722222247
7 0.8178637824218751 0.26948021319444443 0.2553996554687501 0.40032109027777774
7 0.670667798828125 0.4913031548611111 0.00974807890624998 0.019062909722222167
6 0.59219576640625 0.4107190388888889 0.01072288593750006 0.06931966944444447
6 0.605355672265625 0.4254494701388889 0.013647310156249936 0.0849165986111111
6 0.49763940546874996 0.46530827708333333 0.008773270312499993 0.03639282638888888
6 0.395771985546875 0.20016054444444442 0.01559692578124996 0.08838257777777779
6 0.29877860468749995 0.2556162791666667 0.012672501562499994 0.07105266111111111
6 0.377250636328125 0.20449302361111113 0.017546541406249984 0.08318360277777777
6 0.27099658046875 0.2504173048611111 0.01559692343750001 0.07451864583333333
6 0.23102945898437496 0.27641218055555555 0.017546541406250026 0.06758667777777777
6 0.204222243359375 0.2729461972222222 0.014622116406250019 0.06758667777777777
6 0.144271561328125 0.2937420972222222 0.011697694531250002 0.06412069444444445
6 0.131599059375 0.3119385104166667 0.009748078125000004 0.034659834722222234
6 0.11795174882812501 0.40985254374999996 0.007798463281250001 0.02252889305555554
6 0.139884926171875 0.41245203125 0.00877327109374999 0.017329918055555518
6 0.164742526171875 0.42284998124999995 0.005848846093750004 0.020795901388888892
6 0.1686417578125 0.42371647708333326 0.007798464062499999 0.02252889305555554
6 0.27099658046875 0.4384469083333334 0.00584884687499998 0.024261883333333303
6 0.266122541796875 0.4644417833333334 0.005848846093749982 0.020795902777777778
6 0.27099658046875 0.4653082791666667 0.00584884687499998 0.022528894444444426
6 0.20617185937500002 0.4670412701388889 0.0068236546874999695 0.015596926388888871
0 0.212508110546875 0.4991016173611111 0.02924423515625001 0.031193851388888857
0 0.291467545703125 0.5146985430555555 0.02729461953125001 0.017329919444444484
0 0.278307640234375 0.5493583770833333 0.030219042968749978 0.05892171805555554
7 0.9905773882812501 0.4687742618055555 0.012672501562500039 0.05025675972222222
7 0.17271360625 0.45664332013888886 0.0419167375 0.05372274305555559
7 0.45687009296875003 0.5086330715277777 0.013647309375000027 0.02252889305555554
7 0.6693782031250001 0.5103660638888889 0.009748078124999981 0.015596924999999985
6 0.0048740390625 0.44451237777777775 0.009748078125 0.025994874999999952