2 0.28067237578125 0.4262062020833334 0.02650794687500002 0.03187883750000001
2 0.34070507968749997 0.42204809236111107 0.03118582031249999 0.03187883750000001
0 0.4514147390625 0.43590845486111107 0.010915035937499961 0.020790545833333358
0 0.40385636367187494 0.4289782736111112 0.006237163281249991 0.009702255555555518
0 0.40268689492187504 0.4199690375 0.0054575195312500215 0.013860363888888906
0 0.4182798046875 0.42274110972222223 0.008576101562499971 0.008316219444444467
0 0.4124324640625 0.4171969631944445 0.004677871874999973 0.011088293055555611
0 0.43582182851562495 0.42204809236111107 0.006237164843749987 0.015246398611111149
0 0.4475165109375 0.4192760201388888 0.0046778734374999685 0.012474329166666662
0 0.43270324609375 0.4483827833333333 0.028067237499999998 0.04296712777777777
0 0.464278889453125 0.43937354652777777 0.013253972656249946 0.02217658194444441
0 0.485329317578125 0.4372944916666667 0.01169468359375001 0.018018472222222214