6 0.18131425859375 0.30500654444444447 0.007798462499999981 0.020795902777777778
6 0.15060781250000002 0.31280500694444446 0.004874040625000009 0.022528894444444426
6 0.175952815625 0.3076060298611111 0.004874039062499991 0.019062909722222205
6 0.144271561328125 0.31193851180555554 0.00584884765625 0.024261884722222227
7 0.09894299609375 0.32580244305555556 0.014622117187499995 0.020795899999999968
7 0.07067356875 0.3422658659722222 0.022420579687500008 0.02946085972222221
7 0.076035012109375 0.3682607423611111 0.009748078906250002 0.012130943055555576
7 0.70332386015625 0.28247765 0.03606789062499995 0.06931966944444443
0 0.134523481640625 0.38645715416666665 0.025345003906249986 0.041591802777777784
0 0.1525574265625 0.3951221131944444 0.0341182734375 0.04852376805555557
0 0.43135247265625 0.40725305555555563 0.10625405468750002 0.1490372888888889
0 0.7057836953125 0.41450746875 0.03513871249999996 0.05481084583333329
0 0.57757364921875 0.42111699027777777 0.23687830781250002 0.3084725277777778
0 0.28318167851562503 0.4497113520833333 0.25442484765624995 0.38299117083333334
0 0.83930955546875 0.48610417916666665 0.31778735781249995 0.5597563277777778
0 0.171576528125 0.36282145069444444 0.01912096875 0.019424476388888934