0 0.8229016007812501 0.7787133715277779 0.3472162906249999 0.31079161805555566
0 0.2000872796875 0.8257830541666666 0.03687615468749998 0.0801259638888889
0 0.15433353203125 0.8294251430555556 0.079215440625 0.10197850000000004
0 0.320276225 0.7857200729166667 0.012292051562499972 0.029136715277777763
0 0.306618390625 0.7893621618055555 0.017755185937499984 0.03156477361111109
0 0.370810213671875 0.7687236555555554 0.012292052343750016 0.01942447500000005
1 0.41519817617187493 0.7675096243055555 0.02458410078125004 0.03156477361111109
0 0.38446804765625 0.777221863888889 0.01775518437499999 0.026708655555555558
0 0.284765854296875 0.7917902208333333 0.039607719531250044 0.06070148888888901
0 0.071020740625 0.8634179763888891 0.14204148125 0.13597133333333333
7 0.141358590234375 0.7427434256944445 0.015023617968750003 0.021852534722222258
6 0.35715237851562504 0.7187056145833334 0.006828917968750003 0.019424476388888934
7 0.484853133203125 0.6582469472222223 0.010926267968750025 0.012140297222222231
7 0.486218916796875 0.6752433638888888 0.010926267968750025 0.016996416666666646
0 0.355707383203125 0.7718745305555554 0.00877327109374999 0.010397950000000043
0 0.345813083203125 0.7737808055555556 0.010722886718750014 0.017329916666666632