6 0.648813637109375 0.28640604722222224 0.007910150781250014 0.03281247777777775
6 0.535434809375 0.3145310270833333 0.007910153125000008 0.03281247916666668
6 0.64156266484375 0.2922654173611111 0.009228507812500019 0.02578123194444445
6 0.80767583203125 0.3332810138888889 0.019775376562499947 0.028124980555555564
6 0.7944922476562499 0.2594529395833333 0.009228509375000016 0.04453121805555556
7 0.78987799375 0.32039039722222223 0.02373045312500004 0.016406238888888876
7 0.8043799359375001 0.3039841583333333 0.015820301562500028 0.016406236111111108
7 0.689023569921875 0.3028122847222222 0.03295896171874997 0.018749986111111148
7 0.536093987890625 0.4012497173611111 0.014501942968749936 0.014062490277777723
6 0.612558779296875 0.3895309756944444 0.006591791406250014 0.018749987499999954
0 0.53147973359375 0.4492965597222222 0.023730451562499956 0.06328120833333337
0 0.632993334765625 0.4223434527777778 0.036914036718749973 0.05624996111111105
1 0.49588405507812505 0.42234345208333335 0.06591792421875002 0.17812487638888888
1 0.735825296484375 0.37078098819444444 0.09755852734375008 0.09374993472222223
0 0.576963100390625 0.4528121833333333 0.07514643203125004 0.14062490277777778
0 0.42667023515624997 0.4469528104166666 0.1226073375 0.26484356805555553
0 0.718686636328125 0.5137496402777778 0.25312482578125006 0.32343727499999997
0 0.912485330859375 0.4516403069444444 0.17402331796875004 0.16640613333333332
2 0.20048112265625 0.43499969722222226 0.4009622453125 0.8699993944444445