0 0.18009345625 0.5613103888888888 0.0412953140625 0.05709969444444446
0 0.091193819140625 0.5888406 0.08603190546875002 0.1243957638888889
0 0.227124231640625 0.5665785381944445 0.05276623515625003 0.06321752083333333
0 0.32978897109375 0.5686178104166667 0.02179474843750002 0.050981868055555504
0 0.36879010234375 0.5754153847222222 0.06079587812499998 0.07273411388888888
9 0.313156137109375 0.5745656743055556 0.020647658593749972 0.05302114305555558
0 0.2638311765625 0.6046449784722222 0.10553247031250002 0.17741690694444448
0 0.29996457851562497 0.5485649229166667 0.024088933593750018 0.026510573611111157
0 0.035314048046875005 0.6209591930555555 0.07062809609375001 0.1447885111111111
0 0.901083831640625 0.6423715624999999 0.19500565234374995 0.1876132805555556
7 0.329559556640625 0.48534740277777777 0.024088933593750018 0.01631419722222221
7 0.378884515625 0.39663894791666665 0.021794748437499976 0.08768881249999999
7 0.48957890078125 0.46597429166666665 0.027530207812499975 0.03466767222222226
7 0.487858263671875 0.41805133541666667 0.03785403828125 0.06117824583333334
7 0.51882974921875 0.3374999798611111 0.04244240781249999 0.030589123611111112
6 0.513094289453125 0.36910874027777774 0.026383117968750015 0.024471297222222275
6 0.52047869453125 0.40581568611111113 0.018353471874999982 0.0407854944444444
6 0.5434205359375 0.4588368298611111 0.03670694531250005 0.04486404583333336
6 0.336800840234375 0.32527568055555556 0.017937997656250017 0.034015758333333326
0 0.3487595046875 0.5027954152777778 0.013154531250000013 0.023385833333333356
0 0.305110378515625 0.48791352083333334 0.009566932031250008 0.014881894444444457
0 0.169379533984375 0.5027954152777778 0.008371064843750008 0.023385833333333356
7 0.15981260195312502 0.6197245812500001 0.05859745703124999 0.0616535597222222