0 0.070508551171875 0.30333399305555553 0.06282603984374999 0.06555760833333335
1 0.18250279570312497 0.2936217555555556 0.06009447265624999 0.0704137277777778
0 0.61340748125 0.30940414097222224 0.03960771875000004 0.06798566527777779
0 0.713792567578125 0.3045480229166667 0.030047236718750002 0.04856119027777777
0 0.7943737925781249 0.3009059326388889 0.016389402343749904 0.03642089027777777
0 0.7711554734374999 0.29726384375 0.03551037031250006 0.05341730972222223
0 0.5294117984375 0.3822459270833333 0.17482028437500005 0.24280595138888886
0 0.65642966171875 0.32761458819444444 0.08741014218750003 0.09469432083333335
2 0.85484386875 0.2780128138888889 0.10516532812499993 0.11897491666666665
0 0.7487225171875 0.3107916173611111 0.05463133906250004 0.05827342916666668
7 0.35134779921875003 0.29258117152777774 0.0300472375 0.060701487500000005
7 0.038583383203125 0.13354327222222223 0.03824193671875 0.08255402222222222
7 0.329495263671875 0.16510804722222222 0.030047236718750002 0.07769790555555556
7 0.6443083542968749 0.19788685 0.015023617968750003 0.026708655555555558
7 0.645674137109375 0.23430774166666665 0.023218317968750048 0.031564772222222204
7 0.7576683828125 0.17967640486111108 0.02048675312499997 0.029136715277777805
7 0.7651801914062499 0.21245520694444445 0.019120968749999977 0.026708655555555558