0 0.21789094257812502 0.43192541388888894 0.009465897656249967 0.014958455555555616
0 0.20684739453125003 0.42818579999999995 0.016828262500000024 0.014958455555555538
0 0.155836723046875 0.42538108888888887 0.01788002890625 0.02056787777777771
0 0.138482576953125 0.421641475 0.014724728906249984 0.02056787777777771
0 0.12428373007812499 0.421641475 0.00946589765624999 0.02056787777777771
0 0.08484248984375001 0.41883676458333335 0.0252423953125 0.033656526388888844
0 0.05223773046875 0.4169669569444444 0.03155299375 0.029916911111111076
0 0.021736503124999997 0.4225763784722222 0.04207065625 0.03739614027777781
0 0.3136016875 0.4412744486111111 0.011569431250000007 0.011218841666666732
0 0.32201581875 0.44314425555555553 0.007362365624999967 0.014958455555555616
0 0.33095583359375 0.44220935208333334 0.012621196874999985 0.01682826250000002
0 0.344102913671875 0.44314425555555553 0.013672963281250006 0.014958455555555616
0 0.442968958203125 0.4524932909722223 0.011569430468750053 0.018698070833333306
0 0.47347018515625 0.4655819402777778 0.019983560937500044 0.033656527777777806
0 0.68066817109375 0.4905126965277778 0.12516020625 0.1271468736111111
0 0.5223773238281251 0.49581048055555554 0.08414131484374998 0.10283938333333333
0 0.396165351953125 0.49394067361111116 0.10938370859374999 0.1664128222222222
0 0.7979401312500001 0.6114268840277778 0.3660147171875 0.3178671875
0 0.459271341015625 0.47337279722222214 0.03365652578125004 0.05048478888888886