0 0.352842160546875 0.5617964819444444 0.014501942968750025 0.016406238888888917
0 0.33504432109375 0.56296835625 0.018457018749999988 0.01874998750000003
0 0.604648628125 0.5864058395833334 0.04086911250000007 0.06562495416666671
0 0.64024430625 0.5910933368055555 0.06459956406250003 0.07968744583333331
0 0.6942970042968749 0.6016402041666666 0.08305658359374997 0.09609368333333335
0 0.766147540625 0.6110151979166667 0.10546867812499991 0.11953116805555553
0 0.42007844296875 0.564140229861111 0.019775376562499947 0.03046872916666664
0 0.17222705 0.5969527076388889 0.030322243750000012 0.05390621249999994
0 0.142563984375 0.6028120791666667 0.04218747031249999 0.05624996111111105
0 0.10235405195312501 0.6063277013888889 0.043505830468750006 0.06328120555555551
0 0.05752986328125 0.6145308201388889 0.05405269687499999 0.07499994861111116
0 0.0172292953125 0.6262495638888889 0.034458590625 0.0796874444444445
0 0.887436519140625 0.6309370590277777 0.21357407109375 0.16406238749999996
0 0.43062531015625005 0.5723433506944444 0.025048810937499954 0.03281247638888887