7 0.18570089570312498 0.2764121798611111 0.06336251015624998 0.09531454305555556
7 0.34527694296875 0.47224024652777785 0.03743262968749996 0.06065470972222226
7 0.9162219179687501 0.42198348402777774 0.06726174062499997 0.18196413194444444
7 0.417412724609375 0.49650212847222225 0.02378531953124998 0.039858809722222256
7 0.585859515234375 0.4393134013888889 0.01949615703124996 0.02599487500000003
7 0.585859515234375 0.4124520298611111 0.015596925781250003 0.024261881944444497
7 0.5614893191406249 0.45317733611111116 0.015596925781250003 0.025994874999999952
7 0.5673381671875 0.5103660645833332 0.00974807812500007 0.05025675972222222
7 0.548816817578125 0.5138320465277778 0.007798463281250001 0.05372274305555559
7 0.537606526953125 0.5172980291666666 0.0068236554687500115 0.036392825
7 0.521522198046875 0.5129655506944444 0.005848847656250022 0.027727868055555563
7 0.52005998515625 0.5112325583333334 0.008773270312499993 0.024261883333333383
7 0.511286716015625 0.5155650381944444 0.004874039843749944 0.019062909722222247
7 0.419557305859375 0.46184229375 0.011697694531249959 0.025994876388888914
0 0.496177192578125 0.5181645256944445 0.015596925781250003 0.02426188472222227