7 0.203734839453125 0.42804895833333334 0.025345003906250007 0.07971761944444443
7 0.104791843359375 0.4861041798611111 0.020470964843749995 0.02946085694444444
7 0.07847203124999999 0.4817717 0.020470964062499996 0.03812581666666664
7 0.016571732421875 0.41938399722222225 0.023395388281250002 0.04159180000000002
7 0.48399209531250004 0.46444178263888886 0.010722885937499971 0.020795901388888892
6 0.25686186796875 0.32666894027777776 0.01267250312499999 0.04679077777777777
6 0.379687656640625 0.30587303958333334 0.014622117968750015 0.05718872638888889
6 0.40015862109375 0.3041400486111111 0.014622118750000013 0.057188725
6 0.49227796250000005 0.2790116673611111 0.011697695312499956 0.04505778472222224
6 0.617053365625 0.22875490763888887 0.013647307812500032 0.04852376805555557
6 0.73939175078125 0.44364588194444443 0.008773270312499993 0.017329916666666712
6 0.7252570374999999 0.4427793861111111 0.01169769374999996 0.01906290833333336
6 0.3826120796875 0.45577682430555555 0.004874039062499991 0.017329918055555518
6 0.397234197265625 0.45577682430555555 0.0068236554687500115 0.017329918055555518
0 0.9562864976562502 0.6048141118055556 0.08383347499999996 0.3639282625
0 0.31145110703125 0.5138320465277778 0.04971519999999998 0.05025675972222222
0 0.343619765234375 0.5103660618055555 0.018521347656249975 0.03985880972222217
0 0.358241883203125 0.507766575 0.012672502343749992 0.03812581666666664