0 0.0810221984375 0.44564694166666663 0.1588535453125 0.09141475833333333
0 0.20865597109375003 0.4383011111111111 0.11845148750000001 0.09957678611111112
0 0.29796517656250004 0.4314994208333333 0.05050257343750002 0.06856106666666667
0 0.337908119140625 0.4314994173611111 0.029383313281250035 0.03917775138888891
0 0.367658733984375 0.42850667569444445 0.016528114843749987 0.02122128472222218
0 0.5509371515625 0.4219770472222223 0.022037484375000017 0.027750905555555583
7 0.5893715796875 0.26631543194444446 0.053257257812500035 0.03917775277777776
0 0.483753436328125 0.40918987361111114 0.021119257031249995 0.019588875000000013
0 0.67352066796875 0.4652358173611111 0.13038845781250002 0.17629988750000003
0 0.42322157109375 0.44602971666666663 0.0610478359375 0.07676475833333332
0 0.505859494921875 0.40500027638888886 0.014889716406250031 0.010588241666666675