0 0.401308453515625 0.5287498159722221 0.036914050781249985 0.024374990277777817
0 0.2990038015625 0.5212498194444445 0.04324217187500001 0.024374991666666623
0 0.32906238437499996 0.5034373243055555 0.018984367187500028 0.01499999305555551
9 0.435058442578125 0.5193748166666666 0.007382808593749957 0.016874991666666655
0 0.45298812265625 0.5381248125000001 0.03691405000000003 0.05812497777777779
0 0.52998028359375 0.5259373159722223 0.022148431250000034 0.044999984722222226
0 0.497284982421875 0.5465623076388889 0.05167966953125003 0.07874997083333331
0 0.584296670703125 0.5428123104166667 0.02953123984374999 0.03749998472222226
0 0.750409893359375 0.5671873034722221 0.11179683515625002 0.1312499541666667
6 0.36650377734375 0.4462498451388889 0.005273435937500004 0.020624993055555603
6 0.39919907929687504 0.44999984375 0.005273436718750002 0.020624993055555603
6 0.40447251562500003 0.45562483888888894 0.005273435937500004 0.028124988888888838
6 0.45826155820312503 0.4546873388888889 0.007382808593750045 0.018749991666666688
6 0.48515607968749996 0.4696873333333334 0.008437495312499977 0.014999991666666703
6 0.512577944921875 0.4696873333333334 0.006328121093750028 0.014999991666666703
6 0.53736309296875 0.4715623347222222 0.005273435937500004 0.014999991666666625
7 0.8527145453125 0.46031233750000006 0.010546871875000008 0.02999998888888887
0 0.286874900390625 0.49968732569444446 0.02531249296875 0.018749995833333345