0 0.27616241757812504 0.51032851875 0.022941841406250017 0.032628395833333296
0 0.2666989078125 0.5103285180555556 0.019500565624999976 0.02854984722222219
0 0.254654441015625 0.5072696069444445 0.020647657031250023 0.03058912222222219
0 0.234006783203125 0.5072696055555556 0.03441276171874996 0.038746222222222175
0 0.2059030265625 0.5011517819444445 0.03326567031250001 0.0469033194444444
0 0.5061543789062499 0.5439765520833333 0.02179475000000002 0.03058912083333338
0 0.54400841640625 0.5623300256944445 0.026383117187500017 0.03874622083333329
0 0.561214797265625 0.568447851388889 0.024088933593749928 0.038746222222222175
0 0.5784211781249999 0.5745656763888889 0.042442406249999995 0.05506041944444438
0 0.182674412109375 0.5031910569444444 0.05735460390625 0.0469033194444444
0 0.303692628125 0.5113481555555555 0.030971485937500008 0.03058912222222219
0 0.332943474609375 0.5154267048611112 0.022941841406250017 0.030589120833333303
0 0.355885316015625 0.5154267076388889 0.025236025781250015 0.034667670833333296
0 0.453674915625 0.5266427166666666 0.026383117187499926 0.020392749999999973
0 0.5202062566406249 0.5531532895833333 0.024088933593750018 0.03262839583333338
0 0.6108265304687499 0.5694674888888889 0.0355598546875 0.040785497222222175
0 0.065384247265625 0.48279831041666665 0.04129531484375 0.042824770833333366
0 0.0929144578125 0.47362157361111107 0.04129531406250001 0.06525679166666667
0 0.12388594374999999 0.47668048541666663 0.0367069453125 0.05913896805555557
7 0.14166587109375 0.40326659444444446 0.01032382812499999 0.010196374999999987
7 0.38943776015625 0.4644448375 0.019500564062499982 0.03466767222222226
2 0.48665381328125 0.5276623548611111 0.032118578124999964 0.042824770833333366
0 0.406070594921875 0.5144070680555556 0.013765105468749983 0.02854984722222219
0 0.37940070390625 0.5133874319444445 0.01261801250000003 0.018353472222222205
0 0.38943775937499997 0.5133874319444445 0.01147092187500003 0.018353472222222205
7 0.7705591015625 0.4736215708333333 0.016059289062500072 0.018353472222222205
7 0.759088180859375 0.5725264006944444 0.00917673671874999 0.03262839583333338