6 0.608265430859375 0.09011339722222222 0.028691764843750002 0.18022679444444445
6 0.6493902968749999 0.09266377638888888 0.04016847343750003 0.1513225
6 0.932960580859375 0.7668140055555556 0.031560942968750005 0.06460960555555555
6 0.9578267769531251 0.7719147618055555 0.02199701953125004 0.05440808749999996
6 0.47150134921875003 0.7991188083333334 0.005738354687499924 0.022103283333333303
6 0.51023523359375 0.8322737354166667 0.004781960937499985 0.013602020833333325
6 0.55136009609375 0.8110205756944443 0.004781960937499985 0.022103287499999957
6 0.54370895859375 0.8356742423611111 0.0028691781250000047 0.013602023611111097
0 0.56522778359375 0.8866818263888888 0.034430118750000016 0.030604549999999935
0 0.51166982109375 0.8781805611111111 0.017215059375000053 0.030604549999999935
0 0.498758526953125 0.8773304340277779 0.006694744531250052 0.018702781944444444
0 0.48776001640625 0.8824311923611112 0.017215059374999963 0.028904298611110987
0 0.5900939800781251 0.8960332159722223 0.038255688281250054 0.0459068236111111
0 0.62500229609375 0.9096352361111111 0.056427139062499965 0.08671289166666661
0 0.6331316296875 0.9274878916666667 0.03251733437499995 0.07481112222222223
0 0.6737099851562499 0.9291881444444445 0.061209101562500035 0.12411845555555566
0 0.420015574609375 0.9002838451388888 0.027735372656250055 0.0459068236111111
0 0.40423510429687504 0.9045344798611111 0.03443011953125006 0.05100758194444444
0 0.363907227734375 0.9053846041666668 0.05068878515624999 0.07651137500000008
0 0.350039541796875 0.9206868805555555 0.03443011953125001 0.07651137500000008
0 0.277353734375 0.8951830916666665 0.1147670640625 0.18532755555555552
0 0.47054495703124993 0.8849815715277777 0.022953412499999982 0.03230480416666666
0 0.5336668417968751 0.8968833409722221 0.032517335156250035 0.05950884861111108
0 0.172150594140625 0.9478909249999999 0.15876110234375 0.10031491388888883
0 0.7161783890625 0.9359891562499999 0.14441522031250004 0.12411845138888886
7 0.71012121484375 0.8110205770833333 0.01625866718749993 0.017002526388888998
7 0.915804169921875 0.6138684756944445 0.04292037734375 0.02547172083333338
7 0.8993587261718752 0.70811384375 0.06160972578125001 0.040754754166666705
6 0.46407884960937495 0.797264867361111 0.010029489843750027 0.02547172083333322
7 0.872852216796875 0.5962930034722222 0.017193411718750086 0.03820758194444444
7 0.9315963730468748 0.8599253159722222 0.022924549218750024 0.040754754166666705