6 0.41905607265625006 0.40991868819444444 0.010716987499999941 0.02857863472222222
6 0.48986473867187497 0.4704781729166667 0.008420491406250008 0.019052420833333313
6 0.523163948828125 0.41740356805555556 0.007654991406249945 0.027217744444444414
6 0.600041933984375 0.4834066034722222 0.010716988281250029 0.014969762500000015
6 0.533060762890625 0.46571506736111107 0.008420489843750012 0.020413309722222234
7 0.5630246046874999 0.48233732916666666 0.01148248593749992 0.016330647222222203
6 0.51775078203125 0.41973651458333333 0.006889493749999964 0.02177419583333331
0 0.471492760546875 0.5212198479166668 0.009951488281249966 0.027217745833333376
0 0.46383776953125 0.5225807354166666 0.013013485937499958 0.03266129861111106
0 0.45273803242187505 0.5239416222222223 0.019902975781249933 0.03538307222222217
0 0.35207490234375005 0.5468822770833334 0.03597845781250002 0.06260081527777778
0 0.31686194375000004 0.55436715625 0.04516444531250001 0.08029234861111113
0 0.278969739453125 0.55844981875 0.04899194296874998 0.10206654583333333
0 0.02504275625 0.6298963999999999 0.0500855125 0.17419356944444447
0 0.19974058320312502 0.5707950055555555 0.13855533671875 0.1496975972222222
0 0.5166025328125 0.5299683902777778 0.0673639203125 0.10887098333333335
0 0.43966987421875 0.5299683895833334 0.02832346718749994 0.03810484305555559
0 0.57631146171875 0.5320097208333334 0.05052294062500007 0.061239924999999966