0 0.8560407628906249 0.5710207749999999 0.28691245390625 0.42458297222222224
0 0.094556361328125 0.4991016173611111 0.16961656640625 0.14557130416666664
0 0.56002710703125 0.4947691368055555 0.07311058750000007 0.0745186430555556
0 0.71258453515625 0.5337614520833334 0.16571733437499994 0.20102704027777776
0 0.20714666640625 0.4835046909722222 0.05556404687500001 0.1109114680555556
0 0.256374462890625 0.4783057166666667 0.05458923828125002 0.09011556944444447
0 0.2968289890625 0.4722402444444444 0.043866353125 0.07451864444444449
0 0.3275354359375 0.4713737493055556 0.02924423437499999 0.06238770138888891
0 0.34556938085937505 0.4679077659722222 0.014622116406249974 0.05545573472222224
0 0.35580486328125 0.4679077645833333 0.013647310937500023 0.051989751388888866
0 0.368477365625 0.4635752861111111 0.009748078124999981 0.04679077499999996
0 0.37822544375 0.4627087916666667 0.01364731093749998 0.03812581944444449
0 0.389435734375 0.4583763104166667 0.010722885937500015 0.04679077638888892
0 0.40503265937500005 0.45750981527777773 0.012672501562499949 0.03465983333333335
0 0.51957258203125 0.4722402444444444 0.037042698437499945 0.06065471111111115
0 0.49763940624999997 0.4765727229166667 0.02047096562499995 0.045057784722222195
0 0.48691651992187507 0.46704127152777775 0.018521349218749972 0.03639282638888888
0 0.47521882499999996 0.46617477361111115 0.014622117187500016 0.024261886111111075
0 0.468395169140625 0.46270879097222223 0.012672502343749947 0.020795901388888892
6 0.42794064453124997 0.42718245972222224 0.007798462500000003 0.015596924999999985
6 0.4571848796875001 0.42891545208333337 0.007798462500000003 0.019062909722222247
0 0.43135247187500003 0.4627087916666667 0.014622117187500016 0.02426188611111115
7 0.46742036171874995 0.4297819472222222 0.010722887499999967 0.010397949999999965
7 0.795443201953125 0.12477540625 0.029244236718750028 0.045057784722222216