7 0.368950615234375 0.686278511111111 0.03513815390624999 0.07808478611111111
7 0.427514205078125 0.72011525 0.01952119609374998 0.024293044444444453
7 0.40848103789062495 0.7261885111111112 0.016593016406250084 0.03643956666666668
0 0.32990822148437504 0.7565548194444445 0.015616957031250012 0.020822611111111024
0 0.227909969140625 0.7470111222222221 0.05173117109375003 0.046850872222222346
0 0.43093041562500006 0.7608928611111111 0.008784539062499963 0.015616958333333267
0 0.440691012109375 0.7687013430555556 0.012688777343750068 0.020822611111111024
0 0.45337979062499995 0.7687013395833333 0.010736657812500017 0.024293043055555567
0 0.48512456601562504 0.7647121090277779 0.021518977343749947 0.037137190277777656
0 0.534880786328125 0.7799802555555555 0.03513815390624995 0.0572621777777777
0 0.5026708125 0.7791126472222222 0.03904239218749996 0.05899739444444441
0 0.6319987402343751 0.8077437354166667 0.07906084609374994 0.08849609027777774
0 0.36272984921875 0.7528119756944446 0.010546867187499975 0.014062490277777803