0 0.59828978828125 0.4946972027777778 0.03152125468749993 0.03820758055555555
0 0.60545371015625 0.50361230625 0.03152125468750002 0.040754754166666705
0 0.64628806328125 0.5125274090277778 0.05014745156249996 0.08915102361111112
0 0.67566013984375 0.5265368541666666 0.07450478281250002 0.10188688333333336
0 0.525217789453125 0.49215002916666667 0.03438682421874999 0.05349061388888888
0 0.494958744921875 0.4797780541666667 0.016852264843749954 0.02874666388888885
0 0.486532612109375 0.49087644444444445 0.017193411718749996 0.025471722222222267
0 0.46647363359374994 0.49087644375 0.02865568749999996 0.03566040972222216
0 0.38408853515625 0.5198050451388888 0.06160972656249997 0.07386799027777778
0 0.43925073046875 0.5057955979166667 0.03438682343749999 0.04075475138888886
0 0.5488587300781249 0.5147107013888889 0.047281882031249986 0.06367930277777781
0 0.719360064453125 0.5465503506944444 0.10172768671875003 0.1120755736111111
0 0.190492080078125 0.5356338993055556 0.17657361484375 0.1819408680555556
9 0.8540417863281251 0.6058630791666666 0.11892109765625003 0.4483022888888889
7 0.6246939585937501 0.417736225 0.014327843750000024 0.012735861111111054
7 0.577412075 0.4202833958333334 0.011462274999999966 0.012735861111111134
7 0.63329066328125 0.37188712500000004 0.011462274999999966 0.012735861111111134
7 0.048391576953125 0.39044144305555556 0.028290460156249995 0.05029415277777771