0 0.387293224609375 0.5366721847222222 0.011700703906249998 0.03328199444444443
0 0.36447685781250005 0.5397923708333333 0.036272176562499994 0.04368261944444451
0 0.359796576171875 0.54915293125 0.033932035156250026 0.045762745833333285
0 0.35336118828125 0.5564333722222222 0.032761965625 0.047842874999999986
0 0.343415591796875 0.5657939291666666 0.031591896093750016 0.05408324444444443
0 0.323524402734375 0.5813948666666667 0.047972878906249995 0.07696461944444448
0 0.29427264804687503 0.5959557368055556 0.05499329921875003 0.1185671097222222
0 0.40893952460937494 0.53181856875 0.012870772656250029 0.0166409986111111
0 0.426490577734375 0.53389869375 0.01287077265624994 0.012480748611111083
0 0.417715049609375 0.5661406284722221 0.051483086718750036 0.06032361527777784
0 0.48382401406250003 0.5297384472222222 0.038612315625000004 0.04160249444444446
0 0.22816368398437498 0.6233440583333334 0.14274856171875 0.17057022777777778
6 0.794087625390625 0.3463407722222222 0.03510210234375002 0.043682622222222196
6 0.7425222429687499 0.3569789423611111 0.016508157812500014 0.04593574027777778