7 0.39201519882812497 0.32061557777777777 0.028412000781249967 0.07653064722222223
0 0.337930635546875 0.39872467013888885 0.030133942968749983 0.024489809722222273
0 0.37968766914062496 0.39642874930555555 0.018080364843749974 0.022959193055555556
0 0.42101421875 0.38265323472222224 0.009470667187500049 0.013775516666666635
0 0.41154355039062496 0.39413282708333336 0.011192607031250024 0.021428581944444462
0 0.47568580078125 0.3903062972222222 0.01377551562499999 0.01989796666666671
0 0.270774993359375 0.4063777333333333 0.04649236796874998 0.05510206388888893
0 0.23590571796874998 0.41096957222222225 0.04390945781250002 0.061224516666666694
0 0.199744986328125 0.4186226361111111 0.045631399218750014 0.05816329166666666
0 0.155897025 0.42408912013888894 0.05251915624999999 0.06275512916666667
0 0.9417025062499998 0.4010504819444444 0.05596303437499994 0.10408168055555554