0 0.1784357015625 0.5460327451388889 0.05031301875000001 0.0270416236111111
0 0.23225892734375 0.5252314958333333 0.01755105312499996 0.018721119444444413
6 0.21704801484375 0.4784286916666667 0.008190490625000013 0.02912174722222226
0 0.277306629296875 0.5210712472222222 0.030421824218749994 0.0228813722222222
0 0.312408734375 0.5189911208333333 0.030421824999999993 0.022881372222222276
0 0.336395173828125 0.5179510590277777 0.015210911718749998 0.020801248611111114
6 0.11466687578124998 0.4191451361111111 0.014040840624999995 0.027041619444444442
7 0.14859891171875 0.42954575902777775 0.018721121875000014 0.018721123611111067
6 0.09711582421875001 0.4243454472222222 0.009360560937499995 0.02912174722222218
6 0.080734841015625 0.4264255708333333 0.011700702343750003 0.02912174722222226
6 0.052068121875 0.47634856597222225 0.010530629687499998 0.020801248611111038
7 0.12168729765625001 0.49610975069444446 0.030421825000000013 0.02704162083333333
7 0.09594575429687499 0.49447536180555557 0.009360561718749993 0.023772843055555548
7 0.067279034375 0.5127507472222221 0.01053063125 0.03120187222222223
0 0.46908114023437497 0.5137908118055556 0.017551052343749964 0.020801248611111114
0 0.450945053515625 0.5231513708333334 0.04446266640625005 0.03120187222222223
0 0.398876930078125 0.5252314979166667 0.062013717968750014 0.0395223708333333
0 0.6546542582031251 0.502350125 0.015210913281249993 0.022881372222222276
0 0.6920965046875 0.5033901881944445 0.012870773437500028 0.0166409986111111
0 0.7108176265624999 0.49818987430555556 0.019891192187499927 0.018721120833333296
0 0.746285369921875 0.49610975 0.029983032031249923 0.014560872222222245
6 0.702627135546875 0.45346719444444444 0.01053063046875007 0.02912174722222226
7 0.5856201175781249 0.4129047604166667 0.026911613281250003 0.05616336527777782