0 0.24418936484375 0.5398269222222223 0.11795175000000002 0.16463421388888888
0 0.3002408171875 0.4930361465277778 0.015596926562500002 0.05025675972222222
6 0.22566801601562503 0.04852376805555556 0.020470964843749995 0.08318360277777778
6 0.39869640898437503 0.04679077638888889 0.013647310156250026 0.06585368611111111
6 0.31681254999999997 0.35786279027777773 0.005848846875000024 0.029460858333333326
6 0.21397032265625002 0.36739424583333335 0.008773270312500036 0.031193850000000013
6 0.266122541796875 0.43064844375000005 0.005848846093749982 0.019062909722222247
6 0.620952598046875 0.3587292861111111 0.02144577265625003 0.04159179999999998
6 0.5697751859375 0.14297181805555553 0.02826942812500004 0.0918485611111111
6 0.040941928515624997 0.3535303118055556 0.021445772656249994 0.0415918013888889
0 0.47299519804687495 0.48912192361111106 0.06476410390625001 0.04589430000000003
0 0.32266139726562504 0.4817717 0.021445772656249983 0.027727866666666677
6 0.3246110125 0.3561298 0.005848846875000024 0.029460858333333326
7 0.5873217269531249 0.2998075694444444 0.04776558359375001 0.04505778611111112
0 0.540530950390625 0.4939026416666667 0.016571733593750082 0.024261883333333303
6 0.302440784765625 0.4574603097222223 0.007049902343750025 0.023275866666666662