0 0.3355375546875 0.6850908784722222 0.030274065625000013 0.05157804027777778
0 0.327338327734375 0.6884546680555556 0.03153548515625002 0.044850472222222174
0 0.31535484453125 0.6940609756944445 0.030274064062500015 0.05606308749999995
0 0.28445007109375 0.687333404861111 0.051718195312500014 0.07400327083333325
0 0.252283876171875 0.7041523291666667 0.06559380703124998 0.08073084166666662
0 0.21065703515625 0.7120011631944444 0.06307096874999998 0.10091355138888881
0 0.51112713828125 0.6918184506944444 0.025228387499999984 0.042607943055555514
0 0.5382476542968749 0.7063948541666666 0.051718196093750016 0.06727570277777772
0 0.8345190203125 0.6990265604166666 0.32796903750000006 0.32292335694444435
0 0.124307148046875 0.7084653590277777 0.16398451796875 0.1679853763888889
2 0.43329755625 0.6279065333333333 0.134971871875 0.29825560277777785
7 0.764420142578125 0.5774497597222222 0.021444128906250005 0.04036541944444447
7 0.5541235125 0.6362359097222222 0.02018271093749995 0.04485046666666664
7 0.508081705078125 0.5869003986111111 0.026489807031249944 0.0358803722222223