0 0.258095716015625 0.47270390624999997 0.02753020703125002 0.012235645833333328
0 0.41008541718749997 0.4767824548611111 0.01261801250000003 0.020392743055555544
0 0.364775280859375 0.47678245555555554 0.01147091953124999 0.016314199999999977
0 0.4684724136718749 0.46964499513888885 0.009176735156249994 0.022432026388888856
0 0.4615898609375 0.46964499513888885 0.009176735937499991 0.022432026388888856
0 0.516535565625 0.4655664444444445 0.014912198437500024 0.02243202499999997
0 0.527432939453125 0.46658608333333335 0.01605928984374998 0.02854984722222219
0 0.658316135546875 0.4849395541666667 0.06997261640625005 0.08157099166666665
0 0.821776756640625 0.49411628958333337 0.17665218046874998 0.18149545972222225
0 0.286199473046875 0.5012537520833333 0.04244240703125 0.06117824305555557
0 0.2558015328125 0.5134894013888889 0.05276623749999998 0.05709969444444446
0 0.195005652734375 0.5308232368055555 0.07570807734375 0.07953171805555555
0 0.10897374765625001 0.5420392479166667 0.112415025 0.1264350375
0 0.028103755859375003 0.5685498208333333 0.056207511718750006 0.1427492361111111
0 0.400335135546875 0.4812688527777778 0.018353472656250026 0.024471297222222195
0 0.428438891796875 0.48228849097222226 0.03097148984375 0.03874622083333329
0 0.4531013703125 0.4741313916666666 0.01605929062499998 0.0224320222222222
0 0.493249592578125 0.49452413958333336 0.05506041953125003 0.07545316805555555
0 0.5858199183593751 0.5128776138888889 0.13191558671874998 0.16518126111111114
0 0.931897596484375 0.5163443895833333 0.13306268359375012 0.2740785541666667