6 0.75161774765625 0.4302869833333333 0.017206381250000024 0.02854984722222219
6 0.7599485085937501 0.4696158541666667 0.01720638281250002 0.024471297222222275
7 0.393534516015625 0.6272226687499999 0.019500564843749978 0.05302114583333335
7 0.5931285371093751 0.7029671729166667 0.01491219609375003 0.040785493055555594
7 0.38867302656249997 0.8493579541666667 0.12962140625 0.17741690277777783
0 0.31927395546875 0.819788470138889 0.04588368281249999 0.10604228749999989
0 0.405879406640625 0.8340633944444446 0.08832608984375004 0.14274923888888905
0 0.147592510546875 0.8493579555555556 0.29518502109375 0.2956948472222223
7 0.45509444609375 0.7259818291666666 0.016059289062500072 0.040785497222222175
0 0.280846371484375 0.7912386229166667 0.028677303906250007 0.048942593055555504
0 0.47885121562500005 0.7701661854166667 0.03978238593749994 0.035362120833333205
0 0.522728847265625 0.7732863722222223 0.04563273671874999 0.0457627444444444
0 0.596443267578125 0.7504050006944444 0.029251753906249966 0.033281995833333314
0 0.6450011792968751 0.7441646263888888 0.06552392890625 0.0457627444444444
6 0.259755576953125 0.6864411645833334 0.018721122656249988 0.033281995833333314