0 0.49590787148437504 0.43360825694444444 0.013672963281250006 0.035526333333333326
0 0.52798674765625 0.4195847027777778 0.014724731249999934 0.011218841666666653
0 0.5085290683593751 0.42238941458333334 0.011569430468749965 0.013088648611111135
0 0.5148396675781249 0.4569808437500001 0.036811825781250015 0.059833823611111114
0 0.5826786015625001 0.43734787083333326 0.01682826249999998 0.02804710555555556
0 0.607920996484375 0.44576200208333333 0.014724730468750025 0.03365652638888893
0 0.621593958984375 0.45043651944444446 0.02944946015625005 0.035526333333333326
0 0.6858568953125 0.4410874861111111 0.03470829374999997 0.03926594722222221
0 0.44941979960937495 0.4308035458333333 0.015776497656249954 0.026177299999999962
0 0.44626449921875 0.4008866347222222 0.017880031249999994 0.029916911111111076
0 0.43785036835937496 0.42799883611111117 0.01156943203124996 0.02056788055555556
0 0.41839268867187496 0.4298686423611111 0.02734592734375001 0.04674517361111109
0 0.392098528125 0.43828277430555557 0.02734592812500001 0.04113575694444446
0 0.36738201718749997 0.4429572909722222 0.03260475937499998 0.05048479027777775
1 0.36948555 0.4064960555555555 0.024190628124999992 0.026177299999999962
0 0.303644964453125 0.4244461840277778 0.032604758593749984 0.029916912499999962
0 0.324154409375 0.44688386874999997 0.05469185468750002 0.05983382083333334
0 0.21845188359374998 0.4487536756944444 0.04943302343749998 0.07479227916666666
0 0.259470773828125 0.45249329027777774 0.08098601484375001 0.08227150833333331
0 0.553123958984375 0.4827841590277778 0.08308954921874996 0.11218842083333334
0 0.091503679296875 0.4599725194444444 0.18300735859375 0.15332417499999995
0 0.0305012265625 0.4132273444444444 0.061002453125 0.06731305277777777
0 0.8773485171875001 0.4727495375 0.13147080312499995 0.05422440277777775
0 0.6492554359374999 0.45941157013888884 0.049433021875000004 0.05422440138888894
0 0.8556470718749999 0.6328050118055555 0.28790353437499994 0.30378132083333326
7 0.14198846796875 0.2837432076388889 0.012621196874999985 0.07198756805555556
7 0.685541378515625 0.3614336951388889 0.03576005859375 0.03178671805555556
7 0.629271874609375 0.3801317666666667 0.009465899218750008 0.009349036111111058
7 0.60876242890625 0.3661082145833333 0.021035328125000065 0.014958454166666652
7 0.4478421644531251 0.3707827326388889 0.00631059765624995 0.024307490277777788
6 0.466142894140625 0.37564424027777776 0.004207066406249993 0.016828263888888827
6 0.586149450390625 0.36162068819444443 0.005258832031249927 0.018698070833333347
6 0.58089061875 0.35881597708333335 0.005258832812500014 0.01682826250000002
6 0.6441017546875 0.40238247152777784 0.00841413124999999 0.01421051249999997
6 0.26094324882812503 0.3625555916666667 0.011569430468750008 0.01308864722222225
2 0.47066549296875004 0.4242592055555556 0.042701723437499964 0.0826454611111111