0 0.008773270703124999 0.48090520486111116 0.017546541406249998 0.0710526625
0 0.12428800078124999 0.4471118652777777 0.05751366406250001 0.06585368611111109
0 0.199348204296875 0.42804895625000006 0.14719598359375 0.09011557083333335
0 0.27879504375 0.41331852708333333 0.031193850000000013 0.039858809722222256
1 0.295366777734375 0.39425561875 0.019496157031250006 0.0710526625
1 0.32656062890625004 0.3821246763888889 0.050690007812500014 0.08145061111111107
1 0.3884609265625 0.3743262131944445 0.03801750625000002 0.04852376805555557
0 0.351418228515625 0.3985880958333333 0.05166481640625 0.04852376666666661
0 0.948488034375 0.25301679097222224 0.09943040156249996 0.11091147083333336
0 0.41624295078125 0.3795251881944444 0.019496156249999962 0.017329918055555598
0 0.429890259765625 0.3803916847222223 0.01949615703125005 0.015596925000000065
0 0.4396383390625 0.3760592034722222 0.011697695312500044 0.01732991527777775
0 0.51713556171875 0.37259322013888885 0.012672501562499949 0.038125818055555566
0 0.64873462109375 0.3413993701388889 0.030219042187500024 0.020795901388888892
0 0.6877269355468749 0.34313236180555556 0.024370196093749998 0.013863934722222224
0 0.721845209765625 0.3301349243055556 0.03606788984374996 0.02252889305555554
0 0.8553938851562499 0.31193851111111115 0.03801750468750011 0.020795902777777778
0 0.45231084062499993 0.37605920416666666 0.009748078124999981 0.013863933333333339
0 0.45913449531250006 0.3777921965277778 0.009748078124999981 0.020795901388888892
0 0.534682103515625 0.38039168263888884 0.03606788984374996 0.05372274305555555
0 0.48789132773437505 0.40638656041666665 0.06336251015625001 0.09531454583333338
0 0.60340605625 0.3821246743055555 0.0799342421875 0.10571249583333334
7 0.8680663867187499 0.06065471041666667 0.19398676093749997 0.12130942083333333
7 0.9835811164062498 0.033793338888888885 0.031193851562500007 0.06758667777777777
7 0.764249351953125 0.2261554201388889 0.03899231328125001 0.06412069305555555