0 0.229652928125 0.620816613888889 0.01377551718750003 0.01836735277777777
0 0.21372498632812498 0.6238778416666667 0.012914546093749956 0.024489808333333307
0 0.1969360765625 0.6223472270833332 0.022385214062500002 0.03979593472222223
0 0.18402152890624998 0.6315309041666667 0.024107153125000003 0.027551030555555578
0 0.165510680078125 0.6376533583333333 0.02669006171874999 0.027551033333333346
0 0.13021091914062502 0.6353574368055556 0.052519157031250006 0.0719388069444444
0 0.088453884765625 0.6537247909722222 0.053380125781249996 0.08112248472222221
0 0.48708288906249997 0.6269390659722223 0.06543370156249999 0.07346942083333335
0 0.544767864453125 0.63612274375 0.07748727890625 0.08877555138888893
0 0.3329693015625 0.6185206958333334 0.037882670312499964 0.04438777777777779
0 0.639905025390625 0.6521941791666667 0.12656255703125002 0.10255106666666668
0 0.049553582421875 0.6745166687499999 0.09470667578125 0.11632658194444451
0 0.9229207109375 0.6921187180555556 0.14705241718750006 0.19132661666666673
6 0.31144505703125 0.5602043333333333 0.013775517187499985 0.021428580555555576
6 0.22663953281250002 0.5885206722222222 0.012914546875000044 0.016836741666666672
6 0.291642751171875 0.5839288354166666 0.012053575781250015 0.016836743055555558