7 0.5792862128906251 0.17030636944444444 0.046022736718750054 0.024901194444444445
7 0.560276821484375 0.23878464583333334 0.09604745546875 0.11561267777777778
7 0.441217997265625 0.38196649930555554 0.024011864843749998 0.021343879166666666
7 0.46122788359375005 0.38641314097222224 0.020009887499999924 0.030237162500000005
7 0.4182066265625 0.38374515624999994 0.01600790937499994 0.021343879166666666
7 0.1485734078125 0.26190718125 0.08704300624999999 0.08715417361111114
7 0.071535344140625 0.2654644944444444 0.037018289843749996 0.10849805
7 0.26763223203125 0.3241601604166666 0.02501235937499997 0.0444664125
7 0.498746420703125 0.40375504375000004 0.009004449218750033 0.014229251388888918
0 0.411203167578125 0.4341700798611111 0.01400692109374999 0.019565220833333303
0 0.426710830078125 0.43239142430555555 0.011005439843749975 0.03735178749999998
0 0.36968265234375003 0.4386167222222222 0.013006426562499973 0.01778656944444445
0 0.47373406171875 0.4341700798611111 0.007003460937499995 0.019565220833333303
0 0.390192786328125 0.43636375208333333 0.03201581796874997 0.04624507083333332
0 0.44972219960937504 0.4416997208333333 0.04502224453124999 0.07470357499999997
0 0.31965793593749997 0.4550396444444445 0.06703311875 0.08003954722222227
7 0.7141028242187499 0.3308301243055556 0.03301631406250003 0.06758894861111114