0 0.368840421484375 0.5811392624999999 0.022466722656250004 0.04792901111111113
0 0.26026292500000003 0.5505421069444444 0.03953360781250002 0.02928415555555554
0 0.20878687187499997 0.5849509916666666 0.046946160937499995 0.06296093055555553
0 0.261086541015625 0.6296093256944444 0.12354252734375 0.13177869861111116
0 0.144132948828125 0.5776299520833333 0.09718678828125 0.11567240972222222
0 0.3195633375 0.5805583673611111 0.08565615312500001 0.11860082638888893
0 0.497876386328125 0.5783620576388889 0.02388488828124995 0.03221257083333329
0 0.43322246328125 0.6616754895833333 0.14495656562500003 0.1976680458333334
1 0.43116342109375 0.5108620833333333 0.11448274218750001 0.20645329166666665
0 0.59218051484375 0.5410247590277778 0.01811957031249998 0.01903470138888884
0 0.758304044140625 0.5468815902777777 0.10624657265625012 0.02489153055555554
2 0.9026089714843749 0.5204480722222222 0.1905994492187501 0.0774474555555556
7 0.36918625390625 0.47293909861111116 0.015648721874999973 0.02489153333333331
7 0.562324405859375 0.45683281388888886 0.016472336718750036 0.030748361111111126
7 0.55285281171875 0.4290128666666667 0.018943187500000035 0.01317786944444445
7 0.5631480210937501 0.49563431874999997 0.016472337500000035 0.03221257083333337
7 0.671865445703125 0.44365494375 0.028002974218749976 0.013177870833333334
7 0.62574290234375 0.49050959166666663 0.011530635937499945 0.02196311666666667
7 0.5639716386718749 0.30748362500000004 0.026355739843749948 0.0658893472222222
7 0.701515653125 0.47220699652777776 0.011530635937500033 0.008785248611111109
7 0.68463150703125 0.4970985256944445 0.010707018750000064 0.011713662499999975
7 0.70522192890625 0.48831327986111106 0.015648718749999978 0.008785245833333337
7 0.8691216820312502 0.3287146354166666 0.012354253125000093 0.026355737499999973
7 0.874475191015625 0.4048534368055556 0.013177867968749979 0.04392623194444438
7 0.8950656121093751 0.4582970208333333 0.016472336718750036 0.027819947222222256
7 0.8752988085937499 0.4722069930555556 0.019766803124999833 0.01464207777777773
7 0.290530844140625 0.48611696666666665 0.01976680390625001 0.03514098333333335
7 0.34447774765625 0.49050959166666663 0.017295953125000006 0.017570494444444446
0 0.3444777484375 0.5080800847222222 0.018943187499999993 0.017570491666666674
0 0.549970151953125 0.48172434374999995 0.008236167968749975 0.026355737500000014
0 0.651686834375 0.5080800847222223 0.007412551562500003 0.014642077777777807
6 0.5149664359375 0.4517080854166667 0.005765317187500063 0.026355737500000014
6 0.64592151484375 0.4363339048611111 0.005765317187499975 0.024891531944444427
6 0.6533340675781251 0.43779811250000006 0.007412552343750001 0.027819947222222256
6 0.653745875 0.3960681923611111 0.008236167187499976 0.01757049305555556
6 0.241113833203125 0.4480475666666667 0.008236167968750019 0.016106286111111166