7 0.6099130960937501 0.4170458569444444 0.019882929687500005 0.03126888055555557
6 0.561735228125 0.22875281527777777 0.012235648437499958 0.051661627777777816
6 0.43670218984375 0.30964404930555556 0.006882551562499994 0.042145015277777746
6 0.353346833984375 0.42452319652777776 0.016059288281249983 0.02447129583333331
0 0.33690518046875 0.4748253069444444 0.0535309640625 0.07885196111111112
0 0.5410875691406251 0.5054144305555556 0.026000752343750034 0.05845921111111115
0 0.5770297890625 0.4999763625 0.04435422656250001 0.06661630833333337
0 0.67024165 0.4965775736111111 0.036706948437499956 0.054380661111111075
0 0.8920127855468749 0.5387225826388888 0.03670694609374987 0.0462235597222222
0 0.7903039546875 0.5176500791666666 0.035177490625000016 0.05302114444444438
2 0.633152337890625 0.48774071458333335 0.037471674218750015 0.06389727638888887
0 0.18548902656250002 0.6102482625 0.3685989203125 0.4499999722222222
0 0.4921449750000001 0.4946893604166667 0.0780022625 0.12915407083333333
0 0.720416297265625 0.5137225916666667 0.06194297265624993 0.06661630833333337
0 0.84459964453125 0.5273177548611111 0.048942595312500004 0.06389727638888887
0 0.95969121796875 0.5422724375 0.07876698906250006 0.06933534444444445