0 0.5097117984375 0.6280490798611111 0.023401403125000008 0.02704162083333333
0 0.4728545875 0.6259689548611111 0.01755105312499996 0.022881370833333314
0 0.36754827343749996 0.6644512631944445 0.0479728765625 0.05824349305555556
0 0.031153100390625004 0.7507764395833334 0.06084364765625 0.07696461527777781
0 0.42871371015625004 0.6404704111111111 0.011700701562500004 0.018721125000000033
0 0.439244340625 0.6415104729166666 0.01638098281250002 0.02496149583333328
0 0.4556253234375 0.6342300354166667 0.01638098281250002 0.022881370833333393
0 0.4035572 0.6363101618055556 0.019891192187500017 0.018721123611111147
0 0.426958604296875 0.6238294131944444 0.015210913281249993 0.018721123611111067
7 0.768619092578125 0.3827429534722222 0.015210911718749998 0.05824349305555552
7 0.76861909296875 0.28913733888888893 0.017551051562499965 0.09568573888888889
6 0.756333355859375 0.4524271319444444 0.028081683593750028 0.03120186944444446
6 0.667408023046875 0.5449926819444444 0.01404084140625006 0.024961497222222247
7 0.052536150000000004 0.7278356506944444 0.024571473437499998 0.05616336805555559
7 0.584333041796875 0.5541452340277778 0.009360561718750039 0.0166409986111111
0 0.706929574609375 0.5845150506944444 0.05499329765625003 0.04160249583333334
0 0.7759637140625 0.5761945527777779 0.07605456093749999 0.045762744444444475
0 0.8555284855468749 0.5574734326388889 0.09243554296875 0.054083245833333314
7 0.5975280148437501 0.3806628277777777 0.025741543749999974 0.045762744444444475