7 0.22684690234375 0.29513734583333334 0.05574362031250002 0.03739613888888888
7 0.174258579296875 0.2689600486111111 0.02629416015624999 0.01869806944444446
7 0.17636211328125 0.3456221340277778 0.03260475937499998 0.04113575416666669
6 0.14954206953125 0.41480499375 0.04207065624999999 0.05609420972222223
0 0.24840811484375003 0.5821527166666667 0.05048478906249998 0.054224402777777826
0 0.037003061718749994 0.5886970423611111 0.07362365 0.052354595833333344
2 0.1011608125 0.5625197458333334 0.12831550468750003 0.08601112222222226
0 0.572336228515625 0.5740307430555556 0.02629416015624999 0.044875366666666694
0 0.47925490039062496 0.5721609368055556 0.09465897890625001 0.09349034861111108
0 0.390380637109375 0.5740307458333334 0.02629416171875003 0.08975073888888885
0 0.58811272890625 0.5656166131944445 0.01998356249999995 0.024307490277777788
0 0.9925169203124999 0.5721609361111111 0.014724729687500115 0.06357343888888889
0 0.964645109765625 0.5755889152777779 0.06415775234375012 0.08414131666666667
7 0.9961981035156249 0.32534641527777775 0.005258832031250016 0.02617729722222223