0 0.491611143359375 0.6052034222222222 0.020096888281250003 0.019139894444444396
0 0.47438523984375003 0.6128593791666666 0.014354921875000048 0.019139894444444472
0 0.461106939453125 0.6186013451388889 0.01937914453125007 0.022967870833333372
0 0.44603427265624995 0.624343313888889 0.02655660156249997 0.026795850000000045
0 0.37009674296875 0.6377412381944445 0.0495244703125 0.05359169861111113
0 0.60515855546875 0.58695671875 0.02440336406250001 0.06379964305555556
0 0.627049807421875 0.5939746805555556 0.033734060156250044 0.09059549444444441
0 0.7031308839843751 0.6086485986111111 0.13421849921874998 0.14546318611111103
0 0.585420546875 0.5920606902777777 0.019379142187499986 0.03317581666666669
0 0.5549163371093749 0.5981854590277778 0.022967872656249978 0.02807184305555555
0 0.530871846484375 0.6013754444444445 0.02081463359374993 0.026795852777777737
7 0.7103292953125 0.47062870625 0.018661398437500053 0.06252365694444441