6 0.490093032421875 0.37692263125000003 0.009182285156250015 0.008162031944444455
6 0.47081023203125005 0.375290225 0.007345828124999976 0.0212212833333333
6 0.355572544140625 0.40548974374999996 0.006427599218750002 0.0195888763888889
6 0.446936288671875 0.37692263125000003 0.005509372656250022 0.017956470833333307
6 0.5199354609375 0.39732771180555554 0.006427599999999955 0.016324065277777716
0 0.52140080078125 0.42524186180555557 0.010100514062500033 0.02775090972222224
0 0.530123972265625 0.4293228756944444 0.014691658593750035 0.02938331250000006
0 0.42085477031249996 0.42932287638888894 0.020201029687499972 0.035912938888888926
0 0.46263417070312496 0.4227932520833333 0.015609886718749966 0.022853690277777776
0 0.13023541640625 0.45299276875 0.0798858875 0.057134223611111104
0 0.05494067265625 0.4693168326388889 0.074376515625 0.057134223611111104
0 0.2193035890625 0.44809554930555556 0.05233902968750002 0.031015720833333343
0 0.39009410664062505 0.43748490833333337 0.052339028906250015 0.06203144166666661
0 0.481916965234375 0.43177148541666666 0.021119257031249995 0.02775090972222224
0 0.438301107421875 0.43340389166666665 0.027546858593749945 0.037545344444444434
0 0.5434382871093749 0.42605806388888884 0.026628628906250017 0.029383313888888946
0 0.6081734027343749 0.4587061916666667 0.08631348828125 0.09467956944444443
0 0.016689555078125 0.4768444340277779 0.029802777343749996 0.07629510972222223