6 0.51818699375 0.3697400430555555 0.005509371875000025 0.02448609722222225
6 0.52461459453125 0.3689238402777778 0.00734582968750006 0.019588875000000013
6 0.37148905117187503 0.3678744340277778 0.009182285156250015 0.02775090694444443
6 0.377916651171875 0.3678744375 0.007345828906249974 0.02448609722222225
7 0.576021496484375 0.4372112958333333 0.01010051484375003 0.02285368888888889
7 0.60244978046875 0.40842806874999993 0.015609885937499967 0.009794437499999968
7 0.626782838671875 0.40353085069444444 0.018364572656249932 0.013059251388888842
1 0.5289914945312499 0.46882710625 0.013773429687500015 0.032648129166666706
1 0.4591142921875 0.46441961527777775 0.04040205781249995 0.07835550555555552
0 0.510167808203125 0.47747886458333333 0.014691657031250038 0.017956470833333387
0 0.503281092578125 0.47094923888888884 0.011936971093749981 0.024486097222222173
0 0.48904855156250004 0.46931683055555545 0.020201029687499972 0.034280533333333335
0 0.483998293359375 0.4791112729166667 0.010100513281249945 0.024486095833333287
0 0.43487306367187506 0.4864570993055556 0.016528114843749987 0.03264812916666663
0 0.379320234765625 0.4905381166666667 0.022955713281250033 0.03754534722222229
0 0.306321062109375 0.5044135715277778 0.03672914296874996 0.05223700416666664
0 0.54506049375 0.4742140506944444 0.011018742187499963 0.02122128472222226
0 0.5565383503906249 0.4766626611111111 0.02295571484375003 0.035912941666666615
0 0.567740737890625 0.4823760819444445 0.02883237109374992 0.03754534722222229
0 0.409070834375 0.4815598791666667 0.04132028750000001 0.05876663055555558
0 0.3447948328125 0.5060459763888889 0.06703068593750001 0.0750906944444445
0 0.199561675 0.5201935069444444 0.062439545312500025 0.06856106666666667
0 0.116833112109375 0.5168198666666667 0.12212440078125 0.11100363333333334
0 0.595012123828125 0.4946191305555555 0.020201028906249974 0.06529625555555556
0 0.6230180953125 0.48672916111111114 0.05968485781249999 0.08434100277777772
0 0.6340368390625001 0.5052297743055555 0.06703068593750006 0.08978235138888893
0 0.706576897265625 0.5264510548611111 0.12396086015624999 0.15018138749999996