7 0.4547478601562499 0.19322857777777777 0.13744790624999997 0.0710526611111111
1 0.11210290234375 0.43758041111111107 0.2242058046875 0.34139936944444443
0 0.24955080859374998 0.5164315347222221 0.062387701562499974 0.07971761944444443
0 0.288543122265625 0.4956356340277777 0.027294619531249963 0.034659834722222234
1 0.33094726406249997 0.4783057166666667 0.043866353125 0.0623877027777778
6 0.385536503125 0.4323814354166667 0.004874039062499991 0.015596926388888871
6 0.41770516171875 0.4384469069444445 0.002924423437499968 0.017329916666666712
0 0.36262851874999996 0.49043665833333333 0.01754654062500003 0.017329916666666632
0 0.37432621289062495 0.4895701625 0.005848847656249978 0.015596924999999985
0 0.3845616953125 0.4887036666666667 0.012672501562499994 0.013863933333333339
0 0.4094192953125001 0.4887036666666667 0.009748078124999981 0.013863933333333339
0 0.432327279296875 0.4878371708333333 0.010722885156250061 0.012130941666666612
0 0.47278180546875 0.4999681145833334 0.021445773437499937 0.032926843055555585
0 0.44743680117187506 0.48523768333333334 0.009748078906250068 0.017329916666666632