6 0.508381569921875 0.5337828979166667 0.007993421093750008 0.01953947361111111
6 0.47241117500000007 0.5302302659722222 0.007993421875000007 0.02664473750000001
7 0.61279563359375 0.5426644777777778 0.022981085937500013 0.04085526388888883
7 0.715710929296875 0.48493421388888885 0.012989308593749981 0.024868422222222207
7 0.72919982734375 0.4254276347222223 0.03197368437500003 0.026644736111111043
0 0.392476963671875 0.6083881611111112 0.04396381640624995 0.062171052777777826
0 0.378988065625 0.6332565819444445 0.03696957187500001 0.062171052777777826
0 0.34601520351562504 0.6385855298611112 0.06494654609375003 0.07993420972222225
0 0.27857071328125 0.6670065826388889 0.09592105312500002 0.12967105416666674
0 0.13968502148437498 0.6767763194444445 0.23780427734375 0.23092105277777775
0 0.050358546875 0.7584868458333334 0.10071709375 0.22381578888888884
0 0.5328614222656249 0.5968421083333333 0.014987663281250008 0.021315788888888833
0 0.547849086328125 0.6075000034722222 0.02497944140624995 0.042631579166666635
0 0.5754752554687499 0.6189378756944445 0.04026467656249997 0.05840205972222223
0 0.6757438238281249 0.6661184243055556 0.07893503359374998 0.12789473750000005
0 0.810133216015625 0.6785526354166667 0.25379111953125 0.25934210694444443
0 0.953015617578125 0.818881582638889 0.09392269921874999 0.3588157902777777
0 0.46092063203125005 0.6527960555555555 0.11290707343749995 0.1794078944444445
7 0.34167015 0.497368625 0.020470964062499996 0.017329916666666632