7 0.791714808203125 0.30686658819444446 0.09929212265625012 0.029834254166666695
7 0.870029722265625 0.48960138541666665 0.03775897578125011 0.027348065277777778
6 0.87911984765625 0.45266374722222225 0.01957872968750003 0.052209941666666676
6 0.9895998140625 0.4166140243055556 0.016781767187499953 0.03977900416666663
6 0.689625725390625 0.25714283055555553 0.02097721015624998 0.07458563055555555
6 0.7085052140625001 0.26655482708333333 0.013984806249999959 0.07209944583333336
6 0.6665507953125 0.2610497131944444 0.013984806250000047 0.08453037916666667
6 0.741369507421875 0.5718231819444445 0.004195441406250033 0.01988949999999995
0 0.293904565625 0.6437741229166666 0.039967121875 0.05712412083333333
0 0.22393168398437496 0.6387726520833333 0.06572858828124999 0.13176794861111113
0 0.581243478125 0.5902919909722223 0.030766571875000003 0.03480662638888887
0 0.5630632304687501 0.6238555215277778 0.02517264999999993 0.08204419583333333
0 0.5973260054687499 0.6288278986111111 0.04894682187499999 0.0720994444444444
0 0.736101714453125 0.6222681347222222 0.05239604140624996 0.10373129444444444
0 0.36377974531249996 0.6536897743055555 0.11047996874999995 0.11685082361111108
0 0.10436159375000001 0.6810378423611111 0.20697512968749998 0.24116020972222232
0 0.8889092109375 0.7195737527777778 0.2181629734375 0.5569060527777778
0 0.67913712109375 0.6698499965277778 0.15103590625000002 0.1790055180555555
0 0.487545278515625 0.6611483395833334 0.15662982734375 0.24116020972222216