6 0.410316787890625 0.6125967361111111 0.011700702343750003 0.027041622222222214
6 0.44307875195312507 0.640678420138889 0.009360561718750039 0.0166409986111111
6 0.45360938359374997 0.6541992305555556 0.00936056093750004 0.01872112222222226
6 0.527272145703125 0.5972032763888889 0.009438557031250027 0.016779658333333378
6 0.496388633984375 0.6333979833333334 0.005993728906249984 0.01872112222222226
7 0.5706163996093749 0.5876352388888889 0.014040841406249971 0.01872112222222218
7 0.5723715054687499 0.6219572986111112 0.015210912499999996 0.01248074999999997
7 0.507432611328125 0.6583594805555555 0.009360561718750039 0.014560872222222245
7 0.5191333128906249 0.6469187944444444 0.009360561718750039 0.016640997222222214
7 0.751977276171875 0.5616336805555556 0.03042182421875008 0.06656399166666671
6 0.19911912265625 0.6209172347222223 0.01287077187500001 0.027041619444444442
7 0.1997041578125 0.6593995430555555 0.01638098281249998 0.016640997222222214
7 0.544289821484375 0.6323579208333333 0.010530632031249976 0.024961497222222247
0 0.475840716796875 0.6718802923611111 0.011700702343750003 0.020801248611111114
0 0.463554980078125 0.6739604159722222 0.012870772656250029 0.0166409986111111
0 0.502752330078125 0.6698001666666666 0.01404084140625006 0.016640997222222214
0 0.5600857687499999 0.6802007902777777 0.021061262500000046 0.045762744444444475
0 0.574126610546875 0.6843610402777778 0.021061263281249954 0.045762744444444475
0 0.5946028386718749 0.6854011027777778 0.04095245546874997 0.06448386944444442
0 0.63204508359375 0.6926815388888888 0.05499329687500003 0.07072424166666665
0 0.675337680078125 0.7134827861111112 0.08541512265624993 0.09568573888888897
0 0.78649434609375 0.7363641583333334 0.13923835 0.1248074833333333
0 0.5267387691406251 0.6947616625 0.043292596093750024 0.06240374166666669
0 0.1289149125 0.7259635347222223 0.036272175 0.037442244444444446
0 0.10141826289062501 0.7249234722222222 0.035102103906249994 0.04368261944444451
0 0.080357000390625 0.7332439708333334 0.032761964843750005 0.03952236944444441
0 0.055200491796874994 0.7301237840277777 0.043292596093749997 0.05408324305555554
0 0.019702271875 0.7322039090277778 0.03940454375 0.06656399305555559
0 0.235736112109375 0.7043992666666666 0.04164208515625001 0.038968286111111104
6 0.580042262890625 0.6361015743055556 0.008580507031249952 0.018305081944444464