0 0.08889963593750001 0.36706946458333334 0.047030775000000004 0.02447129861111108
0 0.46032807148437505 0.37318728888888886 0.030971486718750007 0.03670694722222226
0 0.570448910546875 0.34259816666666665 0.008029644531250036 0.01631419722222221
0 0.560698627734375 0.35177490347222223 0.011470921093749985 0.01835347361111109
0 0.5526689832031251 0.3487159909722222 0.011470921093749985 0.012235648611111098
0 0.542345154296875 0.35075526597222223 0.011470921093749985 0.01631419861111109
0 0.6088764945312499 0.3487159909722222 0.016059289062499982 0.020392748611111088
0 0.622641599609375 0.3548338152777778 0.020647657031249978 0.02854984722222219
0 0.631818336328125 0.3578927270833333 0.022941841406249976 0.04282477083333328
0 0.64099507265625 0.36706946388888895 0.032118578124999964 0.06117824444444445
0 0.67735787109375 0.3680891013888889 0.06079588125000006 0.09176736666666668
0 0.18754955429687498 0.41193351041666665 0.11585629921874999 0.11012084027777781
0 0.43027424453125 0.3782854763888889 0.0378540390625 0.04282477222222225
0 0.3826699234375 0.38032475 0.04588368281249995 0.05913896944444445
0 0.319579859375 0.39663894930555554 0.05964878749999998 0.06729606805555556
0 0.5213533484375 0.35891236527777776 0.02179475000000002 0.03670694722222218
0 0.5844434125 0.3456570791666666 0.01950056562500002 0.03466767222222222
0 0.73861258046875 0.3895014868055556 0.10667956250000002 0.13459213750000004
0 0.08889963593749999 0.3996978611111111 0.0699726171875 0.04486404444444447
0 0.04760432109375 0.39663894930555554 0.0378540390625 0.03874622083333337
0 0.010323828515625 0.3782854763888889 0.02064765703125 0.04282477222222225
0 0.026956663671875 0.39459967430555554 0.049324958593749996 0.04690332083333336
6 0.532709552734375 0.3048715826388889 0.0045883679687499955 0.01835347361111113
6 0.5235328164062499 0.3048715826388889 0.004588368750000083 0.01835347361111113
6 0.528121184765625 0.30283230833333336 0.0045883679687499955 0.026510572222222233