0 0.02435567421875 0.6665980548611111 0.0487113484375 0.03917526527777777
0 0.31430417578125003 0.65731969375 0.03247423281249997 0.024742270833333337
0 0.6036727808593749 0.6439176381944445 0.024355674218749977 0.039175262499999995
0 0.63301558984375 0.6428867097222222 0.041752584375 0.05360825555555561
0 0.6935568156249999 0.6439176381944445 0.06030928906250006 0.05567011250000004
0 0.10902063749999999 0.665567125 0.0185567046875 0.032989697222222246
6 0.10554125546875 0.5855671069444445 0.011597940625000002 0.024742272222222222
6 0.13801548749999998 0.6010310291666667 0.0069587640625 0.026804130555555538
6 0.195425289453125 0.5865980361111112 0.008118558593749992 0.026804130555555538
6 0.184407246875 0.5350516368055556 0.006958765624999997 0.026804129166666652
6 0.232538698828125 0.6051547395833333 0.008118558593749992 0.01855670416666663
6 0.24819591718750003 0.60206195625 0.009278351562499986 0.016494848611111085
7 0.245876329296875 0.6253609326388889 0.009278352343750029 0.014432993055555619
7 0.23311859648437502 0.6284537166666666 0.006958764843749998 0.0164948472222222
7 0.24645622656250002 0.6449485652777778 0.008118557812499993 0.01649484999999997
7 0.23311859648437502 0.6449485597222223 0.006958764843749998 0.0164948472222222
6 0.29516757382812503 0.6000000986111111 0.010438146093750022 0.020618561111111135
6 0.358956244140625 0.5948454611111111 0.008118557031249996 0.02268041666666668
6 0.29110829453125 0.639175363888889 0.009278351562499986 0.01649484999999997
6 0.270811901171875 0.6371135055555556 0.010438146093749979 0.01649484722222228
6 0.40476810781250006 0.5938145312499999 0.0069587656249999515 0.016494848611111085
6 0.46159801484375 0.6030928833333333 0.006958764062500044 0.018556702777777743
6 0.509729465234375 0.5835052513888889 0.010438146093750067 0.020618561111111135
6 0.5561212261718749 0.5793815402777778 0.008118558593749992 0.0164948472222222
7 0.387951094140625 0.5969073145833333 0.01971649765625001 0.014432993055555541
7 0.108440739453125 0.6037114472222223 0.01971649765625001 0.012371138888888883
7 0.509497527734375 0.6078351583333332 0.010438146093750067 0.0164948472222222
7 0.49500010312500003 0.6253609326388889 0.009278353125000027 0.014432993055555619
7 0.5108892597656249 0.6305155666666666 0.010438146093749979 0.020618561111111135
0 0.41810573984375 0.6552578444444445 0.019716498437500007 0.024742272222222222
7 0.749574887890625 0.5397939111111111 0.015077322656249947 0.008247425000000023
7 0.7431960203125 0.5665980395833333 0.020876293750000042 0.012371137499999997
0 0.34155933515625 0.6572902368055555 0.022036085937499995 0.030927843055555588
0 0.36301552421874994 0.6583211666666666 0.0208762921875 0.02886598333333331
0 0.390270682421875 0.6552283840277777 0.026675263281250007 0.022680418055555564
0 0.175078062890625 0.6524997722222222 0.06749997421875002 0.035624988888888966