7 0.6923153640624999 0.5502553479166666 0.028507695312500036 0.05663267916666667
7 0.50711119765625 0.5846941388888889 0.01721939531250003 0.030612258333333385
6 0.451291674609375 0.5862247541666666 0.006026788281250006 0.021428580555555576
0 0.44913925039062497 0.6288268291666667 0.010331636718750037 0.01989796666666671
0 0.42890645898437507 0.6341839743055555 0.011192607031250024 0.015306129166666614
0 0.42072724804687506 0.6403064243055555 0.010331638281250033 0.021428576388888922
0 0.406521246484375 0.6410717319444444 0.023246185156249988 0.04132654999999998
0 0.45889689023437497 0.6448982631944444 0.025829092968750002 0.03979593472222223
0 0.37810923007812497 0.6614799215277778 0.03529976171875 0.047449001388888946
0 0.033147336328125 0.8586738555555555 0.06629467265625 0.2755103277777778
7 0.98183384921875 0.6211625076388889 0.03305622968749997 0.13222491527777774