0 0.282986848828125 0.6482127812499999 0.05620572421875001 0.048897654166666624
7 0.2740178484375 0.5963387479166666 0.019133859374999986 0.04039371250000004
6 0.275811651171875 0.48940171250000003 0.008371067968750001 0.05442520833333333
2 0.3828417 0.5442521208333334 0.15546264218749997 0.340157575
0 0.5263456765625 0.6462993916666666 0.2822244890625 0.42094499722222223
0 0.66566411953125 0.6250395416666666 0.02750492656250003 0.11905514722222227
0 0.7081173796875 0.6431104152777778 0.1004527828125 0.14669295277777783
0 0.8348792249999999 0.6718112097222222 0.2391732921874999 0.23811030277777775
7 0.03783422265625 0.5368111736111112 0.0227214625 0.014881897222222228
7 0.07371021679687499 0.5474410951388888 0.008371066406249994 0.03188977083333329
7 0.7033339132812501 0.47409462013888887 0.026309062499999935 0.012755906944444461
7 0.67343725234375 0.48472454513888896 0.03109252812500003 0.05527560972222219
6 0.76372517109375 0.5112993527777778 0.017937996875000018 0.027637802777777803
6 0.76133343828125 0.44645681458333336 0.013154531250000013 0.051023629166666654
6 0.081483348046875 0.6186615888888889 0.019133863281249996 0.025511819444444465
0 0.9383216773437499 0.7260238256944446 0.12078251406250011 0.37204734861111116