6 0.268578936328125 0.04263157916666667 0.015986841406249973 0.08526315833333334
6 0.302051387109375 0.047072368749999996 0.020982730468750033 0.09414473749999999
6 0.6632541039062501 0.36325658194444443 0.01798519843749995 0.04796052777777773
7 0.6672508128906249 0.22736842222222223 0.01998355078124998 0.0355263166666667
7 0.7142121628906251 0.2433552659722222 0.05395559140625004 0.031973687499999986
7 0.68773395546875 0.27710526319444445 0.028976151562499997 0.03907894861111111
0 0.36400040078125 0.5089144763888889 0.008992598437499976 0.019539474999999997
0 0.35300944687499997 0.5098026340277777 0.014987664062499961 0.028421051388888844
0 0.40096997343749996 0.5115789506944444 0.010990953124999958 0.0213157902777778
0 0.4104621609375 0.5106907923611111 0.021981907812499958 0.04440789305555555
0 0.42345146953125 0.5177960548611111 0.029975328125000013 0.04796052638888892
0 0.43444242421875 0.5328947395833333 0.029975329687500007 0.06039473749999994
0 0.44443420039062503 0.5400000027777778 0.023980263281250025 0.060394736111111055
0 0.495891849609375 0.5400000027777777 0.10491365390625003 0.1634210527777778
1 0.332526305078125 0.5089144756944445 0.03397203984374997 0.07993420972222218
1 0.29106043242187496 0.5053618451388888 0.06894325703125 0.11190789583333335
0 0.172158294140625 0.5124671076388889 0.07893503359374998 0.07638157916666664
0 0.106712159375 0.5577631611111111 0.1238980265625 0.11368421111111107
0 0.672246701171875 0.618157898611111 0.2777713835937501 0.3410526333333333
0 0.215622521875 0.5630921083333333 0.109909540625 0.12434210555555557
0 0.8306163570312499 0.7531578993055557 0.33872121874999994 0.49026316249999996
1 0.37599053242187497 0.5009210548611112 0.014987664843750003 0.02842105138888892