0 0.055076643359375 0.3873236506944444 0.05946327890625001 0.05718872638888889
0 0.18082685664062498 0.37016703055555555 0.030219044531249996 0.04505778611111108
0 0.10254978593750001 0.3748461104166667 0.04523108281250001 0.06481389305555554
0 0.2168947453125 0.36930053333333335 0.026319812499999973 0.029460858333333364
0 0.503780712109375 0.3796984895833333 0.013647310156249936 0.01559692361111118
0 0.930746548046875 0.43532752986111106 0.13647309921875 0.11091147083333329
0 0.5522286457031249 0.3795251881944444 0.02242058046874993 0.038125818055555524
0 0.540043546875 0.3786586916666667 0.009748079687499977 0.01906290833333336
0 0.52249700546875 0.38559065833333334 0.03509308281249997 0.057188727777777774
6 0.12185098046875001 0.25561627986111113 0.011697693750000005 0.05372274305555555
6 0.106254055859375 0.2928756020833333 0.013647310156250014 0.027727868055555563
6 0.102354823828125 0.19236208194444443 0.015596925781250003 0.062387702777777776
6 0.24565157656250003 0.29980756875 0.01754654062500003 0.027727868055555563
6 0.254912251171875 0.2564827763888889 0.012672500781249995 0.041591802777777784
6 0.676029241015625 0.19972729652777776 0.013647310156249936 0.04332479305555555
6 0.50251344453125 0.13127412361111113 0.013647309375000027 0.051989752777777794
6 0.48740392304687497 0.13474010555555557 0.014622117968750015 0.04852376666666666
6 0.8029979632812501 0.1696165652777778 0.02047096406250004 0.06542043888888889
6 0.840040661328125 0.25604952708333334 0.03606788984374987 0.06238770416666668
7 0.15889367890625 0.23308738680555557 0.01949615468749999 0.05372274305555555
7 0.15938108242187501 0.2850771395833333 0.014622116406249996 0.05025676249999999
7 0.26124850312500003 0.29634158541666666 0.02729461875000001 0.020795901388888892
7 0.11746434609375 0.30154056041666666 0.0243701953125 0.06238770138888891
7 0.8185461605468749 0.18109763541666668 0.015012064843749862 0.039858809722222235
7 0.8203008027343751 0.21662396527777777 0.05946327734375005 0.03465983611111112
7 0.6731048171875 0.29634158402777777 0.014622117187500016 0.06585368472222221
7 0.688701744140625 0.2382863625 0.03021904296875002 0.01906290833333336
7 0.600091716015625 0.17416566805555556 0.07603501171875005 0.02599487500000001
7 0.5981420999999999 0.31540449374999996 0.009748078124999981 0.0311938513888889
6 0.48116515781249997 0.3465983472222222 0.005848846875000024 0.01386393611111111
0 0.27538321718750003 0.3734597180555555 0.030219045312500015 0.036392825
0 0.250038212109375 0.37086022916666667 0.024370196093749998 0.03812581666666668
0 0.38904581718750003 0.3691272375 0.008773270312500036 0.017329916666666632
0 0.316422631640625 0.36652774930555554 0.015596924218750008 0.025994873611111104
0 0.01016486484375 0.3688583701388889 0.0203297296875 0.1275590902777778