9 0.12197981601562499 0.5377122472222222 0.06084364921874998 0.28705721666666667
9 0.20329969140625 0.5314718715277778 0.06669399999999999 0.26209571805555554
0 0.600441013671875 0.5165643159722222 0.010530632031249976 0.020801248611111114
0 0.60395122265625 0.5144841888888889 0.010530631250000066 0.029121744444444413
0 0.61331178515625 0.5144841888888889 0.01755105312499996 0.029121744444444413
0 0.617992065625 0.5165643152777778 0.010530631249999978 0.02912174444444449
0 0.5600735925781251 0.50200344375 0.02106126328125004 0.024961498611111133
0 0.564168838671875 0.5196845027777778 0.033932035156249984 0.04368261944444451
0 0.509175539453125 0.5290450645833333 0.08307498203125005 0.12480748472222226
0 0.33464006796875 0.50443025 0.03159189531250002 0.03952236944444441
0 0.29836789296875 0.4909094388888889 0.05265315781250002 0.04992299444444441
2 0.191891507421875 0.4815488784722222 0.08775526171874999 0.08944536527777779
0 0.24688480429687498 0.4961097513888889 0.02925175390625001 0.04784286944444444
2 0.03802728046875 0.48154887708333327 0.0760545609375 0.08528511527777777
0 0.26619096289062505 0.5013100611111111 0.017551052343750005 0.02912174722222226
6 0.8098957484374999 0.22049322152777776 0.022231332812499983 0.0832049875
6 0.8461679249999999 0.2901774034722222 0.015210912500000085 0.06448386805555555
6 0.572371505078125 0.16432985277777779 0.019891192968750016 0.0873652361111111
6 0.328411876953125 0.11960717291666667 0.023401403906250007 0.1144068625
6 0.8596237316406249 0.4056243236111111 0.014040842968749878 0.02912174444444449
6 0.594017803515625 0.16328979027777776 0.023401403906250007 0.08944536388888888
6 0.34868090976562505 0.3321265854166667 0.02106126328125 0.054083243055555584
6 0.42532050546875 0.41117132361111114 0.01287077187500003 0.029121744444444413
6 0.84732581796875 0.4049309513888889 0.010530631250000155 0.033281997222222276
6 0.588155276171875 0.4694148180555555 0.011700700781250007 0.016640999999999986
7 0.374568694921875 0.2224247576388889 0.040952457031250014 0.022881373611111085
7 0.350582255859375 0.26952473055555554 0.058503508593749975 0.07072424166666665
7 0.42312660625 0.34856946944444445 0.037442245312500066 0.045762744444444475
7 0.42429667617187494 0.38601171597222217 0.03978238515625003 0.029121748611111067
7 0.39680002773437495 0.3745710298611111 0.008190491406249967 0.052003120833333305
7 0.525244498828125 0.45825148125000004 0.026911614843749997 0.031201870833333346
7 0.825484502734375 0.3386443069444445 0.010530632031250065 0.02080124722222223
7 0.85005597578125 0.36152567916666667 0.019891192187500017 0.029121744444444413
7 0.156672395703125 0.44369060625 0.00819049140624999 0.022881376388888854
7 0.156087360546875 0.46553191388888887 0.009360561718749993 0.02080124444444446
0 0.7013400578125 0.5096305618055555 0.17551052499999997 0.24545471805555555
6 0.149497022265625 0.40749470902777774 0.010135391406249994 0.026334693055555566