7 0.07881461523437501 0.3115175416666667 0.02295571328125 0.027750908333333355
7 0.10682058789062501 0.3409008555555556 0.027546857031250004 0.021221283333333337
7 0.465847979296875 0.3009069006944444 0.011018742968749962 0.026118504166666688
7 0.5732807234374999 0.2454050826388889 0.0257104 0.01305924861111111
7 0.5650166656250001 0.2788694159722222 0.02938331406249999 0.017956470833333307
7 0.5654757800781249 0.3009069006944444 0.019282800781250043 0.032648129166666665
7 0.155027588671875 0.42850667291666666 0.02295571484375001 0.031015720833333343
6 0.43967845000000005 0.07019347361111111 0.021119257812499993 0.08488513055555556
6 0.366679277734375 0.36865176527777777 0.00918228671875001 0.021221283333333375
6 0.32306341914062503 0.36946796736111115 0.010100514843749986 0.02611850416666665
6 0.20415281796875 0.43367595833333333 0.009182284375000016 0.013059249999999956
6 0.458502136328125 0.07835550555555557 0.014691658593750035 0.07182588055555555
6 0.10452501562500001 0.36293834166666666 0.01193697187499999 0.02285368888888889
6 0.5829221085937499 0.31097341458333333 0.01193697187499998 0.02775090694444447
0 0.13620390273437502 0.47013303680555557 0.08080411640625 0.0620314402777778
0 0.210121302734375 0.45217656597222217 0.030301542968750005 0.03264812916666663
0 0.31066733203124997 0.4162636263888889 0.02020102812500002 0.026118502777777844
0 0.39835816328124996 0.4129988131944445 0.01193697187499998 0.032648129166666706
0 0.416722733984375 0.4097339993055556 0.022955713281250033 0.07182587916666666
0 0.4488607375000001 0.4007557666666667 0.046829657812499995 0.08978234999999997
0 0.447942506640625 0.43095528194444443 0.03397445859374999 0.06203144166666669
0 0.26751058906249997 0.4415659236111111 0.06243954375000001 0.08325272499999999
0 0.33362304804687504 0.41463121875 0.022037485156250015 0.01958887361111113
0 0.37861624921875003 0.40157196805555556 0.029383315624999982 0.06856106666666667
0 0.48880367968750005 0.4342200944444444 0.07896765937500003 0.07509069166666664