0 0.135741992578125 0.47224024513888896 0.08968232265625 0.09704753749999995
0 0.19861709843750003 0.4575098173611112 0.047765584375000024 0.08838258194444448
0 0.24638268281249998 0.4479783611111111 0.051664815625000006 0.05892171944444442
0 0.281353914453125 0.44350147638888887 0.022176878906249975 0.05343393333333329
0 0.56469806640625 0.45158876458333336 0.04670953281249997 0.05921055972222228
0 0.29780379687499997 0.4390245909722222 0.01852134843750002 0.04852377361111111
0 0.4982587234375 0.43503022361111116 0.017282712499999953 0.020697300000000023
0 0.526233778515625 0.4430682270833333 0.03021904296875002 0.0415918013888889
0 0.603893460546875 0.47224024513888885 0.055564047656250004 0.05718872638888889
0 0.371889193359375 0.42602713750000004 0.016571733593749992 0.019062911111111133
0 0.36067890351562504 0.42949312083333335 0.011697694531250002 0.01906290833333328
0 0.344594573828125 0.43122611180555565 0.024370196093749998 0.02252889027777777
6 0.37481361640625 0.40118758611111105 0.004874039062499991 0.015596925000000065
6 0.47619363281249993 0.4046535701388889 0.006823654687500014 0.015596929166666643
7 0.778871469140625 0.11524394930555557 0.07408539609374998 0.039858809722222215
6 0.8071408964843749 0.29720808125000003 0.029244235156249944 0.05718872638888889
6 0.78228329609375 0.27294619652777774 0.02047096406250004 0.032926843055555544
0 0.484861525 0.42010764930555555 0.019491137500000023 0.02633469305555549