7 0.384946969140625 0.3528700645833333 0.015129864843749985 0.01665085694444441
0 0.507498875390625 0.42843933402777784 0.02017315234375001 0.024335865277777754
0 0.49344971523437503 0.42972016944444447 0.00936610703125007 0.02689753611111109
0 0.484804078515625 0.43164142152777774 0.010807046093750028 0.03074004027777772
0 0.48156196484375 0.43420309236111115 0.012968454687499964 0.035863381944444384
0 0.4768789117187501 0.43548392708333333 0.010807046874999938 0.04098672361111113
0 0.4696742140625 0.4348435104166667 0.02089362187499999 0.05507590972222221
0 0.45418411484375004 0.4386860152777778 0.04034630468750002 0.06788426111111111
0 0.4469794175781249 0.4514943659722222 0.03602348671874998 0.06276092083333332
0 0.44013495585937507 0.45789854097222227 0.028098321093750035 0.06276091805555556
0 0.41852086328124993 0.4643027159722222 0.05835804843749996 0.09093929027777771
0 0.53451648984375 0.4290797520833334 0.025216440624999947 0.03330171250000002
0 0.59287453828125 0.43804559722222225 0.06268086718750006 0.040986722222222244
0 0.365566348828125 0.49376192361111115 0.12247985390625002 0.14217269444444447