0 0.07294785468750001 0.5931497708333333 0.05500985781250001 0.042519697222222264
0 0.129751512109375 0.6027167020833334 0.05859745703124999 0.048897651388888935
0 0.06457678984375 0.5451025326388889 0.028700795312499992 0.02551181805555558
0 0.196720034765625 0.5461655249999999 0.017937997656250017 0.014881894444444457
2 0.38387313828125 0.5548820437499999 0.014350398437500012 0.017007879166666604
2 0.40001733515625004 0.553819051388889 0.013154531250000013 0.019133863888888828
2 0.5315626476562499 0.5150198284722223 0.013154531250000013 0.02551182083333335
2 0.5417275125 0.5479725930555556 0.014350398437500012 0.04039371111111107
2 0.5548820437499999 0.5639174791666667 0.023917329687500023 0.05952757499999998
2 0.5782014394531251 0.5681694493055556 0.05142225703125005 0.0807874236111111
2 0.618262966015625 0.5713584256944445 0.05979332265624997 0.09992128750000001
0 0.627231965234375 0.5926182743055555 0.03707186015624995 0.08291340972222222
2 0.724097149609375 0.5586025173611111 0.17340063828125007 0.2062205291666666
0 0.964085814453125 0.7076207673611111 0.06696852265624997 0.16582681805555563
7 0.09857356328125 0.47120935694444455 0.057401590625 0.08716538055555555
7 0.09797563046874999 0.5456188263888889 0.03707186093749999 0.027637805555555575
7 0.37311033984374997 0.48685052916666666 0.023917329687500023 0.03826772777777781
7 0.40838840078125005 0.49216549097222223 0.03228839531250003 0.04464568194444449
7 0.45203752656249996 0.5217166833333333 0.007175198437500007 0.03146458333333331
0 0.41811976015625 0.5457403027777777 0.017937996875000018 0.023385833333333356