0 0.1569604265625 0.49452413958333336 0.030971485937500008 0.046903320833333276
0 0.18276999843750003 0.47922957847222214 0.07800226093750003 0.06933534305555555
0 0.410704541015625 0.45644693819444443 0.03832756953124998 0.053722379166666674
0 0.529765351171875 0.44218274930555557 0.01720638046874994 0.03874622083333337
0 0.53951563359375 0.44592142152777775 0.016059289062499982 0.038066465277777836
0 0.5584426535156249 0.45339876111111105 0.03555985546875 0.04486404444444447
0 0.702402708203125 0.5237537451388888 0.18124054765625006 0.19780965694444447
0 0.8103436757812499 0.4380176993055555 0.061320585937499936 0.09142010694444444
0 0.871407612890625 0.7076283555555556 0.25465444140625004 0.5424470972222223
6 0.5435304562500001 0.26612536249999996 0.01261801250000003 0.03874622222222222
6 0.53263308125 0.2691842743055556 0.011470920312499988 0.040785495833333324
6 0.37089309882812505 0.25456946041666667 0.01147092109375003 0.05098187083333331
6 0.354833808984375 0.2566087354166667 0.013765103906249987 0.05098187083333331
7 0.22234467421874998 0.30623109444444446 0.03785403750000001 0.0224320222222222
6 0.34450998125 0.4037764111111111 0.016059289062499982 0.024471297222222195
6 0.607194066015625 0.38848185138888885 0.013765103906249987 0.026510575000000043
0 0.46489187617187505 0.4742983027777778 0.08705345234374998 0.14445468888888893
7 0.345079641796875 0.35012015069444447 0.021967452343750037 0.014201181944444446
7 0.35181965625 0.37142192361111115 0.022466714062499983 0.012426033333333288
6 0.20753343085937498 0.37319707152777776 0.02646079609374998 0.04437869305555557
7 0.73193828046875 0.4015994347222222 0.016475589062499997 0.021301772222222185
6 0.471857037109375 0.3789384743055556 0.0028083398437500407 0.010983723611111173
0 0.475227042578125 0.37993699375 0.0039316726562499404 0.010983723611111095