0 0.580498072265625 0.5632223111111111 0.03411827265625007 0.04505778333333331
0 0.56002710703125 0.5640888055555555 0.008773271875000077 0.03985880833333337
0 0.552716050390625 0.5675547916666667 0.015596925781250003 0.06758667777777781
0 0.44841160976562494 0.6238770194444445 0.21445772734374996 0.36739424722222225
0 0.6019438445312499 0.55888983125 0.01657173437499999 0.032926843055555585
0 0.6185155789062501 0.56148931875 0.024370196874999993 0.034659834722222234
0 0.635574715234375 0.5666882944444445 0.025345003906249986 0.038125813888888874
0 0.6584827000000001 0.5701542784722222 0.03801750625000002 0.05892171805555554
0 0.6750544328125 0.5788192375000001 0.030219042187500024 0.062387700000000025
0 0.7018616480468751 0.5874841930555555 0.04874039296874999 0.07278565000000006
0 0.728181461328125 0.5987486409722222 0.05653885546875008 0.08491659305555556
0 0.76571156328125 0.6221440284722222 0.07311058906249998 0.09011556805555558
0 0.8407717679687501 0.6403404437499999 0.14914560000000004 0.15423626527777773
0 0.954173504296875 0.6751750666666666 0.08935556796875002 0.26203133055555555