0 0.41132798125000003 0.6045533569444445 0.008437496874999973 0.02249999166666667
0 0.402363140625 0.6045533569444445 0.013710932812499976 0.04124998611111113
0 0.39181626953125004 0.6045533569444445 0.022148431250000034 0.04874998333333333
0 0.3707225265625 0.6054908569444445 0.03902342343749998 0.06562497777777783
0 0.366503778125 0.6158033527777778 0.03058592656250001 0.06374997777777772
0 0.33644519453125 0.60924085625 0.07171872499999998 0.10687496527777778
0 0.320624887890625 0.6308033479166666 0.06328122734374997 0.11624995972222223
0 0.291620991796875 0.6439283444444445 0.06011716640625 0.1462499499999999
0 0.16558587890625 0.6321426368055556 0.23835929062499997 0.3117856069444445
0 0.4419139078125 0.6123212124999999 0.029531239062499992 0.04714283611111109
0 0.46669905507812504 0.6108480020833333 0.011601557031250032 0.0356249875
0 0.47408186523437496 0.6117855013888889 0.015820307031250015 0.037499986111111064
0 0.48146467499999995 0.616473 0.022148429687500037 0.05437498055555557
0 0.49464826445312504 0.6192854986111112 0.033749988281249976 0.0637499777777778
0 0.52417950390625 0.6265176368055555 0.05273435624999996 0.07874997361111108
0 0.53367168828125 0.639642632638889 0.05484373124999999 0.0824999708333333
0 0.565839645703125 0.64526763125 0.07699216015624995 0.10874996250000003
0 0.626785501953125 0.686785475 0.11390621015625006 0.16499994166666676
0 0.767058890234375 0.7299104604166666 0.24679678828124993 0.30374989305555555
0 0.88307447421875 0.7842854409722223 0.23203117031250003 0.4237498513888888
7 0.6573714285156249 0.47678554930555556 0.04218748515625004 0.06749997638888883
7 0.6557893984375001 0.5236605326388889 0.02214842968749995 0.03374998750000005
7 0.6642268949218749 0.5630355194444445 0.015820307031250015 0.007500000000000047
7 0.86672682421875 0.3736605847222222 0.04113279843749993 0.04499998333333334