7 0.32411662148437503 0.4718261125 0.013183591406250006 0.02343749722222223
7 0.354878336328125 0.4858886104166667 0.011425778906249962 0.020312495833333263
7 0.5095658167968751 0.44135736597222225 0.016699216406250005 0.024999995833333344
7 0.6449173625 0.42104486944444447 0.016699217187500004 0.018749997222222228
7 0.6515091589843751 0.3890136229166667 0.022851560156250006 0.017187495833333344
0 0.455952543359375 0.5265136055555555 0.011425778906250007 0.02343749722222223
0 0.46562051015624994 0.52885735625 0.013183592187500004 0.03749999583333334
0 0.474849024609375 0.5312011055555556 0.017578122656250007 0.02968749722222223
0 0.49284661835937504 0.5249999347222223 0.03251952734375001 0.0640624916666667
0 0.4950438828125 0.54765618125 0.021093748437500004 0.05624999305555557
0 0.384741162890625 0.5148436861111111 0.009667967968750002 0.018749997222222228
0 0.368481399609375 0.5281249340277778 0.008789060156250006 0.03593749583333335
0 0.37155757148437496 0.5265624340277778 0.020214841406250007 0.03906249583333334
0 0.36232905585937497 0.5289061840277778 0.012304685156250005 0.034374995833333345
0 0.351782183203125 0.5312499340277778 0.02285156015624996 0.057812493055555574
0 0.330248982421875 0.5390624326388889 0.03076171484375001 0.0828124902777778
0 0.40715326953125003 0.5210936840277778 0.017578123437500048 0.021874995833333345
2 0.43433526835937497 0.5054686875 0.037792963281250015 0.03281249722222223
7 0.3723723859375 0.47734368958333334 0.014062498437500005 0.014062495833333345
0 0.284481771875 0.5531249305555556 0.08437499062499998 0.10624998611111115
0 0.531454396875 0.5421874333333333 0.07734374062500002 0.09999998888888892
7 0.24932552539062502 0.43359369652777774 0.01406249765624996 0.014062495833333345
7 0.765224158984375 0.5129655506944444 0.025345003906249986 0.05198975138888894