6 0.156944063671875 0.042631593749999995 0.027294619531249988 0.08526318749999999
6 0.08773270703125 0.307952625 0.0331434671875 0.08491659444444445
6 0.14573377265624998 0.32528253958333336 0.0302190421875 0.07451864305555556
0 0.386998715625 0.6146921611111111 0.013647309374999982 0.029460858333333326
0 0.40503265976562497 0.6242236159722222 0.018521349218750018 0.02426188472222219
0 0.49666459726562506 0.6554174652777778 0.02242058046874993 0.04159180000000002
0 0.363603326171875 0.6138256638888889 0.03119385078125001 0.055455736111111126
0 0.44743680078125003 0.6493519958333334 0.06628693281249998 0.12997438055555552
0 0.5302954675781251 0.6510849868055555 0.04289154609374997 0.06412069583333332
0 0.725257037890625 0.7429335465277777 0.15596925546874996 0.1992940486111111
0 0.597069806640625 0.7576639777777779 0.20178522421874998 0.26688072500000004
1 0.885612928515625 0.7264701256944446 0.22713022890625006 0.3362003930555556
7 0.5502790292968751 0.59476275625 0.012672502343750036 0.031193851388888937