0 0.46100652578125 0.44805130625 0.010762798437500009 0.01488189305555557
0 0.47117138945312503 0.44698831250000004 0.016742130468750015 0.021259850000000018
0 0.504057718359375 0.43954736458333327 0.04424705859374996 0.0616535597222222
0 0.5387378468749999 0.44592532083333336 0.022721462500000022 0.03188977222222225
0 0.4484499277343749 0.4512402833333334 0.014350397656250014 0.017007877777777795
0 0.41197600078125 0.4397798972222222 0.02750492812500003 0.04843259166666666
1 0.37968760625 0.4342324041666667 0.03946359375000004 0.05952757499999998
1 0.279234821875 0.452303275 0.051422259375 0.07440946944444443
0 0.220039430859375 0.45549225138888894 0.07175198828125003 0.09779530277777779
0 0.734859947265625 0.45389776458333336 0.07892718671874999 0.08503939305555555
0 0.8103191289062501 0.46505918472222224 0.12197838124999993 0.10736223333333336
7 0.37387270117187504 0.3762993180555556 0.025113196093749977 0.021259849999999938
7 0.210636927734375 0.35078749722222224 0.014350397656250014 0.03826772777777781
7 0.5454795390625 0.3699213625 0.023917329687500023 0.01700787777777772
7 0.73323057578125 0.3454725375 0.023917329687500023 0.05314962222222227
6 0.3385946390625 0.420945 0.009566931250000011 0.017007877777777795
6 0.57178860234375 0.4120867173611111 0.009566931250000011 0.021968531944444435
6 0.40141250976562504 0.3702756708333333 0.007175199218749961 0.019133863888888904
6 0.524586757421875 0.3660237006944444 0.004783466406250003 0.0233858347222222
6 0.5204012234375 0.3670866930555555 0.005979332812500004 0.025511819444444424
7 0.3350419203125 0.39720482361111115 0.013154531250000013 0.023385833333333276