6 0.34830208671875 0.27898188958333336 0.009951487500000012 0.024495970833333342
6 0.45508920898437505 0.26741435 0.009185988281249991 0.034022183333333324
6 0.44743421796875005 0.26741435 0.009185989062499988 0.034022183333333324
6 0.452792712109375 0.3422631506944444 0.009185988281249991 0.014969759722222205
6 0.420641750390625 0.34294359166666666 0.009185988281249991 0.021774194444444422
0 0.49757440781250006 0.39465730763888884 0.025261468750000036 0.04354839305555558
0 0.5366148625 0.38921376041666667 0.0528194375 0.09526210694444441
0 0.5515420941406249 0.4089466263888889 0.04746094296874999 0.08845767222222223
0 0.574507067578125 0.4164315034722222 0.042867949218750034 0.0952621069444445
0 0.64263648671875 0.41711194791666667 0.12247985468750003 0.17283268194444443
0 0.773536830859375 0.44092747708333335 0.2235257335937499 0.25584680972222223
0 0.9002269316406248 0.48991941875 0.19826426484374995 0.35927423750000004
0 0.3909148671875 0.3910282777777777 0.010716987499999987 0.03266129444444448
0 0.37713588320312497 0.3917087201388889 0.01530998203124998 0.03946573194444443
0 0.33656443124999996 0.3951109375 0.029088964062499965 0.03538306944444448
0 0.36297415117187504 0.4080393694444445 0.016075482031249998 0.028578633333333336
0 0.28700747890624995 0.4151678263888889 0.054350434375 0.07484880000000002
0 0.24413952968750002 0.4178896006944445 0.03597845781250002 0.10751009583333332
0 0.197243596875 0.4293599333333333 0.06277092499999999 0.11295364444444442
0 0.139831164453125 0.43344259652777783 0.06277092578125001 0.14833671250000002
0 0.0540952671875 0.4552167944444444 0.1071698734375 0.14017138888888883
0 0.4489651921875 0.43354182291666665 0.09874938124999999 0.14425405138888886
0 0.404566246875 0.3927152076388889 0.013013485937499958 0.0272177458333333
6 0.24802170546875 0.3599546847222222 0.01071698750000003 0.013608872222222245