7 0.6216407523437499 0.3864722090277778 0.0128552 0.016324059722222253
7 0.61117298046875 0.41903872430555555 0.014691657812499948 0.03428053472222222
7 0.5526817816406251 0.4288331631944445 0.022955716406249937 0.03428053472222222
7 0.49428245117187497 0.5112696722222222 0.011936972656249979 0.013059252777777806
7 0.13268403125 0.5120858736111111 0.010100515625000006 0.027750908333333355
6 0.11208947460937499 0.31272243194444443 0.017446342968750007 0.05550181944444444
6 0.393198606640625 0.37148905833333334 0.01010051484375003 0.035912938888888885
6 0.44461940703125 0.36332702916666665 0.008264056249999995 0.03264812777777778
6 0.0950366578125 0.3104292875 0.015609885937500002 0.05386941111111112
6 0.3821361484375 0.3708283236111111 0.008264059374999988 0.03428053611111111
0 0.06256328984375001 0.7705276916666667 0.12512657968750002 0.41136640555555554
0 0.24057588867187502 0.5708525034722223 0.04774788515625002 0.07672309861111112
0 0.360863833203125 0.5569226486111111 0.009182285156250015 0.02448609444444448
0 0.35076331992187504 0.5577388534722222 0.01469165859374999 0.048972190277777765
0 0.30010771875 0.5686215680555555 0.09090462968750002 0.1371221361111111
0 0.42008957773437505 0.546039932638889 0.10467805859374998 0.20568320138888888
0 0.52384940859375 0.5493047423611112 0.05693017343749993 0.0848851291666667
0 0.61291758125 0.5656288104166667 0.10651451718749998 0.18935914027777775
0 0.7523352980468749 0.5939238701388889 0.27730503359374997 0.2954655541666667