0 0.008802032421875 0.5711541083333334 0.014403325781249999 0.15221292499999997
0 0.276863930859375 0.43245541458333336 0.13603141015625 0.2332983152777778
0 0.7741787671875 0.5277663118055556 0.2712626375 0.32718666250000006
0 0.41449571171875005 0.4260539361111111 0.012802956250000008 0.021338261111111083
0 0.096022173046875 0.4858010659722222 0.19044397578125 0.1778188375
0 0.184442590234375 0.4587726027777778 0.05521274921875001 0.11522660833333329
0 0.650150127734375 0.4694417326388889 0.18804342265624996 0.24467872083333328
0 0.551327308203125 0.46659663125000006 0.06081404296875004 0.1251844625
0 0.5317227812499999 0.44383582013888895 0.07921829218749998 0.11380405694444444
0 0.49571446640624994 0.4353005166666667 0.026406096874999996 0.08535304444444441
0 0.4833116023437499 0.4374343430555555 0.02720628281250006 0.0753951888888889
0 0.47250910820312503 0.4345892395833333 0.02000461953124999 0.055479476388888886
0 0.45930605937499996 0.43245541458333336 0.012802956250000008 0.04836672361111114
0 0.44810347265625 0.43245541458333336 0.012802956250000008 0.03414121805555549
0 0.44170199414062505 0.42747648680555556 0.011202586718750051 0.024183362499999975
0 0.435300516796875 0.42747648680555556 0.009602217968750004 0.021338259722222277
0 0.3568824078125 0.43956816875 0.030407020312499977 0.07112753749999996
0 0.37968767421875 0.4331666902777777 0.023205357812499994 0.04409907222222221
7 0.622143660546875 0.26246060555555556 0.018404249218750036 0.038408869444444466