0 0.50225287109375 0.44770428472222223 0.009470667187499959 0.010714291666666674
0 0.49536511328124994 0.4507655097222222 0.011192607812499932 0.013775519444444485
0 0.48675541562499997 0.45306142708333336 0.014636485937499976 0.01836735416666673
0 0.47642377851562506 0.4591838798611111 0.014636486718749975 0.015306129166666614
0 0.466092140625 0.4614798027777777 0.01463648437499998 0.016836744444444444
0 0.454038565625 0.46224510486111114 0.014636485937499976 0.021428579166666614
0 0.444137409765625 0.46530633402777777 0.018941332031250015 0.02448980694444442
0 0.431222866796875 0.4683675583333334 0.02066327578124998 0.027551033333333346
0 0.4131424984375 0.46989817083333335 0.018941335937500005 0.030612258333333385
0 0.40496328750000005 0.47372470347222223 0.018080367187500012 0.035204095833333324
0 0.393340194921875 0.47831654166666665 0.029272972656249997 0.03520409722222221
0 0.30336885546875003 0.4982145090277778 0.04218752031249999 0.05051022361111106
0 0.262903274609375 0.5043369618055555 0.05424109609375001 0.0719388069444444
0 0.649355711328125 0.4459550131944444 0.03013394140625003 0.035204095833333324
0 0.565411158984375 0.44442440069444444 0.010331636718749948 0.022959195833333328
0 0.5757427957031249 0.4482509291666667 0.020663274218749982 0.018367355555555537
0 0.61405595078125 0.44289378472222224 0.018080365625000018 0.022959191666666674
0 0.896671749609375 0.4257127819444444 0.1327274351562501 0.08939118333333332
0 0.97978360390625 0.40331650555555554 0.0387436390625 0.0872449361111111
0 0.9461288164062498 0.57526864375 0.1060532125 0.2882388625
0 0.362963987890625 0.48505283402777777 0.04435297421874997 0.04111927638888891
0 0.2084199125 0.5148997854166667 0.08481855468749996 0.08856828194444451
0 0.59105575078125 0.4537789041666667 0.02496812343750001 0.033673480555555496
0 0.622481144921875 0.4599013520833334 0.036160730468749944 0.05204083472222223
7 0.9298473554687501 0.1913266125 0.05768497656250009 0.09183677499999998
7 0.931569295703125 0.24948990833333334 0.04390946015625001 0.02448980555555554
7 0.0462370171875 0.44194126180555554 0.025022385937500002 0.059957023611111125
7 0.8096373648437499 0.35297277916666664 0.01523101718749995 0.04061604444444448