0 0.27949208945312504 0.51656231875 0.042187485156249996 0.0431249847222222
0 0.22696866679687497 0.5278123152777777 0.06117185234374998 0.06562497777777776
0 0.647894323828125 0.5296873145833333 0.05378904296875007 0.07687497083333328
0 0.124453081640625 0.5578123041666667 0.07804684765625 0.08812496666666665
0 0.5383123046875 0.5249998173611111 0.06749997656249995 0.09749996527777777
0 0.7048473968750001 0.5362498131944444 0.100195278125 0.1312499541666667
0 0.9153629871093749 0.64106229375 0.1655858789062501 0.3183749208333334
7 0.44465610117187493 0.4321873493055556 0.016874992968749947 0.03187499027777771
7 0.56668341640625 0.44531234583333335 0.009492185937499986 0.016874997222222198
7 0.543480297265625 0.4368748465277778 0.009492185156249989 0.01499999305555551
0 0.590413875390625 0.5137498201388889 0.03796873671875005 0.05624997916666664
7 0.8043044449218749 0.4003123590277778 0.023203117968749964 0.0356249875
0 0.38591001484375 0.5137498208333333 0.02003905625 0.033749986111111165
7 0.502452942578125 0.48187483194444447 0.008437496093749974 0.014999997222222245