6 0.4347643003906249 0.5181645243055556 0.013647310156250026 0.02426188472222219
0 0.470832189453125 0.5557126881944444 0.00974807890624998 0.020795901388888816
0 0.46449593867187494 0.5687101277777777 0.010722886718750057 0.019062911111111053
0 0.461084111328125 0.58604004375 0.02144577265625003 0.02946085972222221
0 0.44841160859375 0.5869065388888889 0.011697695312500044 0.027727866666666677
0 0.438663530859375 0.5929720090277778 0.025345003906249986 0.02946085694444444
0 0.4141308765625 0.6016369715277777 0.01657173437499999 0.029460859722222288
0 0.405357605078125 0.6111684236111111 0.024370196093749998 0.03812581944444449
0 0.372701541796875 0.6111684243055555 0.03899231171875002 0.05545573472222224
0 0.506575148046875 0.5681324597222221 0.00974807890624998 0.015596927777777757
0 0.5119365921875 0.571598442361111 0.006823656250000009 0.019062909722222247
0 0.5192476515625 0.5811298958333334 0.007798464062499999 0.020795902777777778
0 0.52607130546875 0.5923943409722222 0.009748078124999981 0.02252889305555554
0 0.5348445753906249 0.5993263090277777 0.013647308593750029 0.032926843055555585
0 0.541668231640625 0.6062582770833334 0.013647310156250026 0.032926843055555585
0 0.562626599609375 0.6027922930555556 0.02826942890625004 0.057188727777777774
0 0.585047180078125 0.6227216979166666 0.026319813281249972 0.0727856486111111
0 0.61608870234375 0.6221440319444445 0.044841160937499944 0.12130941944444444
0 0.6750645769531249 0.6308089868055556 0.12575021171875003 0.1594352347222223
0 0.8601156019531249 0.7616498652777779 0.27814516640625 0.2998075694444444
0 0.225190755859375 0.7061941284722222 0.25539965390625 0.25821576805555563
0 0.48465211640624994 0.56928778125 0.012672501562499949 0.025994873611111143