6 0.39528458046875004 0.36739424583333335 0.006823654687500014 0.02079590000000001
6 0.37432621367187496 0.38992313819444446 0.0058488492187499744 0.020795901388888892
6 0.494227578125 0.36999373472222225 0.005848846875000024 0.015596924999999985
7 0.51128671484375 0.3587292875 0.02047096562499995 0.010397950000000005
7 0.37822544375 0.3552633041666667 0.019496156250000007 0.010397950000000043
0 0.4177051625 0.43151493958333337 0.014622117187500016 0.027727868055555563
0 0.405520063671875 0.4341144256944445 0.007798461718750005 0.025994876388888914
0 0.392360158203125 0.43758040902777773 0.018521349218749972 0.032926843055555585
0 0.375788425 0.4393134027777778 0.020470965624999993 0.05372274166666663
0 0.27148398515625 0.4497113534722222 0.04191673749999998 0.07451864305555553
0 0.13501088671875 0.4393134027777778 0.039967121875 0.046790777777777806
0 0.098455592578125 0.44451237708333335 0.021445772656250008 0.03639282361111111
0 0.057513664062500004 0.45577682430555555 0.05263962499999999 0.05198975138888894
0 0.043866353515625 0.4488448569444444 0.046790775781249995 0.06585368611111117
0 0.188137913671875 0.46357528680555554 0.09943039921874999 0.10917847916666672
1 0.32509841640625 0.4219834847222223 0.08675789843750001 0.14730429444444448
0 0.45864709101562495 0.40811955138888895 0.030219044531250017 0.01906290833333336
1 0.49861421367187503 0.4228499805555556 0.028269427343749952 0.062387700000000025
0 0.5298080636718749 0.44971135277777774 0.04776558359375001 0.060654711111111065
0 0.45718488046875 0.46010930347222223 0.07213578125 0.10224651250000005
1 0.672130009375 0.3717267256944444 0.22128137968750003 0.3587292875
1 0.790081759375 0.4393134027777778 0.22128137968750003 0.4072530555555555
0 0.88691336484375 0.43334128263888894 0.03866876406250004 0.06913296805555555
1 0.9768152996093751 0.40657237569444443 0.0449568382812501 0.13381199861111112
0 0.9177534312500001 0.43434793055555554 0.06303114218749997 0.06403163611111111