6 0.53224508359375 0.41158553472222226 0.009748078124999981 0.02599487500000003
6 0.419654777734375 0.4488448569444444 0.0068236554687500115 0.027727866666666677
7 0.394797177734375 0.5008346083333333 0.011697694531250002 0.017329916666666712
7 0.531270275390625 0.49216965000000007 0.01364730859374994 0.02079590000000001
0 0.54589239375 0.5372274354166667 0.07408539687499997 0.1282413875
0 0.49422757695312497 0.53549444375 0.02534500234374999 0.034659834722222234
0 0.46113190546875005 0.5410754770833334 0.0174509546875 0.020031787500000005
0 0.37251479726562503 0.5397958222222223 0.08160745859375003 0.07111486111111111
0 0.17398974453125 0.5776082909722222 0.1472228984375 0.1500813819444444
7 0.322173993359375 0.47137375 0.022420580468749972 0.03812581944444441
7 0.29877860546874996 0.44104639444444443 0.01267250312499999 0.012130941666666692
6 0.300240816015625 0.48437118888888886 0.007798461718750005 0.022528894444444426