0 0.34898255546875 0.28884003888888893 0.015440153125 0.024953783333333333
0 0.3749500859375 0.26762932361111114 0.014036503124999999 0.014972269444444445
0 0.40056670468750005 0.2813539048611111 0.013334678125000022 0.019963026388888888
0 0.41144499375 0.29195926319444443 0.0224584046875 0.04865987916666666
0 0.426534234765625 0.3144176673611111 0.023160230468750063 0.0636321486111111
0 0.4468871640625 0.3275184034722222 0.024563879687500022 0.06487983749999995
0 0.33038418945312503 0.28572081597222226 0.013334678906249975 0.021210715277777778
0 0.3156458609375 0.2863446604166667 0.004912776562500021 0.01746764583333334
0 0.30932943476562497 0.2850969715277778 0.01754562890625002 0.03243991805555556
0 0.29213471875 0.2913354173611111 0.0210547546875 0.04491680972222222
0 0.278800040625 0.3094269097222222 0.0224584046875 0.03119222777777778
0 0.269325401171875 0.31753688958333337 0.020352928906249977 0.03243991805555556
0 0.252130684765625 0.3231514916666667 0.02526570546875 0.05115525555555556
0 0.16791166679687503 0.3774259694444445 0.17124533671875 0.19214413055555554
0 0.0409865890625 0.3252725590277778 0.0800080671875 0.20586870972222227
0 0.485312090625 0.33562838263888894 0.08632449218749993 0.10979664583333337
6 0.3445961484375 0.24641860833333334 0.005614601562499999 0.013724580555555557
6 0.386354744921875 0.2501616756944444 0.0063164257812500235 0.011229201388888891