0 0.072355607421875 0.5998590298611112 0.08739984296875 0.0636793041666667
0 0.334555135546875 0.5527363451388889 0.02435733359375001 0.03056606527777777
0 0.41192548828125003 0.5476420006944445 0.027222901562499978 0.0254717208333333
0 0.46565489921875003 0.5450948298611111 0.03152125468749993 0.0203773791666666
0 0.538010506640625 0.5374533125000001 0.032954038281249966 0.030566066666666655
0 0.5093548203125 0.5769344791666667 0.027222901562500023 0.04330192500000002
0 0.525115448046875 0.58712316875 0.012895058593749998 0.053490615277777764
0 0.540159682421875 0.5833024097222222 0.02579011796874999 0.05603778611111115
0 0.6825784558593749 0.6036797868055555 0.045849097656250046 0.12735860416666667
0 0.793053130859375 0.6332415902777778 0.2346760617187499 0.23834747777777787
0 0.9347484933593752 0.5794816513888889 0.12608501796875 0.20632094166666662
1 0.24500611640625003 0.5787175027777778 0.071639215625 0.11207557500000007
0 0.55794762421875 0.5949153041666667 0.04933792812500002 0.05720339444444444
0 0.44264703125000004 0.5443856388888889 0.02037870937499999 0.020974577777777784