7 0.396728702734375 0.2726575555555556 0.019133866406249967 0.012755908333333307
7 0.5231915828125 0.2248228972222222 0.04544292656249995 0.04889765000000001
7 0.519603982421875 0.2832874819444445 0.01674213046874993 0.055275605555555565
0 0.276245154296875 0.33324812569444445 0.040659458593749996 0.0403937125
0 0.331852945703125 0.3268701708333333 0.027504928906250024 0.040393713888888884
0 0.364141341015625 0.32899615555555556 0.022721464843750018 0.03188977222222222
0 0.3814814046875 0.3247441861111111 0.014350398437500012 0.023385833333333314
0 0.395831802734375 0.3268701694444444 0.011958664843750012 0.019133863888888904
0 0.145895709765625 0.40872058680555556 0.22482289765625002 0.22535439583333333
0 0.08550445234375001 0.3247441847222222 0.0753395875 0.07015750000000003
0 0.4107801328124999 0.34175206319444446 0.03946359374999995 0.048897651388888935