0 0.3406953421875 0.6516048868055555 0.19398676093750003 0.27381269027777777
0 0.255399655859375 0.5935496659722221 0.03119385078125001 0.11264446250000001
0 0.24613898085937497 0.5848847076388889 0.04581596796874998 0.12997437916666665
0 0.226642823828125 0.5606228222222222 0.01657173046875 0.06065471111111115
0 0.01364731015625 0.6004816340277779 0.0272946203125 0.08838257916666671
0 0.053614430859375006 0.5892171854166667 0.05653885546875 0.07625163472222225
0 0.096018573046875 0.5762197486111111 0.024370196093749998 0.04679077777777773
0 0.11697694179687498 0.57188726875 0.019496157031249982 0.0415918013888889
0 0.13306127109375 0.5675547881944444 0.018521349999999992 0.032926840277777814
0 0.149145600390625 0.5571568388888889 0.013647308593750008 0.029460858333333326
0 0.16230550664062499 0.5554238472222223 0.014622117968750015 0.029460858333333326
0 0.202760032421875 0.5398269229166666 0.013647308593749985 0.019062912500000015