6 0.44184558281249997 0.5525165354166666 0.005028973437500017 0.014304634722222194
7 0.55650617578125 0.5471522972222223 0.007040562499999936 0.017880794444444428
7 0.561535148046875 0.5265893840277778 0.009052152343749943 0.0196688736111111
0 0.4715165265625 0.5990066006944444 0.01408112500000005 0.014304634722222194
0 0.5177830812499999 0.6043708381944444 0.012069535937500042 0.028609270833333353
0 0.49615849609375007 0.6079469972222222 0.025144867187500086 0.0393377472222222
1 0.49464980429687505 0.5811258069444444 0.018104303906250063 0.021456955555555546
0 0.524320746484375 0.5927483229166667 0.015086919531250053 0.0196688736111111
0 0.542927948046875 0.5873840840277778 0.014081125781250047 0.023245031944444446
0 0.548962715625 0.6097350763888889 0.024139071874999994 0.0393377472222222
2 0.42927315078124995 0.5847019645833333 0.036208607812500036 0.0715231763888889
2 0.39306454296875 0.5829138854166667 0.04827814374999999 0.08940397083333333
0 0.384012391015625 0.6142052756944445 0.04023178671875005 0.08403973194444442
2 0.21302729765625 0.55072845625 0.30777316718750003 0.30754965694444447
2 0.0314813609375 0.5033443520833334 0.059341885937500005 0.5024503124999999