0 0.06729112890625001 0.7308635243055556 0.066108259375 0.03711340694444453
0 0.12470093359374998 0.7184923868055555 0.11134022343749998 0.13608249583333334
0 0.20646641015625003 0.7030284659722222 0.05451031875000001 0.09690723472222224
0 0.29403085820312497 0.7690078576388888 0.15077322109374997 0.20000003472222214
0 0.37869581953125 0.7205542416666668 0.025515467187499974 0.03711340833333342
0 0.41812881601562496 0.7318944520833333 0.030154644531250073 0.04329897638888893
0 0.479018001171875 0.7473583715277777 0.09394331484374999 0.14020620972222228
6 0.3897138625 0.6916882569444444 0.005798970312499962 0.02061856111111106
6 0.36709787851562503 0.6885954736111111 0.00927835078124999 0.026804127777777766
7 0.832175275390625 0.5422037 0.04175258359375 0.1298969305555556
7 0.593257710546875 0.5164304986111111 0.02783505546875 0.13608249722222224
7 0.626891736328125 0.6865336159722222 0.0046391757812499716 0.035051551388888824
7 0.5370077023437501 0.6153995861111111 0.0034793828125000204 0.04536083333333328