7 0.585816210546875 0.16760602986111112 0.02306127109374998 0.04685464861111112
7 0.521985904296875 0.24960166249999996 0.017295953906250005 0.03221256944444444
7 0.44662496406249996 0.24960166249999996 0.01811957031249998 0.011713661111111131
7 0.367969553515625 0.2503337666666667 0.01894318828124999 0.007321038888888904
6 0.431799859375 0.24667324652777778 0.0049417015625 0.011713662499999975
2 0.36879317109375 0.2927957902777778 0.05682956406249997 0.04831885555555553
0 0.567696639453125 0.3308651923611111 0.07741998359374999 0.06296093472222218
0 0.5318693078125001 0.31549101041666666 0.050240628124999985 0.038069401388888875
0 0.4326234765625 0.28693896041666667 0.06424211562500001 0.0541756875
0 0.29713850468749997 0.33013308680555553 0.0733019 0.11420820416666662
0 0.266664681640625 0.3601493472222223 0.09306870546875001 0.1566702277777778
0 0.45156666406249996 0.48899962708333333 0.26355739218749996 0.3558024791666667
0 0.129944283203125 0.42823500555555555 0.24955590546875 0.3133404555555556
0 0.491303154296875 0.29027611458333336 0.04289154453124997 0.04332479305555555
0 0.385536502734375 0.29807457708333335 0.020470964843749995 0.027727868055555563
1 0.309988894921875 0.27727867638888887 0.07798462734374997 0.06931966944444447