6 0.12435345585937499 0.3388859048611111 0.016372555468750005 0.03742298194444445
6 0.327840928125 0.1753336076388889 0.021050428125 0.0790040763888889
6 0.5979880906249999 0.24463542986111114 0.014033618749999999 0.06791578750000002
6 0.8131702457031249 0.40818772708333334 0.018711491406249968 0.03187883750000001
6 0.4740244578125 0.4081877277777778 0.006237164062500078 0.015246400000000035
6 0.41905945078125006 0.40472263611111114 0.007016809374999955 0.013860363888888906
6 0.7971875132812499 0.4081877277777778 0.014813264062499965 0.026334691666666684
6 0.118506114453125 0.37838794375 0.009355746093749983 0.030492801388888876
6 0.52392176875 0.4518478743055556 0.012474326562499981 0.01940450972222223
7 0.65139380625 0.24810052083333334 0.06159199375000002 0.024948655555555553
7 0.72156190078125 0.27997935763888887 0.028846882812499964 0.04435316527777778
7 0.7987468042968751 0.32156045069444444 0.02572830234374992 0.01663243750000001
7 0.788221589453125 0.3388859069444445 0.02962652734375002 0.015246402777777767
7 0.79250963984375 0.38185303611111104 0.021050428124999954 0.06237164166666665
7 0.55354829765625 0.36868568888888886 0.046778729687499965 0.03880901944444442
7 0.597208444921875 0.40195056319444444 0.009355746093750028 0.027720729166666697
7 0.29158741328125004 0.40680169027777774 0.012474328125000022 0.0346509083333333
6 0.347332066015625 0.17186851736111108 0.01793184765625 0.06930182361111109
0 0.480261621484375 0.48164765833333334 0.029626528906250015 0.05128334722222216
0 0.670105298046875 0.5024382048611111 0.08654064921875007 0.09009236805555558
0 0.38787363164062494 0.4774895493055556 0.025728302343749964 0.04296712916666665
0 0.40658512226562504 0.467094275 0.02260971796875002 0.024948655555555553
0 0.45414349765625 0.46362918472222214 0.014813264062500053 0.023562619444444426
0 0.619038518359375 0.4989731131944445 0.02962652734375002 0.05266938472222217
0 0.589022167578125 0.4955080215277778 0.031965464843749916 0.0401950541666667
0 0.518464250390625 0.48234067638888894 0.009355746093750028 0.022176583333333375
0 0.51144744140625 0.47887558472222225 0.012474328124999979 0.026334691666666684
0 0.536006273828125 0.48441973125000004 0.024169010156249993 0.029106765277777828
0 0.36370462109375 0.48857784097222223 0.02884688281250001 0.05682749583333333
0 0.333298446875 0.49412198611111113 0.05379553906250001 0.062371638888888886
7 0.137997251953125 0.3915552909722222 0.017152200781249995 0.02079054861111113
7 0.38982274492187496 0.4144248916666667 0.018711491406250013 0.011088291666666647
0 0.4334828921874999 0.4684803118055555 0.014033618749999999 0.016632437499999972
7 0.13526849257812498 0.2356261923611111 0.028846883593749983 0.01940450972222223