0 0.344123880078125 0.4358240854166667 0.01840166328124999 0.03271406805555554
0 0.384607540625 0.44127643263888894 0.0527514359375 0.03489500972222217
0 0.3263356046875 0.42710033611111115 0.007360665624999996 0.019628438888888884
0 0.3159079953125 0.42819080416666666 0.011040998437499994 0.02617125555555554
0 0.306093775 0.42819080416666666 0.013494554687500004 0.02617125555555554
0 0.297506331640625 0.4303717416666667 0.01840166328124999 0.030533130555555565
0 0.283398389453125 0.4445478381944445 0.029442661718749985 0.05888532361111116
0 0.25702267109375 0.4478192479166667 0.04784432656250002 0.07415189027777778
0 0.22819339804687502 0.4674476868055556 0.06624598984375 0.07851376527777781
0 0.023321540234375 0.5154283215277778 0.044163992968749996 0.2050081652777778
7 0.47293552734375 0.41728611458333326 0.013494553125000053 0.02180937916666663
7 0.61646850546875 0.38239110694444445 0.02085521874999996 0.017447502777777717
7 0.9734607851562501 0.29515359027777777 0.03557654999999986 0.043618761111111105
7 0.9685536738281251 0.3769387618055556 0.060112102343749994 0.11995158472222225
7 0.59868023125 0.3987481423611111 0.014721331249999992 0.01962844305555554
7 0.598680230078125 0.4172861138888889 0.01717488671875005 0.017447502777777797
7 0.6042007296875 0.4369145555555556 0.011040998437499994 0.017447502777777797
0 0.42263764609375 0.45327158958333336 0.02085521875000005 0.028352193055555593
0 0.433065255078125 0.46199534236111106 0.01962844140625002 0.028352193055555513
0 0.445333033203125 0.46853815555555556 0.024535552343749954 0.032714069444444424
0 0.45882758632812504 0.4761714409722222 0.026989107031250015 0.03489500694444448
0 0.47109536171875 0.48707612708333337 0.02208199687499999 0.039256881944444426
0 0.4968576914062499 0.4925284729166667 0.05643176875 0.07197095138888886
0 0.52568696328125 0.5186997291666666 0.06501921250000002 0.07197095277777782
0 0.91273529375 0.6691844458333334 0.17174886249999996 0.3642166361111111
0 0.8442362027343749 0.554244238888889 0.047018453906250104 0.02528931944444442
7 0.85507674765625 0.47835237638888894 0.014721331249999992 0.030533130555555565
0 0.7029563265625001 0.6419227222222222 0.31405506250000004 0.35767382222222227
7 0.599907008984375 0.3638531347222222 0.009814221093749964 0.015266566666666629