0 0.45453144296875003 0.4253319263888889 0.022705550000000053 0.031395327777777815
0 0.589713559765625 0.4395345729166667 0.026489807031250034 0.03363785138888894
0 0.60295846328125 0.4473834041666666 0.022705548437500056 0.035880372222222214
0 0.623141173046875 0.4496259291666667 0.03784258046875007 0.058305605555555536
0 0.66035304296875 0.4686873770833333 0.08199225781250004 0.09642850138888888
0 0.28727249921875 0.40926051041666667 0.0706394859375 0.09194345694444439
0 0.258259854296875 0.44177709652777775 0.12866477578125 0.1345513986111111
0 0.7250868046875001 0.43273692569444444 0.04036542031249999 0.05157803750000001
0 0.9010548093749999 0.4437456756944444 0.19552000468749994 0.14576401527777777
0 0.42991467265624994 0.42376683402777776 0.03531974374999995 0.04709299027777784
7 0.10795044140624999 0.2633825326388889 0.028290460937499984 0.06617651527777776