0 0.6246270046875 0.4819902 0.01439572499999997 0.017061600000000017
0 0.5988346640625 0.4819902 0.010796795312499973 0.017061600000000017
0 0.588637691796875 0.47559210138888897 0.014395725781249969 0.02132699999999998
0 0.5706430351562499 0.47452575208333325 0.00959715000000001 0.01492889861111111
0 0.575441610546875 0.4905210013888889 0.014395725781250058 0.017061600000000017
0 0.3906964734375 0.4958527513888889 0.014395725000000015 0.04905209999999995
0 0.390696472265625 0.4595968513888889 0.026392163281250047 0.023459700000000003
0 0.34635967382812505 0.4630191611111111 0.04328721796874997 0.02177351944444447
0 0.351108228515625 0.5001181513888888 0.06957933828125 0.0917061
1 0.292325685546875 0.44573430138888886 0.043187175781249997 0.05118480000000005
0 0.04095974765625 0.4649286013888889 0.0819194953125 0.05971560000000006
0 0.008803633203125 0.4276063513888889 0.01760726640625 0.01919429999999996
0 0.174160775390625 0.5161134 0.23632981953124998 0.24312779999999998
1 0.47827046640625 0.5417058013888889 0.1799465625 0.2815164