6 0.6000343738281251 0.2922654173611111 0.010546867968750017 0.035156226388888906
6 0.45237822617187506 0.2992966631944445 0.007910150781250014 0.030468731944444452
6 0.7081397671875 0.37078098819444444 0.010546865625000023 0.01874998750000003
6 0.44710479140625 0.30046853472222224 0.007910151562500013 0.028124980555555526
6 0.45897001757812494 0.30046853611111113 0.00527343359375001 0.023437483333333335
6 0.7153907390625001 0.2699998069444444 0.009228507812500019 0.028124977777777796
6 0.7028663332031251 0.26648418402777774 0.010546867968750017 0.03046872638888891
6 0.77076179453125 0.3496872513888889 0.014501943750000024 0.028124977777777754
7 0.21177780429687498 0.2910935416666667 0.017138660156249985 0.028124977777777796
7 0.31263222734375 0.32507789375 0.023730453124999995 0.01640623750000003
7 0.381846047265625 0.3578903722222222 0.017138660156249985 0.016406238888888876
7 0.772080153515625 0.30867165555555554 0.025048810156249955 0.016406238888888876
7 0.7542823140625 0.2981247881944445 0.013183584375000024 0.018749987499999992
7 0.7002296171875 0.3461716298611111 0.013183584375000024 0.03046872916666664
6 0.4859963667968749 0.3871872263888889 0.00659179296875001 0.023437483333333297
1 0.325815812890625 0.42703094861111107 0.12656241328125004 0.14062490277777778
0 0.23484907734375 0.462187175 0.11601554374999998 0.12656241388888895
0 0.4161233671874999 0.4293746979166667 0.02768552812499996 0.04218747083333333
0 0.531479733203125 0.42820282222222217 0.018457017968749944 0.030468724999999985
0 0.7351661171874999 0.4364059430555555 0.04350582968749998 0.05624996111111113
0 0.8030615781249999 0.41296845972222224 0.07382807499999995 0.028124983333333374
0 0.8676611429687501 0.4680465465277778 0.08437494218750015 0.11953116805555561
0 0.11371669453125 0.48562465972222224 0.22380775000000003 0.21093735555555554
0 0.46951688515624995 0.5184371368055556 0.1529295828125 0.2203123486111111
0 0.552573468359375 0.42703094861111107 0.018457019531250028 0.023437483333333297
2 0.5769631000000001 0.42351532708333334 0.019775376562499947 0.03046872916666672
1 0.613217958203125 0.40476533819444444 0.047460905468749995 0.07734369305555554
0 0.7852637390625 0.4821090354166666 0.14370107343750008 0.13359365694444444
1 0.9441259347656249 0.4762496645833333 0.1107421117187501 0.23906233472222224
7 0.37195835859375 0.3400778916666667 0.015820301562500028 0.016406238888888876