0 0.25333022656250004 0.594915675 0.07917045468750002 0.04992299444444441
0 0.052275316015625 0.6188371104166667 0.05850350703125 0.0395223708333333
0 0.9579096249999999 0.5761945534722221 0.08190491093749994 0.07488449027777777
0 0.8795149242187499 0.5741144284722223 0.0655239296875001 0.05408324305555554
0 0.425527699609375 0.5886753013888889 0.04680280703124993 0.04992299444444441
6 0.3798949640625 0.4399463833333333 0.011700701562500004 0.039522372222222185
6 0.5554054882812499 0.46386781666666665 0.011700701562500004 0.02912174722222226
6 0.603378365234375 0.4742684409722222 0.011700702343750003 0.033281995833333314
6 0.69815404921875 0.46802806736111113 0.011700701562500004 0.029121748611111147
7 0.6390655046875 0.47530850347222214 0.026911612500000005 0.031201870833333346
7 0.730330977734375 0.47322837916666666 0.019891192968750016 0.018721125000000033
7 0.779473925 0.4909094388888889 0.010530631249999978 0.016640997222222214
7 0.13827547382812502 0.4773886270833333 0.03159189453125 0.01456087083333336
7 0.6027933296875 0.5033901868055556 0.010530631249999978 0.0166409986111111
7 0.624439628125 0.4368261951388889 0.02106126406250004 0.033281995833333314
7 0.348303069140625 0.5189911236111111 0.011700702343750003 0.018721124999999953
6 0.78350821796875 0.5235971145833334 0.011700703125 0.0166409986111111
7 0.6360793761718749 0.5531645895833334 0.009360560156250041 0.018721123611111067
7 0.6477800785156249 0.5531645895833334 0.007020421093749984 0.018721123611111067