7 0.8597509929687501 0.07031245138888889 0.03427732031250006 0.018749986111111117
7 0.842612332421875 0.04687496736111112 0.02636717109375013 0.023437481944444442
7 0.8505224828125 0.09492181111111112 0.023730451562499866 0.025781233333333337
7 0.6329933359375 0.03632810138888889 0.07910150781250005 0.04921871666666667
7 0.26583050234375005 0.12890616249999998 0.02241209531249999 0.03281247777777777
7 0.612558780078125 0.31992165347222223 0.014501942968750025 0.02578123194444445
7 0.18013720195312502 0.07851556944444445 0.03559567890625 0.039843722222222225
7 0.18343309765625 0.14765614791666667 0.03691403750000002 0.06562495416666667
7 0.16761279570312498 0.20742172986111107 0.029003886718750004 0.021093734722222222
6 0.8452490484374999 0.1757811298611111 0.018457018750000033 0.042187473611111095
6 0.8188818796875001 0.17929675208333332 0.023730453124999863 0.03515622638888887
6 0.61849139140625 0.2953122958333333 0.013183584375000024 0.023437483333333335
6 0.64090348515625 0.03046873125 0.013183584375000024 0.05624996249999999
6 0.5176369691406251 0.05039058958333333 0.014501942968750025 0.0726561986111111
6 0.50774928046875 0.05507808680555555 0.01054686718750002 0.0679687013888889
6 0.358774773046875 0.10781242569444444 0.01582030390624998 0.04687496805555555
6 0.335703500390625 0.11015617569444444 0.01977537734374999 0.05624996249999999
6 0.20320847421875002 0.2906247979166667 0.02109373593749999 0.028124981944444412
6 0.6053078078125 0.2484373298611111 0.013183584375000024 0.056249962500000014
0 0.51104517578125 0.36679662569444443 0.03295896250000006 0.049218718055555596
0 0.44051299843749997 0.37265599375 0.05800777343750001 0.08906243472222222
1 0.559824440625 0.36914036875 0.06987300156249994 0.10546867638888892
0 0.9586278777343751 0.3609372520833333 0.08173822578125005 0.07499994861111109
0 0.8333838222656251 0.3703122451388889 0.12128897890624994 0.07031245138888889
0 0.69231946640625 0.4617184326388889 0.245214675 0.2531248263888889
0 0.32977088828125 0.3996091 0.16874988437500002 0.20859360555555556