0 0.38574531328125 0.4222653222222222 0.014040840625000018 0.016640997222222214
0 0.41324196171875 0.4201851965277778 0.01287077187500003 0.0166409986111111
0 0.292724735546875 0.45866750486111113 0.017551052343750005 0.018721123611111147
0 0.279268928125 0.4597075659722222 0.011700701562500004 0.012480748611111083
0 0.30267033125 0.45554731875000004 0.011700701562500004 0.020801248611111114
0 0.315541104296875 0.45138706944444446 0.023401403906250007 0.02912174722222226
7 0.9462089234375 0.3671420166666667 0.021061262499999955 0.08112486388888891
7 0.629119908203125 0.37546251597222224 0.009360561718749948 0.01456087361111113
7 0.7127799253906251 0.40978457291666665 0.00819049140625001 0.01664099861111118
7 0.39335076953125 0.39938395069444443 0.012870771874999987 0.024961498611111053
7 0.4073916121093751 0.39730382500000005 0.010530632031249976 0.02080124722222223
7 0.38925552343750003 0.37546251597222224 0.011700701562500004 0.01456087361111113
7 0.379309928125 0.35154108125 0.03861231406250001 0.02496149305555551
7 0.6419906808593749 0.4035442 0.021061263281249954 0.02080124722222223