0 0.9117953999999999 0.5849073729166666 0.17230165312499998 0.26057485138888886
0 0.5734292566406249 0.5045172590277777 0.03664333828124997 0.04435316527777778
1 0.554327944140625 0.45877805833333335 0.05925305859375003 0.11642706111111115
1 0.272486098046875 0.46709427569444445 0.07250702890625002 0.1136549875
0 0.3161462453125 0.4892708576388889 0.02260971718749998 0.04158109027777775
0 0.330179865234375 0.48788482152777785 0.01169468359375001 0.030492801388888876
1 0.35045064804687504 0.4754104944444445 0.030406174218750026 0.044353166666666666
0 0.37345018867187496 0.4830336951388889 0.017152199218749997 0.02079054861111113
0 0.39021256796875 0.4754104944444445 0.014813265625000006 0.019404508333333344
7 0.844745888671875 0.29938386666666666 0.02728759296874994 0.027720725
0 0.414771400390625 0.47610351180555555 0.023389364843749937 0.0180184736111111
0 0.43621165117187494 0.47679652916666665 0.013253972656249946 0.016632433333333314
0 0.46038066171875 0.47679653055555554 0.013253973437499945 0.011088294444444417
0 0.47753286328125 0.47956860486111114 0.011694684375000009 0.013860368055555562
0 0.49156648046875 0.4837267131944445 0.016372553124999988 0.01940450972222223
0 0.5075492128906249 0.4802616215277778 0.012474325781249984 0.020790545833333358
6 0.45102491562499997 0.44907580069444447 0.007016809374999955 0.008316218055555583
6 0.472075344140625 0.44907580138888886 0.007016810156250042 0.011088288888888955