6 0.322734262109375 0.3431248798611111 0.008437497656250015 0.018749993055555574
6 0.48726545468750004 0.3478123777777778 0.008437496874999973 0.024374991666666665
6 0.25681631640624997 0.33937487986111115 0.009492185937500031 0.018749993055555532
6 0.10863277265625 0.3543748770833333 0.012656243750000008 0.01499999305555559
6 0.6138279109375 0.3553123756944444 0.014765620312499995 0.0356249875
6 0.15978509960937498 0.3234373875 0.009492183593750014 0.03187498611111113
6 0.184042904296875 0.3309373840277778 0.007382810156249997 0.02812499027777776
6 0.107578087109375 0.4237498520833333 0.006328122656250002 0.018749993055555574
6 0.12076167578125001 0.42749985069444446 0.005273435937499982 0.018749993055555574
6 0.601699007421875 0.34593737916666667 0.011601558593750028 0.0393749861111111
6 0.09492184140625 0.22406242361111112 0.012656246874999999 0.05437498333333331
6 0.2283397640625 0.23437491805555552 0.00949218437499999 0.056249980555555565
6 0.32589832265625 0.2906249 0.012656243750000008 0.04124998611111109
6 0.33539050703125 0.30656239375 0.012656243750000008 0.039374984722222256
7 0.6391404015625 0.2758693104166667 0.04218748437499995 0.014511184722222206
7 0.614882596484375 0.31499988888888886 0.01898436796874998 0.02999998888888891
7 0.7340622437500001 0.3862498645833333 0.01898436875000007 0.007499995833333313
7 0.730898182421875 0.39843736111111117 0.01054687109375001 0.013124997222222214
7 0.768866918359375 0.39374986250000005 0.014765619531249996 0.014999994444444473
7 0.500449043359375 0.3887498541666667 0.011601558593750028 0.014999997222222245
7 0.49253888984375005 0.39624984930555557 0.014765618749999997 0.011249995833333375
7 0.38179674140625003 0.41781234375 0.008437498437500014 0.024374990277777737
7 0.363339716015625 0.40187484861111106 0.007382810156249997 0.022499994444444442
7 0.30691395507812497 0.33062487500000004 0.02109374453124997 0.02999998888888891
7 0.305859267578125 0.3681248611111111 0.021093741406250022 0.037499986111111105
7 0.11774263125000002 0.3978748548611111 0.013710932812499998 0.02624999027777777
0 0.44085922070312494 0.43281233750000003 0.012656246093750045 0.024374991666666623
0 0.409745949609375 0.4299998388888889 0.009492183593749991 0.026249988888888885
0 0.397089704296875 0.43843733472222224 0.011601558593750028 0.016874994444444506
0 0.4260935999999999 0.4374998368055556 0.014765618749999997 0.02624999027777777
0 0.40130845234374996 0.4618748305555556 0.01582030624999997 0.02249999166666667
0 0.32800769765625 0.4674998256944444 0.01898436874999998 0.03749998472222226
0 0.34488269179687503 0.470312325 0.023203114843750018 0.03562498611111112
0 0.378632679296875 0.4553123291666667 0.01054687109375001 0.024374991666666703
0 0.21146476875000003 0.4740623229166666 0.034804673437500024 0.04312498194444451
0 0.28951161640625 0.4712498270833333 0.013710931250000025 0.03374998749999997
0 0.735665259765625 0.46658186874999996 0.042187486718750035 0.03749998472222226
0 0.74673947421875 0.4656443701388889 0.04957029531249999 0.04312498472222227
0 0.762032437109375 0.4712693673611111 0.08015622109375001 0.054374979166666684
0 0.777325401171875 0.4815818638888888 0.06222654140625004 0.07499997222222221
0 0.8532418890625 0.5071873201388889 0.120234334375 0.15937494305555555
0 0.918105147265625 0.4321873493055556 0.024257803906250076 0.028124990277777803
0 0.682909916796875 0.5090623222222221 0.13394526640624999 0.0956249666666667
0 0.26103506523437503 0.48562483055555555 0.06855466484375002 0.08624997222222217
0 0.47249983476562496 0.6056247875 0.23414054453124997 0.31499989166666664
7 0.614616346875 0.2512838 0.004874039062500035 0.02426188333333334
6 0.498126809375 0.4150515180555555 0.009748078124999981 0.01906290833333336
0 0.076035012109375 0.5069000798611111 0.14817079296875 0.20622601527777779