0 0.21224230312500003 0.6271478805555556 0.023195879687499987 0.026804127777777766
0 0.2609536515625 0.6240550972222222 0.013917528125 0.024742272222222222
0 0.280670149609375 0.6240550965277778 0.011597939843750016 0.020618559722222173
0 0.47648204843749997 0.6271478805555556 0.019716498437500007 0.026804127777777766
0 0.45270627265624996 0.6426118013888888 0.03711340781249994 0.049484544444444445
7 0.4979382390625 0.5993128243055555 0.006958764062500044 0.020618559722222173
0 0.343685634765625 0.6343643770833334 0.016237116406249984 0.016494848611111085
0 0.378479456640625 0.62302416875 0.01855670546875001 0.014432993055555541
0 0.40863409921875 0.6158076729166666 0.011597940625000015 0.016494848611111085
0 0.4248712156250001 0.6127148881944444 0.013917528125 0.01855670416666663
6 0.759375125390625 0.5754833423611111 0.010438146093749979 0.03447165416666667