0 0.160442973046875 0.46859535486111115 0.18797460703125 0.2042193263888889
0 0.272942928125 0.4491860798611111 0.109177171875 0.13839656805555556
0 0.329430246484375 0.44243502847222216 0.05316453515624997 0.10126577916666667
0 0.374050480859375 0.4348400944444445 0.05126580078124996 0.07594933611111108
0 0.42117172421875004 0.42935402708333326 0.03297265468750003 0.05330752638888888
0 0.44572766835937505 0.4237973006944445 0.01803796953125003 0.03544302361111112
0 0.45474665078125 0.4195778930555556 0.00949366562499998 0.027004208333333283
0 0.4993668859375 0.4204217743055556 0.007594932812500055 0.0286919708333333
0 0.5093352359375001 0.42801670694444444 0.012341767187499996 0.04388183611111111
0 0.5235757367187499 0.4229534208333333 0.021835434374999973 0.07088604722222223
0 0.5378162382812499 0.4339238784722222 0.025632901562499998 0.05232065416666663
0 0.569145339453125 0.44320657500000005 0.06740503671875002 0.11476788611111104
0 0.639778216796875 0.45755256041666664 0.11867083828125002 0.17046406527777777
7 0.7177212285156249 0.20219400347222222 0.03417720234375006 0.060759470833333336
7 0.7229427453125 0.24438807847222221 0.01803796718750004 0.023628681944444452
7 0.724366795703125 0.27054840555555554 0.020886067968750054 0.028691972222222223
7 0.54446180390625 0.37468339166666664 0.014240498437500016 0.013502102777777717
0 0.05886073671875001 0.5187058375 0.1139240046875 0.21940919444444446
0 0.48151880390625 0.4212656555555556 0.011392401562499987 0.016877630555555592
6 0.44136057500000003 0.32118130902777775 0.010443034374999983 0.021940918055555553
6 0.496898527734375 0.329620125 0.015189867968750015 0.028691972222222223
6 0.5606010386718749 0.3709703180555556 0.008544300781250059 0.020253158333333313