6 0.663398205078125 0.5114730354166667 0.025312491406250005 0.04580355138888892
0 0.3058592671875 0.5945087222222223 0.02320311875000001 0.0393749861111111
0 0.35121081445312496 0.5945087236111112 0.023203116406250012 0.03562498888888888
0 0.3617576859375 0.584196225 0.010546873437500003 0.018749991666666688
0 0.427148288671875 0.5888837243055556 0.033749988281249976 0.04687498194444449
0 0.404999858984375 0.5945087236111112 0.01265624609375 0.028124988888888838
0 0.384960803515625 0.5991962215277779 0.04007811015625 0.044999984722222226
0 0.32431629296875003 0.6001337208333333 0.045351546875 0.05062498333333336
0 0.43664047109375004 0.5970533590277778 0.033749985937499984 0.052499979166666655
0 0.15978509999999999 0.6117854979166667 0.049570293750000015 0.0749999736111111
0 0.273163967578125 0.6014730020833333 0.04640623515625002 0.08812497083333332
0 0.4561521839843749 0.6155354958333333 0.034804675781249995 0.07499997222222221
0 0.47144514609375 0.6174104951388889 0.03585936250000001 0.07874997083333331
0 0.5067771664062499 0.6267854930555556 0.06644528906250002 0.12749995555555552
0 0.536459077734375 0.6479462034722222 0.10411267890625 0.1462499486111111
0 0.62799085390625 0.6695086972222223 0.15820307031249997 0.19687493055555558
0 0.8166291851562499 0.7116961805555555 0.36281237187500004 0.3487498777777779
0 0.047460921093750004 0.6263837131944445 0.09492184218750001 0.12187495972222225
0 0.12076167734375001 0.6235712138888889 0.06855466562499998 0.08999996944444445
0 0.006328122265625 0.6348212090277778 0.01265624453125 0.09749996527777777
0 0.207773364453125 0.6282587111111111 0.11812495859374998 0.14437495000000003