6 0.033914578515625 0.43105732847222217 0.014813264843750002 0.02494865694444444
6 0.11850611484375 0.3049280118055555 0.01559290937500002 0.0471252375
6 0.30367191757812495 0.3499741986111111 0.01169468203124997 0.04019505833333332
6 0.131370265234375 0.3054482097222222 0.010135391406249994 0.048165633333333346
6 0.31419713203125 0.3527462701388889 0.0062371640624999895 0.029106765277777828
7 0.056914121093750006 0.30770008680555555 0.06860880312499999 0.030492801388888876
7 0.26468964375000004 0.37977397986111106 0.017931846875 0.01940450972222223
0 0.1914029671875 0.5072893319444445 0.03196546562499998 0.05821353055555557
0 0.42334750078125005 0.5135264944444444 0.0888795859375 0.14276175277777775
0 0.3707214296875 0.5038242402777778 0.036643339062500016 0.1039527305555556
0 0.351230293359375 0.4962010402777778 0.03040617421874998 0.08316218611111105
0 0.30328209492187497 0.49412198611111113 0.010915036718750003 0.06791578333333333
0 0.546991578125 0.5816038805555556 0.23141417656250002 0.23179128055555556
0 0.253384784765625 0.5156055513888889 0.10135391328124999 0.16078022499999997
7 0.35863692578125 0.4317503472222222 0.014033618749999999 0.015246402777777727
7 0.42295767812499996 0.3763088895833333 0.011694682812499923 0.012474329166666662
6 0.463584272265625 0.40921846805555556 0.01713866015625003 0.028124980555555606
7 0.47281278125000004 0.3810934902777778 0.019775376562499947 0.018749986111111148
6 0.37195835859375 0.43734345 0.01054686718750002 0.028124983333333298
6 0.04236874140625 0.4502340652777778 0.013183584375000001 0.021093736111111067