0 0.5199607542968749 0.4153123548611111 0.01898436953124998 0.028124990277777803
0 0.493593577734375 0.41437485625 0.035859363281250015 0.05249998194444443
0 0.5663669902343751 0.41531235486111107 0.01054687109375001 0.02437499305555559
0 0.646523210546875 0.4153123534722222 0.016874994531249944 0.031874990277777786
0 0.66656226640625 0.41437485486111114 0.02742186562499995 0.048749981944444444
0 0.682382573828125 0.41906235208333337 0.025312491406250005 0.04687498472222226
0 0.706640378515625 0.4228123527777778 0.04007811015625 0.06937497499999996
0 0.7593747332031251 0.4424998465277778 0.11179683515625002 0.1537499458333333
0 0.88846846484375 0.4978123284722222 0.21937492343749998 0.3918748625
0 0.6088558207031249 0.43834806319444447 0.08015622109375001 0.11062496249999998
0 0.54632793359375 0.40861592569444444 0.03164061250000003 0.054374979166666684
0 0.4689842171875 0.4107141423611111 0.018281256250000055 0.03607142083333328
0 0.4575584453125 0.41656235694444443 0.026367178125000022 0.0393749861111111
0 0.443320169140625 0.41468735972222215 0.01054687109374992 0.046874983333333294
1 0.41326158359375 0.38093736666666667 0.055898417187500014 0.12187495555555551
2 0.277206936328125 0.3099998958333333 0.24011711015624998 0.19249994166666667
0 0.24099601015625 0.47374984375 0.372304559375 0.4387498458333333
0 0.08121090859374999 0.4393748493055556 0.16242181718749998 0.22499992083333337
7 0.523476390234375 0.3515623763888889 0.016874992968750037 0.013124991666666712
7 0.629331823046875 0.36487487013888886 0.013710932031250067 0.011249995833333375
7 0.61667557890625 0.3629998715277778 0.0073828109375000395 0.014999998611111091
7 0.765702857421875 0.3599998756944444 0.011601558593750028 0.02812499027777776