6 0.27281413828125 0.36257786875 0.010012195312499994 0.03046872916666668
6 0.583554893359375 0.36257786875 0.009228510156249925 0.02578123194444445
6 0.449741508203125 0.40359346666666673 0.007910150781250014 0.01874998888888884
6 0.74703134296875 0.38132785694444443 0.01186522656250002 0.021093736111111146
6 0.255787165234375 0.39773409444444446 0.012872289843749973 0.021093736111111067
7 0.6494728160156249 0.3754684861111111 0.019775377343750032 0.014062491666666687
7 0.5901466855468749 0.3344528875 0.01713866015625003 0.016406238888888876
7 0.58025899765625 0.30632790694444445 0.015820303124999935 0.035156224999999985
7 0.4029397828125 0.36023412083333334 0.014501943750000024 0.016406236111111108
0 0.42891545195312497 0.4294218618055555 0.027294619531249963 0.037405645833333286
0 0.491269800390625 0.4153122083333333 0.014501942968750025 0.028124980555555606
0 0.5070901011718749 0.4223434527777778 0.01713866015625003 0.028124980555555606
0 0.5222512238281249 0.42820282361111106 0.02109373515624995 0.03984372222222221
0 0.45831083828125 0.4164840819444444 0.01186522656250002 0.016406238888888917
0 0.46951688515625 0.4164840819444444 0.01054686718750002 0.021093736111111146
0 0.544004138671875 0.4422653131944445 0.03295896171874997 0.04453121805555556
0 0.415464187890625 0.4457809361111111 0.03955075390624998 0.04687496944444444
1 0.428428048046875 0.40292057638888884 0.026319811718749975 0.022528891666666655