6 0.541367422265625 0.4141403326388889 0.009228510156250013 0.03046872916666672
6 0.55586936484375 0.4809371618055555 0.009228509375000016 0.02343748194444441
6 0.5262062992187501 0.47039029375 0.007910149999999927 0.02578123194444449
6 0.49852077109375 0.4891402819444445 0.007910150000000015 0.025781233333333296
6 0.39898470703125 0.43523406875000004 0.01186522656250002 0.03046872916666664
6 0.62376482578125 0.4692184201388889 0.013183584375000024 0.02343748472222226
6 0.1920024265625 0.41531220625 0.011865226562499998 0.03281247638888895
6 0.07335016484375 0.5008590236111111 0.014501943750000001 0.021093736111111146
7 0.08785210859375 0.4821090368055555 0.022412093749999994 0.016406240277777723
7 0.077305240625 0.46335904791666666 0.02768552812499999 0.02109373472222226
7 0.054233967187499996 0.4867965333333334 0.021093735937500007 0.04453121944444444
7 0.144541523046875 0.4223434513888889 0.04086911171874998 0.018749986111111148
7 0.5894875058593749 0.4821090368055555 0.013183585156250021 0.03046872916666664
7 0.616513854296875 0.44695281041666673 0.01713866015625003 0.02109373472222218
7 0.5769631000000001 0.42117157847222225 0.03823239687499998 0.02578123194444449
7 0.53741234609375 0.4739059180555556 0.014501943750000024 0.018749988888888916
7 0.3548196984375 0.49031215486111107 0.02109373593749999 0.02343748194444441
7 0.17815966328125002 0.47742153888888894 0.018457017187500015 0.016406236111111066
7 0.602671091015625 0.44109343888888886 0.015820302343750026 0.023437483333333297
7 0.399643886328125 0.48328091111111116 0.018457017968750034 0.01874998888888884
0 0.284287519921875 0.5395308722222222 0.03559567734375002 0.037499974999999984
0 0.39568881132812506 0.534843375 0.01582030234374998 0.028124980555555526
0 0.37723179218749997 0.5371871236111111 0.0263671703125 0.03281247777777775
0 0.5782814585937499 0.5301558770833333 0.022412093749999952 0.03281247638888887
1 0.57168966640625 0.50906214375 0.025048810937499954 0.04687496805555548
0 0.2546244546875 0.5477339923611112 0.029003885937500008 0.03515622638888887
0 0.326474991015625 0.5371871236111111 0.05141597890625001 0.0515624638888889
0 0.5011574878906251 0.5407027458333333 0.04746090390625 0.07265619999999996
0 0.538071525390625 0.5219527590277778 0.015820302343750026 0.02578123194444441
0 0.553232648046875 0.5184371368055556 0.014501942968750025 0.02343748472222226
0 0.5262062992187501 0.5231246326388889 0.01054686718749993 0.02343748194444441
0 0.6112404203124999 0.5301558770833333 0.05668941406250001 0.09374993472222215
0 0.6989112589843749 0.5617964819444444 0.11865226328125003 0.16171863888888885
0 0.026457804687499996 0.5793745944444445 0.05291560937499999 0.0796874444444445