0 0.20882805195312498 0.4884373291666667 0.34171863046874995 0.3956248611111111
2 0.391872754296875 0.3552633041666667 0.07603501171875005 0.11784343611111112
0 0.3460567859375 0.3881901479166667 0.03509308281250001 0.04852377083333334
0 0.424041412890625 0.4115855354166667 0.10722886328125 0.14037233472222224
0 0.46839516953124993 0.3803916833333333 0.034118275000000066 0.08145061111111111
0 0.494227577734375 0.3673942451388889 0.03704269765625003 0.05892171805555557
0 0.509337099609375 0.36046228194444446 0.012672502343749947 0.058921725
1 0.5424805660156251 0.3266689395833333 0.06726174140624996 0.14730429583333332
1 0.580985476171875 0.3093390201388889 0.01949615703125005 0.1230424097222222
1 0.627288848828125 0.3214699638888889 0.08675789765625001 0.2062260166666667
0 0.754988677734375 0.3543968076388889 0.11795174921874993 0.11957642916666664
0 0.024370196093749998 0.5042956069444445 0.048740392187499995 0.0935915333333334