0 0.026452387499999997 0.4014238256944444 0.051295528125 0.12695363749999997
0 0.21635162382812498 0.5645336076388889 0.39995813515625 0.5175440597222223
0 0.4342625375 0.48164765625 0.09667604062499997 0.17879869861111106
0 0.49468506328125006 0.45877805625000007 0.042880501562499965 0.06930182083333333
0 0.633461960546875 0.46085711250000005 0.02572830234375001 0.07623200555555557
0 0.569141207421875 0.47679653055555554 0.11070966015624997 0.2217658277777778
0 0.681098524609375 0.47452019791666666 0.10384922890625 0.12652387083333327
6 0.56212439765625 0.24324939375000001 0.012474326562499981 0.045739204166666644
6 0.5231421234375 0.33403477847222224 0.00779645468750001 0.030492801388888876
6 0.43309306953124993 0.3672996527777777 0.011694682812499923 0.04158109166666664
7 0.562904043359375 0.20929150000000002 0.012474327343750069 0.013860363888888866
7 0.43075413359375003 0.33819288819444443 0.010135392187499991 0.01663243750000001
6 0.6576309703125001 0.3880901986111111 0.007016809375000044 0.03049279999999999
6 0.6517836292968751 0.3763088895833333 0.01247432734374998 0.026334693055555566
6 0.6474955796874999 0.29383972152777776 0.010135392187499991 0.027720726388888887
6 0.661529198046875 0.2952257583333333 0.007016810156250042 0.03049279999999999
6 0.37646893085937505 0.2708940298611111 0.01508691953125001 0.04470198472222222
7 0.37596603359375 0.24139071944444443 0.014081125000000005 0.01430463611111112