6 0.371558365625 0.5466312694444445 0.006694745312500005 0.020403033333333317
6 0.39690275859375 0.5789360722222222 0.005738353125000017 0.017002527777777804
6 0.41029224921875 0.5755355652777777 0.005738353125000017 0.013602022222222211
6 0.4394622109375 0.5534322805555555 0.004781960937499985 0.017002527777777804
7 0.24196722382812502 0.5836117659722222 0.015302275781249985 0.010201518055555582
7 0.34143201171875 0.5819115138888888 0.009563921875000015 0.017002527777777724
7 0.6383917859375 0.44249078472222225 0.033473726562499986 0.16662477222222222
7 0.52745029296875 0.57341025 0.00669474531250005 0.01360202222222229
0 0.5212337429687499 0.5836968111111112 0.011476706249999946 0.015302275000000047
0 0.521233743359375 0.5972988333333333 0.013389489843750014 0.015302275000000047
0 0.52505931171875 0.6083504763888888 0.015302274999999987 0.017002527777777804
0 0.42272534765625 0.6092006020833334 0.017215059375000053 0.02550379305555555
0 0.351952326171875 0.6457560368055556 0.030604550781250017 0.04760707638888893
0 0.388773425 0.6466061638888888 0.04686321718749999 0.07311086944444448
0 0.4413749953125 0.6117509819444444 0.020084235937499972 0.02380353888888891
0 0.45619907460937503 0.6015494652777778 0.011476707031249945 0.017002527777777724
0 0.46815397617187504 0.6100507291666667 0.02008423671874997 0.02380353888888883
0 0.47150134921875003 0.6415054069444445 0.034430118750000016 0.04250631944444447
0 0.05212337421875 0.7010142527777777 0.1042467484375 0.08331238611111111
0 0.16928141718749998 0.6916628625 0.12624376875 0.11561718888888896
0 0.284048480078125 0.6508567958333333 0.05738353203125004 0.054408088888888845
0 0.43468024960937496 0.6576578076388889 0.058339924218749936 0.07481112083333336
0 0.531754056640625 0.6440557854166666 0.042081255468749926 0.07141061805555561
0 0.50210589921875 0.5862471902777778 0.011476706250000034 0.010201516666666698
0 0.488238212109375 0.5938983284722222 0.012433097656250069 0.018702781944444444
0 0.5078442523437501 0.5709449145833333 0.007651137499999993 0.013602020833333325