0 0.052734356640625 0.23249991944444445 0.06328122734375 0.033749988888888895
0 0.185097591015625 0.24656241319444447 0.04324217109374997 0.02437499027777778
0 0.148499948046875 0.24187491458333332 0.03206248828125 0.022499990277777788
0 0.435163915625 0.2718749048611111 0.008437495312499977 0.018749993055555574
0 0.428835794140625 0.2699999055555556 0.010546872656250006 0.02249999166666667
0 0.418816264453125 0.26812490625 0.015820307031250015 0.022499993055555556
0 0.457839690234375 0.2765624034722222 0.020039057031249995 0.028124990277777803
0 0.450984223828125 0.2728124041666667 0.010546872656250006 0.024374991666666665
1 0.439910008203125 0.2662499076388889 0.011601557031250032 0.02624999027777781
1 0.293203022265625 0.19906243055555556 0.11601558515625002 0.26812490833333336
0 0.22675773242187497 0.26687490555555554 0.03164061171874999 0.06999997499999999
7 0.22623038984375002 0.13143745069444443 0.03058592656250001 0.0731249763888889
0 0.489374828515625 0.29456239444444443 0.05484373046875 0.08437496944444445
0 0.402363140625 0.27056240555555555 0.02003905625000004 0.02512499444444446
0 0.399726421875 0.26456240486111116 0.016874993750000032 0.02437499027777778
7 0.40637097070312506 0.23906241666666664 0.02636717890625002 0.016874994444444465
7 0.47365999687499993 0.12468745555555556 0.02847655312499997 0.016874991666666655
7 0.45520297265625 0.15093744722222222 0.06117185468750001 0.054374980555555556
7 0.4710232785156251 0.23156241875 0.008437496093749974 0.009374995833333344
7 0.466277187890625 0.24281241458333333 0.020039057031249995 0.020624993055555527
7 0.443601413671875 0.2409374152777778 0.025312491406250005 0.016874994444444427
0 0.379054548828125 0.2643749069444445 0.014765619531249996 0.014999994444444435