0 0.8898374566406251 0.5338145215277779 0.21456188984374994 0.2800000458333333
0 0.65080390625 0.5072165798611111 0.17628868906249995 0.24742272083333333
0 0.7493863968750001 0.4855670916666666 0.12989692812499998 0.20412374444444442
0 0.43972139609375 0.5092784354166666 0.09974228593749998 0.14432992361111113
0 0.48263377578124994 0.48041244861111115 0.013917526562500004 0.05773196388888893
0 0.4971311984374999 0.46185574583333333 0.01739691093750002 0.024742272222222222
0 0.509888933984375 0.4721650263888889 0.01971649765625001 0.03298969722222217
0 0.521486875390625 0.47731966736111114 0.015077324218750032 0.03917526527777777
0 0.534824504296875 0.4762887375 0.03015464296874999 0.045360830555555585
0 0.5626595609375 0.4824743055555555 0.037113407812500034 0.061855677777777784
7 0.38289149101562503 0.36288665694444444 0.01855670390624997 0.008247424999999945
0 0.18541063515625 0.5559371145833333 0.08833001718750003 0.18749987083333333