6 0.692466034375 0.3616410006944444 0.011715464062500036 0.03408135138888887
6 0.56625853203125 0.3673212256944444 0.010650421875000048 0.037868168055555526
6 0.573713826953125 0.3663745215277778 0.006390252343749925 0.03976157638888884
7 0.55773819453125 0.4430575611111111 0.01065042187499996 0.022720902777777812
7 0.7366652863281249 0.44779108194444445 0.012780507031250022 0.024614308333333352
6 0.80216538203125 0.42980370208333335 0.011715464062499948 0.02650771805555555
6 0.7893848757812499 0.43548392708333333 0.013845548437500011 0.022720901388888926
7 0.789917396484375 0.3559607763888889 0.017040674218750062 0.037868169444444454
7 0.789917396484375 0.3843619020833333 0.017040674218750062 0.015147268055555527
6 0.5039535625 0.44211085625 0.011715464062499948 0.020827493055555615
6 0.515669026953125 0.4402174472222222 0.0053252117187499335 0.024614308333333352
6 0.6562545992187501 0.4383240388888889 0.007455295312499999 0.020827491666666652
6 0.616315516796875 0.4383240395833334 0.008520338281249984 0.017040676388888915
7 0.8570150562500001 0.39761576041666663 0.023430928124999896 0.015147268055555527
0 0.612055346875 0.4875526576388889 0.019170759374999947 0.035974759722222256
0 0.66583997890625 0.4818724326388889 0.018105717187500047 0.035974759722222256
0 0.69299855546875 0.4837658409722222 0.027691096875000022 0.03218794305555556
0 0.5918195453124999 0.48660595347222224 0.012780506249999934 0.022720901388888926
0 0.579039038671875 0.48471254513888895 0.01704067578124997 0.03029453472222225
0 0.56732357421875 0.4922861784722222 0.01704067499999997 0.03786816805555557
0 0.49277061992187504 0.5045933319444444 0.04899194296874994 0.07384292499999998
0 0.462949437890625 0.5121669666666667 0.06390253359375002 0.08520337777777777
0 0.42247783359374996 0.5292076416666667 0.07029278593749999 0.09656382777777779
0 0.34313218828125003 0.5453016131944444 0.13313027656250004 0.15147267083333332
0 0.82453126875 0.5074334451388889 0.04579681562500006 0.07573633472222226
0 0.8724581687499999 0.5036466291666667 0.08413833593749995 0.0984572361111111
0 0.9427509542968749 0.514060375 0.10969934765624992 0.13064517777777776
0 0.9869502062500001 0.5481417263888889 0.023430928125000073 0.10792427777777781
0 0.19775392656250002 0.5755961472222222 0.2513499625 0.2423562722222222
0 0.550282898828125 0.4894460659722223 0.036211435156250006 0.0473352097222222
0 0.6408114871093751 0.4903927701388889 0.03834151953124998 0.07194951805555555
0 0.729209990625 0.4932328826388889 0.055382195312500035 0.08141655972222218