6 0.6000343738281251 0.3110154027777777 0.007910150781250014 0.03515622500000003
6 0.463584272265625 0.1739061236111111 0.014501942968750025 0.056249961111111094
6 0.40293978203125 0.3262497701388889 0.006591790625000015 0.01874998750000003
6 0.226279748046875 0.29343729097222226 0.011865227343750017 0.03749997361111114
6 0.714731559375 0.28640604722222224 0.013183584375000024 0.05624996111111113
6 0.60333026953125 0.3567184986111111 0.01186522656250002 0.018749988888888878
6 0.7246192488281251 0.3496872534722222 0.011865225781250021 0.018749987499999992
7 0.22627974765624997 0.34265600763888887 0.019775376562499992 0.02812497916666664
7 0.2216654921875 0.2371873298611111 0.04746090468749999 0.02343748472222222
7 0.222324671484375 0.19499985902777778 0.022412094531250037 0.05156246527777779
7 0.491928978515625 0.17273424930555556 0.01582030078125003 0.03515622638888889
7 0.5941017605468749 0.2676560590277778 0.019775377343750032 0.04687497083333333
0 0.652768712109375 0.4082809611111111 0.08701165859374997 0.0656249555555555
0 0.7509864183593751 0.4211715777777778 0.08041986640624996 0.06796870555555551
0 0.8063574738281251 0.39890596874999995 0.05405269765625 0.0374999736111111
0 0.948081008984375 0.41179658333333335 0.07646479140625004 0.07265619999999996
0 0.4642434515625 0.40242159027777785 0.015820301562500028 0.030468730555555525
0 0.40293978242187495 0.3883591020833333 0.014501942968750025 0.02109373472222218
0 0.368003283203125 0.3883591020833333 0.013183585156249978 0.02109373472222218
0 0.332407604296875 0.38132785625000004 0.015820300781249984 0.02578123194444449
0 0.24275922851562504 0.3953903479166666 0.02636716953125 0.03515622638888887
0 0.21375534218750003 0.39656222013888887 0.015820301562499983 0.037499970833333326
0 0.1623393625 0.4000778430555556 0.031640604687500004 0.03984372222222221
0 0.13003957929687499 0.38718722708333336 0.030322244531250007 0.014062490277777803
0 0.188047351953125 0.40828096388888896 0.05405269765624998 0.0562499638888889
0 0.12410696640625 0.4059372145833333 0.031640603124999986 0.03281247916666664
0 0.09773979765625 0.38953097361111116 0.023730453125000005 0.028124980555555526
1 0.4602883765625 0.3883591013888889 0.02373045312500004 0.03984372222222221
0 0.01929746796875 0.41765595625 0.0382323953125 0.07031245138888885
0 0.0614849390625 0.4188278284722222 0.09360345156250001 0.08671869027777777
0 0.35086462304687493 0.38953097500000006 0.021093733593749997 0.037499974999999984
0 0.41810090468749994 0.3930465993055555 0.02373045312499995 0.03046872916666664
0 0.383823583984375 0.40945283750000006 0.03427731953125002 0.0539062138888889
0 0.856455094921875 0.43171844722222225 0.16215809140624993 0.10312493055555558
0 0.47940457265624997 0.40359346527777784 0.02768552812499996 0.037499974999999984