6 0.51136613828125 0.23080648125 0.013472782812500039 0.07838710694444444
6 0.355816722265625 0.3385887548611111 0.011023188281250018 0.04572581250000004
6 0.36010351796875 0.38649198541666663 0.012247985937499983 0.019596776388888928
6 0.44155262070312506 0.4245968291666667 0.006123992968749992 0.021774197222222194
6 0.467885791015625 0.41479843958333334 0.007348791406249955 0.019596776388888928
6 0.459312201171875 0.43112908680555556 0.00979838828125006 0.01741935694444447
6 0.8916660855468749 0.20794357569444447 0.03184476171875002 0.06314517083333335
6 0.799806194921875 0.062056459027777774 0.024495971093749968 0.07185484583333333
7 0.8726817078125 0.048991940972222224 0.03306956093749989 0.08491936805555554
7 0.8886040902343749 0.12411291944444444 0.05756553203124994 0.10016130277777778
7 0.9062182714843751 0.33276369930555555 0.09092588671874999 0.20108561527777777
7 0.6614039609375 0.32443552430555556 0.022046373437499954 0.021774195833333346
7 0.6718147472656251 0.28741939375 0.018371978906249975 0.013064518055555594
7 0.65527996640625 0.23842745138888885 0.02449597031250006 0.04572581388888888
7 0.36132831640625 0.4093548909722222 0.014697582812499999 0.026129034722222222
7 0.354591925 0.27870971250000004 0.015922381250000006 0.0348387138888889
6 0.67120234921875 0.3592742402777778 0.012247985937499983 0.030483875000000025
7 0.5150405332031249 0.43330650625 0.008573589843750007 0.02177419583333331
0 0.4427774199218749 0.446371025 0.013472783593749949 0.021774194444444422
0 0.46176179609374995 0.44419360625000004 0.02449597031250006 0.013064518055555554
0 0.46666099218750007 0.4572581229166666 0.02449597031250006 0.01741935694444447
0 0.48687016796875004 0.45181457291666666 0.01592238124999996 0.023951615277777765
0 0.5174901328125 0.4550807034722223 0.018371978124999976 0.03048387638888883
6 0.4066458625 0.44528231597222223 0.007348792187499953 0.019596776388888848
0 0.377863096484375 0.47032264236111115 0.052666336718750005 0.05661290972222217
0 0.33132075156249996 0.48338715902777774 0.030619964062500005 0.06096774861111109
0 0.297026392578125 0.4899194173611111 0.06491432265625 0.08274194583333336
0 0.255383243359375 0.5040726458333333 0.04531754609375001 0.06750000833333335
0 0.211902893359375 0.5018952263888888 0.061239927343750014 0.06750000833333335
0 0.154337363671875 0.520403292361111 0.05879033046875 0.06096774861111109
0 0.026345914453125 0.5497984583333333 0.050216739843750004 0.11104839999999996
0 0.06118263359375 0.5383244590277777 0.021906293749999993 0.05326168749999998
0 0.6338459925781249 0.44419360486111115 0.09920868359375001 0.09580646250000002
0 0.6975355171875 0.4485484451388889 0.1579990125 0.10887098194444446
0 0.8788057015625 0.5247581319444445 0.23883571718750005 0.4485484444444445
7 0.148170792578125 0.4731067409722223 0.011697694531250002 0.02426188472222219
7 0.167666949609375 0.45144434513888887 0.019496157031250006 0.05025675972222222