7 0.42092811796874996 0.37530628680555556 0.019802304687499994 0.009183679166666694
7 0.42006714765625 0.40897977083333326 0.009470667187499959 0.00612245277777777
7 0.39208563085937503 0.38678588333333336 0.008609697656250016 0.007653063888888943
7 0.4768911519531249 0.4051532375 0.011192607031250024 0.007653066666666714
7 0.580638010546875 0.3783675118055555 0.018941335156250006 0.009183679166666615
7 0.595274497265625 0.37607159444444443 0.00860969765624997 0.007653063888888943
7 0.540602915234375 0.4028573201388889 0.011192607031250024 0.009183679166666694
7 0.53931146171875 0.4250512069444445 0.010331635937500038 0.004591838888888904
6 0.4459823433593749 0.3658164909722222 0.008609697656250059 0.015306129166666693
6 0.559630353515625 0.36505118402777775 0.00860969765624997 0.016836743055555558
0 0.47073522421875 0.4454083631944444 0.007748728124999982 0.013775515277777827
0 0.462556011328125 0.4461736694444445 0.00860969765624997 0.018367355555555537
0 0.4526548589843751 0.44770428194444445 0.012914546093750002 0.02448980555555554
0 0.43844885703124997 0.4507655090277778 0.01377551562499999 0.0244898069444445
0 0.419722765234375 0.44862265972222226 0.02152424453125006 0.03826532222222225
0 0.39604609609375 0.4519134666666667 0.027551032812500063 0.04438777500000002
0 0.36074633632812503 0.45038285624999996 0.04304848828125003 0.06275513194444444
0 0.326307544140625 0.4626277604166667 0.06371176328125001 0.06887758194444445
0 0.279241198046875 0.47244919999999996 0.05854594453124999 0.08571432222222224
0 0.22428262578124997 0.47933695763888884 0.1213967390625 0.10867351805555556
0 0.5705359878906251 0.4446430569444445 0.01721939609374994 0.02908164722222221
0 0.5847419894531249 0.44387774999999996 0.011192607031250024 0.02448980555555554
0 0.60110041484375 0.4423471361111111 0.02496812343750001 0.033673486111111116
0 0.6197547511718751 0.44586755277777773 0.024394125781249977 0.04377553888888891
0 0.6401310265625 0.44663285694444443 0.03013394218750003 0.05571430277777781
0 0.669403998828125 0.45704103125 0.04735333671874997 0.07959187083333334
0 0.7382815804687499 0.4715818520833333 0.11278704062499996 0.10561229305555551
0 0.085092508203125 0.4933675833333333 0.16961104609375 0.15306129166666668
0 0.492474710546875 0.44540836388888894 0.021524242968749975 0.02908164722222221
0 0.5419804730468749 0.44311244375 0.013775516406249988 0.02448980694444442
0 0.5216862000000001 0.44879759097222216 0.033577820312499986 0.0413265486111111
6 0.49189204179687496 0.39704182708333335 0.00946589765625001 0.013088648611111055
6 0.528703866796875 0.39517202013888886 0.00946589765625001 0.01682826249999994
6 0.41563897578125 0.42228422083333333 0.010517664062500032 0.014958455555555538