0 0.018353473046875 0.4170316972222223 0.03555985390625 0.09992446666666671
0 0.174931541015625 0.42620843402777775 0.08259062890624999 0.0938066430555556
0 0.090620273828125 0.44150299444444446 0.13879814140625 0.09584591666666663
0 0.235727421875 0.4466011819444445 0.16747544218750002 0.10196373888888885
6 0.327494787890625 0.3354607041666666 0.013765103906249987 0.030589119444444455
6 0.351010175390625 0.34361780277777776 0.010323828906250032 0.030589122222222227
7 0.33208315546875 0.22432022986111108 0.025236024999999974 0.020392748611111126
7 0.34412762265625 0.3007930340277778 0.026383117187500017 0.022432023611111122
0 0.590178872265625 0.43436553125 0.016059288281249983 0.02447129861111108
0 0.5810021363281249 0.43844408263888884 0.01835347265624998 0.040785495833333366
0 0.62860645859375 0.43742444305555556 0.017206381249999937 0.03058912222222219
0 0.64237156171875 0.44150299444444446 0.01950056562500002 0.02651057222222227
0 0.655563121875 0.4455815444444445 0.025236024999999974 0.03466767222222226
0 0.6704753179687499 0.45577791875 0.022941840624999977 0.03874622083333337
0 0.6939907058593751 0.46087610347222224 0.02867730234375001 0.03670694583333337
0 0.724388645703125 0.46495465486111115 0.04817786640624995 0.06525679305555557
0 0.777728427734375 0.48330812777777776 0.09979701015625002 0.10196373888888893
0 0.5465893738281251 0.4578171916666667 0.06194297265625002 0.09176736666666664