2 0.11481960703125 0.4134021305555555 0.2296392140625 0.7958764222222222
0 0.960309436328125 0.5264605743055556 0.07654640390624987 0.10309280138888895
0 0.932474380859375 0.5068729416666667 0.03247423203124988 0.05979382222222217
0 0.30038664765625 0.5082475062499999 0.07886599218749998 0.10515465694444441
0 0.422938219921875 0.4969072986111111 0.04639176015625002 0.07010310555555559
0 0.48788668398437496 0.500000082638889 0.04175258359375 0.05979382361111113
0 0.626482086328125 0.5185567868055555 0.08466496171874996 0.0886598097222222
0 0.36417531796875 0.5030928652777777 0.039432996875000015 0.049484544444444445
0 0.583956282421875 0.5025774034722222 0.053350524218750014 0.08350516805555554
0 0.550757178515625 0.5030928680555555 0.02928480078125002 0.05979382499999993
0 0.5320555 0.500000082638889 0.026675262499999963 0.05360825416666665
0 0.52103745703125 0.5020619375 0.020876292187499958 0.05360825555555553
0 0.46652713828125 0.493814513888889 0.016237117187499983 0.037113408333333334
0 0.45492919843749996 0.48659801874999997 0.011597940624999924 0.02680412638888888
0 0.89507102421875 0.4979382263888889 0.05219072968749998 0.05360825555555561
0 0.25138535039062504 0.5051547236111111 0.03595361328125 0.05154639999999999
2 0.337500055859375 0.46907225 0.04175258359375 0.07766323888888887
7 0.31604386601562495 0.3969072805555555 0.034793819531250006 0.0164948472222222
7 0.352577378125 0.37628872083333326 0.009278353124999982 0.01649484999999997
7 0.46043822031250004 0.40515470694444444 0.013917528125 0.028865986111111082
7 0.360116038671875 0.40206192152777775 0.010438146093749979 0.022680415277777793
6 0.36765469921875005 0.40206192013888886 0.009278353124999982 0.02680412638888888
6 0.687177948828125 0.40309285 0.01275773515625005 0.03298970000000002
6 0.70051558046875 0.40515470416666666 0.016237117187499983 0.024742272222222222
7 0.42216501796875 0.4257732652777777 0.016237115624999986 0.012371136111111111