0 0.454925566015625 0.6137171083333334 0.030974507031250022 0.05151315833333333
0 0.4674152859375001 0.6225986875 0.0219819078125 0.05151315833333333
0 0.491895137890625 0.6261513194444445 0.05495476953124996 0.09059210555555555
0 0.390978196875 0.6217105298611112 0.02098272968749999 0.0213157902777778
0 0.35700615664062496 0.6243750041666667 0.03896792578124999 0.030197369444444493
0 0.3065476875 0.6243750034722222 0.04196546093750002 0.0444078958333334
0 0.26658058125 0.6270394770833333 0.043963815625 0.05328947361111105
0 0.19463979140625 0.6297039506944444 0.0999177640625 0.11190789583333327
0 0.532861421484375 0.64302631875 0.08493009921874997 0.11013157916666666
0 0.5839195183593751 0.6503050229166667 0.048759628906250005 0.09271530138888891
0 0.739691192578125 0.68654605625 0.3207360210937499 0.3712500013888889
0 0.941525075 0.6590131611111112 0.11490542812499989 0.12078947222222228
0 0.059251221484375005 0.6092763187500001 0.11690378359375 0.09947368472222225
0 0.0138885640625 0.6847697402777778 0.027777128125 0.11901315833333335
7 0.150176386328125 0.5293421090277778 0.016986019531249986 0.031973684722222215
0 0.41283112304687497 0.6195445423611111 0.02047096484375004 0.02946085972222221
7 0.548816816796875 0.5146985423611111 0.017546539843750077 0.034659834722222234