7 0.37432621328125004 0.19236208125 0.09748078593750002 0.10397950416666668
6 0.49520238554687496 0.2625482465277778 0.00974807890624998 0.032926843055555544
7 0.49666459726562506 0.25908226319444444 0.06726174140624996 0.05718872638888889
6 0.55953970390625 0.2781451715277778 0.007798464062499999 0.032926843055555544
6 0.56928778203125 0.2807446590277778 0.005848846874999936 0.038125818055555524
7 0.406494871875 0.3084725270833333 0.013647309375000027 0.0311938513888889
7 0.40503265976562497 0.33273441111111113 0.020470964843749995 0.020795899999999968
7 0.438663530859375 0.3344674034722222 0.015596925781250003 0.02426188472222219
7 0.454747859765625 0.33793338680555557 0.014622116406250019 0.017329918055555518
0 0.45328564843749997 0.37086022916666667 0.013647309374999939 0.017329916666666632
0 0.521522197265625 0.3916561298611111 0.015596924218750008 0.0415918013888889
0 0.4913031546875001 0.3795251881944444 0.05069000937500005 0.02426188472222219
7 0.696987609765625 0.3951221131944444 0.023395388281250006 0.04852376805555557
2 0.630700676171875 0.4020540805555556 0.11892655703125002 0.15943523888888889
0 0.47960546015625 0.48870366736111115 0.13062425156249996 0.2079590097222222
0 0.9168067792968749 0.6195445423611111 0.1608432945312499 0.45577682361111116
0 0.764736755078125 0.44537887430555556 0.026319811718749975 0.05198975416666664
0 0.738904346875 0.4367139145833333 0.04679077656250001 0.04505778472222228