0 0.42345673515625004 0.36374975347222227 0.031640603124999965 0.046874968055555556
0 0.41093233046875 0.3696091243055556 0.03295896250000001 0.03515622638888887
0 0.369404038671875 0.37546849513888897 0.03691403671875002 0.060937456944444475
0 0.3476511234375 0.38601536319444446 0.035595678125000016 0.058593709722222165
0 0.314164826953125 0.39421848125000003 0.06196284765624997 0.07031245138888885
0 0.51481898125 0.33914039166666665 0.02241209375000004 0.016406238888888917
0 0.52141077421875 0.37078099791666674 0.025048810937500044 0.05156246250000002
2 0.5458004058593751 0.34851538819444444 0.029003886718749962 0.058593709722222206
1 0.478564124609375 0.3356247736111111 0.029003885156249964 0.023437486111111107
0 0.486157801953125 0.3921896736111111 0.07182430546875 0.10375480833333334
6 0.46735807734375 0.19148424444444442 0.009228509375000016 0.03515622500000003
6 0.53525353828125 0.18796862222222224 0.007910151562499922 0.037499975000000005
7 0.5748042921875001 0.21843735277777782 0.021093735937500035 0.023437486111111107
7 0.6011714609375 0.2887498041666667 0.015820301562500028 0.028124980555555564
0 0.67170363984375 0.37195287291666673 0.01186522656250002 0.06328120694444447
0 0.675658715625 0.37781224375 0.01977537812500003 0.06562495416666662
0 0.704003422265625 0.38249973958333333 0.013183585156250021 0.07499994583333332
6 0.64599565 0.3063279166666667 0.018457018749999943 0.025781233333333337
6 0.625561093359375 0.05085933680555556 0.01713866015625003 0.06328120416666667
6 0.5972163867187501 0.05671870902777778 0.018457018749999943 0.060937459722222226
6 0.686205582421875 0.01453123888888889 0.02768552734374996 0.028124980555555554
0 0.8632611496093752 0.4141403506944445 0.042187471093749984 0.1898436208333334
6 0.8825091515625001 0.20554673333333334 0.039550754687500064 0.0539062138888889
6 0.9200823675781251 0.19499986527777777 0.03295896171874997 0.06562495555555557
1 0.13911305 0.3075803548611111 0.276855278125 0.6151607097222223
6 0.43853546093749995 0.7406244902777778 0.003955076562500004 0.028124980555555606
0 0.9729485496093752 0.3761716152777778 0.05141598046875 0.08906243888888893