6 0.36550395468749997 0.17701410208333332 0.01919430000000002 0.08957340138888888
6 0.3852980765625 0.18554490277777777 0.013196081250000002 0.08957340277777777
6 0.34331054414062495 0.17808044999999997 0.01799465546875001 0.08744070277777777
6 0.14776861328125 0.30710880069444446 0.017994656250000008 0.07677720138888888
6 0.1909557875 0.4851892493055555 0.027591806249999972 0.0447866986111111
6 0.17536041875000002 0.4862556 0.015595368750000005 0.04691940000000001
0 0.45016631796874995 0.5971560020833333 0.00959715000000001 0.029857798611111104
0 0.45796400351562505 0.5971560020833333 0.010796794531249976 0.029857798611111104
0 0.46696133085937497 0.5928906013888889 0.011996436718750036 0.025592399999999946
0 0.475358837109375 0.5992887 0.011996436718749948 0.02985779999999999
0 0.4879550972656251 0.60035505 0.015595369531250024 0.03199050000000001
0 0.5581342566406249 0.6206157027777778 0.026392161718750008 0.05971559999999998
0 0.5893249933593749 0.6206157027777778 0.05038503828124998 0.08530800277777778
0 0.6361110999999999 0.6355446006944444 0.08157577656250004 0.10236960138888891
7 0.13945858671875 0.36255900347222225 0.0431871765625 0.027725101388888933
7 0.59472339140625 0.5182461013888889 0.008397506250000042 0.02132699999999998
0 0.5161467249999999 0.6344782513888889 0.06478076249999995 0.09810420277777783
0 0.38478573437499997 0.5982223520833334 0.013196081250000002 0.04691939861111112
0 0.39558252851562503 0.6024877520833333 0.015595369531250024 0.05545019861111105
0 0.42377415546875 0.6248811013888889 0.05758290000000006 0.09597150277777781
6 0.8183069773437499 0.5258628847222222 0.02279323125000001 0.03412320277777773
6 0.79311445859375 0.5237301847222222 0.008397506250000042 0.034123202777777806