7 0.647997778515625 0.42853903472222216 0.016059288281249983 0.017673713888888897
6 0.064455649609375 0.42484891666666663 0.010706192968749995 0.031268880555555496
6 0.079367846484375 0.45543803819444445 0.006882552343750003 0.027190331944444462
6 0.5882943800781251 0.42028483194444444 0.007647280468749962 0.02719033055555558
6 0.502262474609375 0.4843763291666666 0.005353096093750054 0.016314200000000056
6 0.5810294644531251 0.4197992930555556 0.00841200859375002 0.03126888055555557
0 0.45896428867187494 0.5279456006944444 0.0068825523437500815 0.01359516527777779
0 0.464699750390625 0.5306646340277777 0.010706192968750017 0.019033231944444475
0 0.47158230156250003 0.5347431840277778 0.015294560937500012 0.027190331944444462
0 0.48381795078125 0.5361027020833333 0.01988292812500001 0.04078549583333329
0 0.44864046015625 0.5299848756944444 0.015294560937500012 0.0258308125
0 0.5293192687499999 0.5395014916666666 0.016059289062499982 0.017673711111111125
0 0.54729037890625 0.542220525 0.032118578125000054 0.033987913888888874
0 0.5702322203125 0.5469788319444444 0.019882929687500005 0.03534742777777772
0 0.5912622421875 0.5496978659722223 0.03900113124999995 0.04078549583333329
0 0.5059950625 0.5429002826388889 0.03823640156249999 0.05981872638888896
0 0.343107988671875 0.5225075361111111 0.022941841406249976 0.016314199999999977
0 0.142876687109375 0.5490181090277777 0.019118200781249994 0.0149546819444444
0 0.11381702109375 0.5673715798611111 0.0757080765625 0.04894259583333335
0 0.909279575 0.5757871166666667 0.17894636406249997 0.17401811666666667