0 0.64733300703125 0.42501851041666666 0.020984456249999985 0.06994818750000004
0 0.670284755859375 0.4261843138888889 0.032788213281249944 0.08160621944444446
0 0.693892269140625 0.42851592013888884 0.04328044140624998 0.08626943194444445
0 0.7220901339843749 0.44600296666666667 0.06033031171875001 0.1072538888888889
0 0.7581571671875 0.4634900138888889 0.07213406875000006 0.14689119444444446
0 0.903242887890625 0.48252279236111106 0.18918374453125003 0.37529492361111116
0 0.98652494921875 0.6185886743055555 0.022619621875000107 0.2292572680555556
0 0.5758547023437499 0.46865285902777776 0.1272182671875 0.20518135138888888
6 0.5791335242187501 0.32009622847222224 0.015738343750000005 0.03264248750000003
6 0.6552021781249999 0.3165988194444444 0.01573834218750001 0.03497409444444442
0 0.49553918750000003 0.4095855013888889 0.04065738437499995 0.06528497499999998