6 0.5674055234375001 0.6261386527777778 0.008580504687499957 0.018305080555555502
6 0.598724373828125 0.6269013638888888 0.007722455468749967 0.013728811111111128
6 0.5982953492187499 0.6429183104166667 0.005148306250000001 0.012203387499999963
6 0.5742699292968749 0.6459691569444445 0.005148305468750003 0.012203386111111157
6 0.6210336921874999 0.6574098319444445 0.009438557812500026 0.01983050277777778
6 0.58799873984375 0.6749522013888889 0.006864404687499981 0.012203386111111157
6 0.600011449609375 0.6734267791666666 0.005148303906250007 0.012203386111111077
6 0.533083495703125 0.6619861048611111 0.006864405468749979 0.02288135416666661
0 0.51678053359375 0.6802911847222223 0.010296607812499924 0.013728808333333358
0 0.571695776953125 0.6825793173611111 0.020593216406249937 0.015254229166666673
7 0.29454540546875 0.6764776236111112 0.029173723437499976 0.027457616666666636
0 0.37691827109375 0.6894437243055556 0.015444910937499978 0.056440665277777746
0 0.273952189453125 0.7085115173611111 0.020593216406249983 0.02440677638888881