7 0.96262274765625 0.5008346090277779 0.04386635312500005 0.017329918055555598
6 0.92216822265625 0.4956356340277777 0.01754654218749998 0.031193851388888937
6 0.901697257421875 0.5432929055555555 0.013647310156250115 0.022528891666666655
6 0.7262318453125001 0.4999681131944445 0.013647309375000027 0.02252889305555554
0 0.625339233203125 0.624743517361111 0.03606788984374996 0.05025675972222222
0 0.514698542578125 0.6316754833333333 0.025345003906249986 0.02599487500000003
0 0.8958484105468749 0.6022146243055556 0.015596925781249915 0.03639282638888888
0 0.9265548578124999 0.6186780458333333 0.04971519999999998 0.06931966944444447
0 0.94507620703125 0.6368744597222222 0.05361443281250011 0.08491659444444437
0 0.9674967867187501 0.6576703604166666 0.03996712031250009 0.11611044583333331
0 0.9830937124999999 0.7174585743055556 0.032168659375 0.18023114027777784
0 0.863679751171875 0.6602698472222223 0.06823654921875004 0.15596925555555557
0 0.7432909824218751 0.7044611368055556 0.24272715390624997 0.3587292875