6 0.49522487539062504 0.4059372152777778 0.01713866015625003 0.028124980555555526
6 0.48138211093750005 0.3801559826388889 0.007910149999999927 0.01874998750000003
6 0.506430921875 0.3754684847222222 0.010546868750000016 0.023437483333333377
6 0.621128109765625 0.41765595555555557 0.010546867968750017 0.03749997500000006
6 0.628379080859375 0.5313277520833334 0.009228510156249925 0.03046872916666664
7 0.6296974390625 0.46687467083333334 0.019775376562499947 0.014062488888888917
0 0.49438442539062494 0.6042183368055556 0.013183583593750025 0.023437484722222183
0 0.5055904734375 0.6053902111111111 0.019775376562500037 0.025781233333333296
0 0.5187740578125 0.6147652048611111 0.022412095312500036 0.02109373472222226
0 0.54316368984375 0.6089058340277779 0.03955075468749998 0.056249962500000014
0 0.40803194609375 0.6206245763888889 0.01186522656250002 0.023437483333333377
0 0.39814425781249996 0.6206245763888889 0.015820301562499983 0.023437483333333377
0 0.38430149374999995 0.6264839465277778 0.0250488109375 0.02109373472222226
0 0.366503654296875 0.6323433173611112 0.023730452343749996 0.02343748472222226
0 0.34738745703124996 0.6346870652777779 0.035595678125000016 0.03281247499999999
0 0.30454080625 0.6440620597222223 0.029003885937500008 0.04687496944444444
0 0.251328558984375 0.6646870430555555 0.06459956640625002 0.07031245277777781
0 0.188047351953125 0.6623432965277778 0.051415980468749976 0.07031245138888893
0 0.11356009804687499 0.6799214069444445 0.10546867734375001 0.10078118055555566
0 0.559824441015625 0.6271870694444445 0.056689416406250005 0.06093745555555559
0 0.90127928359375 0.5967183395833333 0.1568846578125001 0.09374993472222223
0 0.065349379296875 0.8557025368055556 0.13069875859375 0.2835935541666667
6 0.643373178125 0.5320284597222221 0.01169769374999996 0.024261883333333303
0 0.4547478601562499 0.6134790708333333 0.010722885937499971 0.013863933333333339
0 0.420142181640625 0.6204110381944444 0.00974807890624998 0.017329918055555518
0 0.4308650679687499 0.6160785583333332 0.005848846875000024 0.01906290833333336
0 0.44061314609375 0.6134790708333333 0.007798462500000003 0.017329916666666632