7 0.8651419636718749 0.3457318493055555 0.07506020390624997 0.12650839583333331
7 0.8675641835937501 0.43216472847222226 0.04292114531250011 0.047224190277777786
7 0.576598840625 0.5467588895833333 0.02047096406249995 0.04332479305555555
0 0.521522197265625 0.6039476152777777 0.025345003906249986 0.0502567611111111
0 0.5312702757812501 0.6117460798611111 0.02144577187500003 0.05892172083333331
0 0.5629515320312499 0.6160785590277779 0.04191673749999998 0.08838257916666671
0 0.5863469195312501 0.6308089888888889 0.04386635312499996 0.0831836027777778
0 0.6272888492187499 0.6212775354166666 0.04191673749999998 0.14037232916666662
0 0.7120971308593751 0.6516048895833333 0.16279291015624997 0.23222089305555557
0 0.45474786015625 0.5918166743055555 0.018521348437499974 0.03639282638888888
0 0.44158795429687503 0.6048141138888888 0.025345003906249986 0.04852376944444438
0 0.42160439375000003 0.6091465916666667 0.024370196874999993 0.0537227444444444
0 0.403083044140625 0.6169450541666666 0.032168658593749955 0.0623877027777778
0 0.38212467617187496 0.6230105256944444 0.050690008593750016 0.07451864583333337
0 0.3445945734375 0.6368744590277777 0.059463278125000005 0.09878052916666659
0 0.3007282203125 0.6611363430555556 0.07895943593750002 0.10224651111111108
0 0.189112721484375 0.700128657638889 0.15596925546875 0.1871631069444445
0 0.08919491796875 0.7729143104166667 0.1764402203125 0.2495508097222222