6 0.414504786328125 0.4236759916666667 0.009004449218750033 0.017786566666666677
6 0.43801640312500006 0.42011867847222223 0.0060029656249999345 0.017786568055555563
0 0.4325136828125 0.4494665111111111 0.017008403125000005 0.01956522222222219
0 0.41600552773437494 0.4512451680555556 0.010004944531250004 0.016007908333333317
0 0.40550033710937494 0.4485771826388889 0.011005436718749938 0.01422925138888884
0 0.39349440546875 0.4494665111111112 0.019009392187499995 0.023122533333333292
0 0.30395016289062504 0.47525703194444446 0.034016807031249964 0.07114626388888887
0 0.24091902070312501 0.5010475513888889 0.08003954453124998 0.11561267500000001
0 0.187392575390625 0.5108301625 0.09704795078124999 0.12450596111111112
0 0.141369835546875 0.52594874375 0.08904399453124999 0.13339924305555556
0 0.06593256992187499 0.5713044861111111 0.13186513984374998 0.20276684722222219
0 0.348472159765625 0.49037561180555556 0.08304102890625002 0.11561267916666666
0 0.44752109921875005 0.44857718333333335 0.011005437499999982 0.0213438777777777
0 0.45602529999999997 0.44679852638888884 0.012005929687499962 0.024901191666666656
0 0.467530984375 0.44946651041666663 0.01900939218750004 0.033794476388888876
0 0.47903666992187494 0.45747046597222224 0.020009885156250018 0.03557313194444447
0 0.490042107421875 0.46280643611111116 0.02401186328125 0.04980238333333331
0 0.515054466015625 0.4716997180555555 0.052025703906249984 0.07114626388888887
0 0.586589810546875 0.4921542694444445 0.10505190390625004 0.1298419305555556
0 0.8267084476562501 0.5383993395833333 0.3451705421875001 0.4393281736111111
7 0.699424629296875 0.29114261041666667 0.01852134921875006 0.0311938513888889