7 0.628263656640625 0.29200910555555554 0.012672502343749947 0.008664958333333316
7 0.33484649492187496 0.30500654375 0.012672502343749992 0.020795901388888892
6 0.4333020875000001 0.2625482465277778 0.008773270312499993 0.02252889305555554
6 0.564901146875 0.25994875902777775 0.004874039062500035 0.020795901388888892
6 0.44110055 0.26514773402777775 0.004874039062499946 0.024261884722222227
6 0.57026258984375 0.25908226319444444 0.003899231249999957 0.015596926388888871
6 0.33045985976562503 0.3448653534722222 0.011697694531250002 0.01732991805555556
0 0.5142111386718751 0.35093082430555556 0.010722886718749968 0.02252889305555558
0 0.493252769921875 0.35353031180555555 0.013647310156249936 0.020795901388888892
0 0.5030008484374999 0.3595957833333333 0.005848846875000024 0.022528891666666655
0 0.48204247929687494 0.3561298 0.014622116406250019 0.01906290833333332
0 0.6774914531249999 0.3656612541666666 0.044841160937499944 0.06931966944444443
0 0.70429866875 0.36826074166666667 0.05166481562499996 0.09184856111111107
0 0.65117164140625 0.3483313375 0.05069000937500005 0.0831836027777778
0 0.773510025390625 0.361328775 0.11795174921875003 0.15770224722222226
0 0.471806997265625 0.35699629513888886 0.015596925781250003 0.027727868055555563
0 0.45913449531250006 0.3578627909722223 0.013647309374999939 0.032926843055555585
0 0.38797352265625 0.3708602298611111 0.037042698437500035 0.0415918013888889
2 0.4245288171875 0.3587292868055556 0.041916737500000065 0.051989751388888866
0 0.43525170312500006 0.3838576673611111 0.04191673749999998 0.05718872638888889
0 0.542480566015625 0.3725932208333333 0.05946327890624996 0.08664958611111105
1 0.540043546484375 0.32060346944444446 0.03119385078124992 0.02426188333333334
1 0.588296534765625 0.33966637847222225 0.028269427343749952 0.048523768055555534
0 0.2929297578125 0.4072530555555555 0.08285866718750001 0.09704753611111114
1 0.897798026171875 0.34573184861111117 0.20081041640624991 0.31713748333333336