0 0.23716048828125 0.44968448958333335 0.249219878125 0.17230016249999996
6 0.49916087304687495 0.39098883055555556 0.010650422656250047 0.017040674999999953
6 0.4629494375 0.3408135083333333 0.010650421875000048 0.022720900000000002
6 0.51513650625 0.39572235208333334 0.008520339062500071 0.018934084722222227
9 0.810153198828125 0.4496844902777778 0.042601688281250105 0.13064517777777776
0 0.534307265625 0.4222300680555556 0.012780506249999934 0.03408135000000006
0 0.546555251171875 0.42885699791666665 0.011715464843750033 0.035974759722222256
0 0.562530884375 0.4345372229166667 0.026626054687499946 0.06248247638888892
0 0.4901080140625 0.4231767729166667 0.013845548437499921 0.03218794305555556
0 0.47572994414062497 0.4174965479166666 0.019170760156250032 0.0511220263888889
0 0.4666770847656251 0.42223006944444447 0.024495969531249974 0.06437588611111111
0 0.45762422617187504 0.4260168854166666 0.025561013281250045 0.07194951805555555
0 0.42727052343749994 0.43643063125 0.06283749062499999 0.0927770097222222
0 0.597144756640625 0.44116415208333337 0.06603261796875 0.08709678472222228