7 0.9439814285156249 0.6097592951388889 0.02461013671875012 0.030686265277777774
6 0.52249700546875 0.518164525 0.007798462500000003 0.024261883333333303
7 0.5064126765625 0.5216305104166666 0.01657173437499999 0.020795901388888892
7 0.449386416796875 0.5450258972222222 0.00974807890624998 0.025994874999999952
7 0.44743680117187506 0.5172980305555555 0.013647310156250026 0.03292684444444447
7 0.44841160898437504 0.48783717152777784 0.015596925781250003 0.03985880972222217
7 0.38114986757812497 0.48523768402777784 0.021445772656249983 0.020795901388888892
7 0.380175059765625 0.4592428076388889 0.02144577265625003 0.027727868055555563
7 0.38261207929687496 0.5129655506944444 0.01462211796874997 0.027727868055555563
0 0.52002354140625 0.6188652638888889 0.035863692187500004 0.048511275000000055
6 0.48143108984375005 0.5779771895833333 0.008576099999999975 0.011088290277777762