7 0.49487776914062503 0.20556223125 0.08703793828124998 0.07984799305555554
7 0.5648865445312501 0.20399954444444443 0.04793393749999995 0.07848831666666667
7 0.682995126171875 0.2978631513888889 0.03489268671875001 0.05550181944444444
7 0.5856628964843751 0.28302309305555556 0.022037486718749923 0.013059249999999996
7 0.54663818125 0.31485501527777776 0.01193697187499998 0.027750908333333317
0 0.475934580078125 0.3680566256944444 0.032138000781250044 0.06203144305555553
0 0.49659472304687496 0.3656080152777778 0.016528114843749987 0.027750908333333317
0 0.518632209375 0.3631594048611111 0.0128552 0.026118501388888878
0 0.53470120859375 0.3680566243055555 0.017446343750000003 0.029383315277777752
0 0.431400493359375 0.37458625208333335 0.07713120078124999 0.12406288472222218
0 0.9301655574218749 0.3370919166666667 0.04866611484375003 0.06039903611111114
1 0.475846407421875 0.28671470833333335 0.07344559765624999 0.10025906944444442