0 0.02192751796875 0.5611467520833333 0.0428805015625 0.1805807541666667
0 0.0616894375 0.5782741944444445 0.05379553906250001 0.08732029166666666
0 0.092875258203125 0.5699579784722223 0.035084047656250006 0.07900407638888893
0 0.11782391289062502 0.56857194375 0.016372555468750005 0.037422987499999984
0 0.26088885976562504 0.5470883784722222 0.05145660234374998 0.060985601388888866
0 0.7311264890625001 0.5186746305555556 0.1496919328125 0.1261293138888889
0 0.44555347304687504 0.5242187770833333 0.08264242265625006 0.062371640277777765
0 0.18203329765625 0.5547115756944444 0.021830073437500007 0.023562615277777768
0 0.15747446445312502 0.55748365 0.01325397421875001 0.018018472222222293
0 0.205812484765625 0.5484744145833333 0.017931846093750002 0.030492804166666648
0 0.22920184765625 0.5519395048611112 0.01013539062500004 0.029106762500000057
0 0.21945627929687497 0.5457023409722223 0.010915036718750003 0.02494865694444444
0 0.14394203671875 0.5602557236111111 0.014033618750000022 0.026334688888888833
6 0.148619910546875 0.4805586326388889 0.010915036718750003 0.016632437499999972
6 0.223465876171875 0.4743214638888889 0.010915036718750003 0.018018472222222214
6 0.37705603828125 0.42442415555555557 0.009355746875000025 0.029106763888888863
6 0.370429049609375 0.2920576770833333 0.016372555468749984 0.02772072916666666
6 0.39849629023437505 0.4223450993055555 0.014813264843750007 0.030492801388888876
7 0.384462670703125 0.3433410229166667 0.02728759140624999 0.02217658472222222
0 0.19461899296875002 0.511546442361111 0.012474328125000022 0.01524640138888892
0 0.205534030859375 0.5219417118055555 0.010915036718750003 0.01940450972222223
0 0.218008358203125 0.5233277506944445 0.009355746093750028 0.016632437499999972