7 0.74668576875 0.43467197638888894 0.025377556249999954 0.05726217500000001
6 0.622726170703125 0.4303339333333333 0.007808477343749942 0.020822608333333333
6 0.5606381359375 0.4355395861111111 0.00856806562500001 0.024293044444444453
0 0.5459006828125 0.5040806770833334 0.02984827187499999 0.06073260972222225
0 0.47729325625 0.5023454583333333 0.013664837500000004 0.05032130833333331
0 0.44313116132812497 0.5014778506944444 0.05856358984375003 0.10064261527777774
0 0.282081291015625 0.5275061118055556 0.08784538515625 0.1353469625
0 0.651031905078125 0.5014778506944444 0.039042392968749964 0.04511565694444444
0 0.649567815625 0.5144919812500001 0.014640895312499947 0.036439568055555566
0 0.66176856328125 0.5231680680555556 0.02928179531250006 0.05726217500000001
0 0.667624922265625 0.5275061118055555 0.02928179453124997 0.0659382625
0 0.6773855210937499 0.5413878527777778 0.04099451250000001 0.07634956944444447
0 0.693002479296875 0.5526667659722222 0.04099451328125001 0.09543695972222221
0 0.74522167890625 0.5656808965277778 0.10053416249999998 0.1526991375
0 0.81354586796875 0.6099289423611112 0.14152867656249998 0.2134317486111112
0 0.6004325390625 0.5448743208333334 0.09560484375000007 0.1388494694444444
0 0.5053994519531251 0.5114244638888888 0.06987722890625 0.10504243333333328
0 0.39335211015625 0.5205652416666666 0.08394114531249999 0.08676087499999999
0 0.1503132125 0.6316191611111112 0.2986743046875 0.4997426333333333