0 0.431271769921875 0.5209845076388889 0.011078541406249975 0.025322379166666624
0 0.42375419140625004 0.5216879069444444 0.013452514062500054 0.026729177777777755
0 0.4067407171875 0.5287219006944445 0.018991784375000043 0.021101984722222196
0 0.39684916249999996 0.5357558930555555 0.016617810937499967 0.0323563722222222
0 0.35886559375 0.5266116993055555 0.06567992187499998 0.09566232083333333
0 0.18200460078125 0.5528719451388888 0.10445481406250001 0.1322390930555556
0 0.077945448046875 0.5622506125 0.15430824921875003 0.21101982777777778
0 0.46582627187500003 0.5303631666666667 0.060140651562500036 0.09284872222222218
0 0.504073612890625 0.52286024375 0.014243839843750017 0.036576768055555514
0 0.520823313671875 0.5259083013888889 0.03244429765624997 0.04642436111111105
0 0.6975524152343751 0.5205155715277777 0.08941965078125005 0.05908555138888892
0 0.6469076570312501 0.5359903611111111 0.013452514062500054 0.02532238055555551
0 0.77602542890625 0.5296597638888889 0.037983568749999995 0.03798356666666665
6 0.107224451171875 0.45228582986111115 0.018200460156249997 0.029542773611111132
7 0.185169898828125 0.35474777291666665 0.022157082031249997 0.032356373611111086
7 0.23502333281249999 0.34490018055555555 0.06330594999999999 0.02110198333333335
6 0.305846862109375 0.3540443736111111 0.007121921093750006 0.03376317222222222
6 0.28329411640625 0.4180537208333333 0.006330592187500006 0.029542775000000018
6 0.323651658984375 0.35756137083333334 0.007913242968749979 0.03235637222222224
6 0.315738415625 0.3561545722222222 0.00791324375000002 0.04079716944444441
6 0.28329411640625 0.48346986666666664 0.006330592187500006 0.019695186111111145
7 0.33631284843750003 0.44665863541666667 0.007913243749999976 0.01828838472222224
7 0.3327518875 0.46565041875 0.007121918749999967 0.014067990277777812
6 0.5217465238281249 0.40375126875 0.00633059453125 0.02250878194444444
6 0.53480337578125 0.4044546694444444 0.007121918750000056 0.02110198055555554
6 0.529132219140625 0.40187554583333335 0.0063305960937499964 0.03376317222222222
7 0.584920585546875 0.4100818625 0.04194018828125001 0.015474788888888863
7 0.64426991171875 0.36928469652777773 0.016617809375000014 0.02672917638888887
7 0.647435209765625 0.39390367847222224 0.02453105546874994 0.01125439305555555
6 0.6703288203125 0.3524031097222222 0.01092434687499999 0.05205155555555553