6 0.3845616953125 0.4107190381944444 0.008773270312499993 0.024261881944444418
6 0.468395169140625 0.40811955069444444 0.0068236554687500115 0.02252889027777777
6 0.395284580859375 0.4557768236111111 0.0068236554687500115 0.017329916666666632
6 0.47229440234375 0.4583763118055556 0.004874039062499946 0.019062909722222247
6 0.44743680117187506 0.4523108402777778 0.003899230468749959 0.017329916666666712
0 0.464008534765625 0.5034340958333333 0.01949615703124996 0.029460858333333326
0 0.442562761328125 0.4939026416666667 0.015596925781250003 0.024261883333333303
0 0.47716844062499997 0.5008346090277779 0.012672501562499949 0.020795901388888892
0 0.590733554296875 0.5372274347222222 0.03899231484375001 0.06931966944444438
0 0.5712373972656251 0.5198975180555555 0.06238770078125002 0.07278565277777777
0 0.318274762109375 0.5025676006944445 0.03606788984375 0.0415918013888889
0 0.27928244687500003 0.509499567361111 0.04581596874999998 0.055455734722222164
0 0.228592439453125 0.5112325590277778 0.06726174140624999 0.07278565416666664
0 0.42257920078124994 0.5008346083333333 0.0243701953125 0.027727866666666677
0 0.49910161679687504 0.5034340965277778 0.027294619531249963 0.039858809722222256
0 0.665306355078125 0.5649553034722222 0.15694406328125005 0.16290122361111112
0 0.10332963125000001 0.51989751875 0.052639625 0.06931967083333335
0 0.043866353125 0.51989751875 0.08773270625 0.07971761805555554
0 0.388223246875 0.4956356333333334 0.018996707812500003 0.017329916666666712
0 0.367989962109375 0.4904366590277778 0.022420580468750017 0.024261881944444497
7 0.743786784765625 0.33073983333333334 0.032761964843749956 0.045762744444444434
7 0.7420316796875 0.3702622041666666 0.04095245625000006 0.04160249444444442