0 0.5948636656249999 0.43100185625000004 0.01638098281250002 0.03328199583333339
0 0.482536947265625 0.4299617930555556 0.042122525781249996 0.06864411666666667
0 0.47200631562499995 0.4393223548611111 0.025741542187499977 0.0665639930555555
0 0.44743484257812494 0.43516210486111107 0.03978238515625003 0.10400623750000003
0 0.387176219921875 0.4341220430555556 0.10647638515625002 0.1643298555555556
0 0.259755577734375 0.45970756666666673 0.21295277109375 0.2579354666666667
0 0.7962327480468749 0.47135627152777776 0.23518410234375003 0.2704162319444445
0 0.575089487109375 0.43495408125 0.033932035156249984 0.04784287083333333
1 0.5247764703125 0.42080923333333337 0.03159189531250002 0.052835172222222185
7 0.295442716796875 0.2163329729166667 0.019891192968750016 0.029121745833333337
7 0.17024520898437498 0.20905253680555558 0.04329259609375 0.06448386805555556