1 0.28394920937499996 0.5595535555555555 0.3299597875 0.4368261972222222
0 0.562425909765625 0.5304318083333333 0.22699361328125 0.3453007055555556
0 0.0466138859375 0.501310063888889 0.093227771875 0.1456087333333333
0 0.119554351171875 0.4784286916666667 0.059673578906250004 0.14560873333333338
0 0.09030259609374999 0.4638678173611111 0.02457147343749999 0.06240374305555558
7 0.804630434375 0.21425284999999997 0.07488449062499995 0.13728823333333331
7 0.8046304339843751 0.31097864861111113 0.04680280703125002 0.04368261944444443
7 0.953229344921875 0.2704162166666667 0.09126547265625007 0.06656399166666667
6 0.1739626140625 0.21009259861111113 0.011700701562500004 0.06240373888888892
6 0.32841187578125003 0.23609415902777778 0.011700701562500004 0.06448386805555555
6 0.07275154414062499 0.3858631388888889 0.00819049140625 0.03536211944444448
6 0.020683421875 0.3796227652777778 0.004680281250000001 0.04368261944444443
6 0.004302439453124999 0.4108246374999999 0.00468028046875 0.03120187222222223
6 0.7086846796875 0.2579354673611111 0.00936056093750004 0.05824349305555556