7 0.243418408203125 0.3637497430555555 0.014501944531250022 0.028124980555555564
7 0.754282314453125 0.2664841847222222 0.026367169531250047 0.05390621388888886
0 0.854477558203125 0.41882783055555556 0.05800777265625001 0.12890616111111114
0 0.463584271875 0.4504684333333333 0.027685528125000046 0.03281247777777775
0 0.41744172578125005 0.4574996777777778 0.01186522656250002 0.028124980555555606
0 0.38052768867187503 0.45632780416666663 0.06459956484375003 0.07265619999999996
0 0.36009313242187496 0.47273404236111105 0.04482418828125003 0.05859370972222225
0 0.35020544375 0.4797652868055555 0.02768552812499996 0.07265619861111117
0 0.300767001171875 0.4551559298611111 0.07119135703125004 0.07499994861111109
0 0.23616743632812498 0.4879684083333334 0.20566392109375 0.16874988611111116
0 0.17750048398437498 0.5278121305555555 0.11997061953124999 0.17812487777777777
0 0.076555426171875 0.5383589979166667 0.15311085234375 0.29296854861111105
0 0.4365579234375 0.45867155347222227 0.026367168749999958 0.04453122083333333
0 0.49390651679687503 0.45867155347222227 0.06459956484375003 0.04453122083333333