6 0.2844890109375 0.3004374513888889 0.017219395312499986 0.027551033333333346
6 0.633243282421875 0.21778435277777777 0.018080366406250013 0.033673483333333344
6 0.734837715625 0.2981415319444444 0.014636485937499976 0.026020419444444443
6 0.75839137890625 0.4080176784722222 0.012053576562500012 0.021428581944444382
6 0.7447388679687499 0.40768969444444436 0.005165818750000018 0.016836741666666672
7 0.25656899296875 0.29755115625 0.024107154687499976 0.0459183875
7 0.75894485625 0.3143878986111111 0.018080365625000018 0.009183677777777769
7 0.74861321875 0.3442348506944444 0.02152424375000006 0.013775515277777789
7 0.672847878125 0.1873470263888889 0.023246182812500037 0.04285716388888887
7 0.6186067828124999 0.39933692777777785 0.019802304687499994 0.02602041944444448
7 0.25269462890625 0.39711752708333337 0.018080365624999973 0.036887770833333396
7 0.17133298515625 0.28760217222222223 0.024107153125000003 0.05051022777777779
7 0.167889105859375 0.3587756729166667 0.02410715390625 0.012244901388888884
6 0.85137611484375 0.32164736874999994 0.036160731250000036 0.042857162500000004
0 0.402933854296875 0.4614797986111111 0.020663274218749982 0.06275513055555557
0 0.44555185820312493 0.488265525 0.06973855234374993 0.12551026111111113
0 0.7128829734375 0.4691328638888889 0.12742352656249994 0.08418371111111114
0 0.2350447484375 0.4775512347222223 0.1257015875 0.07653064722222219
0 0.3689255484375 0.4712757361111111 0.0645727328125 0.0811224861111111
0 0.49979295390624995 0.5347961722222222 0.1420600125 0.1989796805555555
0 0.8535977203125 0.5395410590277778 0.2901468140625 0.3596940402777778
7 0.5045282875 0.3803573138888889 0.027551032812499977 0.018367355555555537