6 0.2810686578125 0.3339473694444445 0.008992598437500022 0.03552631388888889
6 0.45767228359375006 0.33223611249999996 0.008773270312499993 0.03565643333333332
6 0.196336001171875 0.34833133680555556 0.00859771171874999 0.03465983472222219
6 0.46641610859375005 0.3907894756944444 0.009991776562500032 0.017763156944444428
6 0.41185631484375007 0.3989779423611111 0.004874039062500035 0.023482193055555614
6 0.43752778515625 0.4157013069444444 0.006170721874999963 0.0142973472222222
6 0.21299551445312498 0.4174342125 0.014622117968750015 0.01776315833333331
6 0.54135443125 0.3907894756944444 0.009991776562499943 0.0213157902777778
6 0.45092885507812497 0.35437500069444444 0.006994242968749997 0.023092106944444486
7 0.57982276953125 0.3259539486111111 0.016986020312500027 0.015986844444444436
7 0.57132976015625 0.3428289506944444 0.0219819078125 0.014210526388888865
7 0.50475295546875 0.3783552666666667 0.013252292187500014 0.01776315833333331
0 0.40396750625000005 0.44407894861111114 0.028976151562499997 0.0319736861111111
0 0.36449998984375 0.45118421319444446 0.033972039062500015 0.028421051388888844
0 0.141183787890625 0.49559210694444444 0.08293174453124999 0.08881578888888887
0 0.06974258671875 0.5151315819444444 0.0899259875 0.09592105277777777
0 0.491895137890625 0.43875000277777776 0.020982730468749988 0.039078947222222146
0 0.5063832140625 0.4440789493055555 0.019983553124999977 0.042631579166666635
0 0.525867177734375 0.45118421319444446 0.034971216406249984 0.07105263194444444
0 0.5423536085937499 0.45118421319444446 0.03597039531249999 0.11723684305555555
0 0.58232071484375 0.44763158124999997 0.09392269843749998 0.1776315791666666
0 0.696226964453125 0.4600657909722222 0.21981908046875 0.3197368458333334
0 0.47191158515625 0.44141447777777776 0.018984374999999963 0.02309210555555552
0 0.01588691875 0.5213486875 0.0317738375 0.14743421111111107
0 0.84125917109375 0.5640888069444445 0.3138881265625 0.4280489555555556
7 0.530782872265625 0.3725932208333333 0.012672502343749947 0.017329916666666712
6 0.2529626359375 0.42371647708333326 0.008773270312499993 0.015596926388888951
6 0.263685522265625 0.42198348541666664 0.00877327109374999 0.019062909722222247