0 0.010460258203125 0.766192026388889 0.02092051640625 0.09834436944444447
0 0.052603048046875 0.7626158652777778 0.06738824296874998 0.10907284166666666
0 0.113453626953125 0.7697681833333333 0.06437085859375 0.07688741388888884
0 0.22459393554687504 0.7429469916666667 0.09152731484375001 0.09834436944444455
0 0.28393582148437496 0.7375827541666666 0.04727234921875003 0.09119205000000008
0 0.32088734140625 0.7590397062500002 0.029693812500000007 0.037549665277777755
0 0.340763220703125 0.7572516291666667 0.020115892968749983 0.030397349999999948
0 0.362722097265625 0.7536754701388888 0.018441514843750006 0.02324503194444437
0 0.1516738234375 0.7670860652777779 0.02011589374999998 0.05006622222222224
7 0.22559973125 0.5784436881944444 0.023133276562499992 0.055430459722222186
7 0.9487401882812498 0.6419205048611111 0.040869112499999895 0.12158939861111115