7 0.7996418511718749 0.4041118444444445 0.07094161328124989 0.055065788888888925
7 0.6347775406249999 0.4689473708333333 0.01298930937499998 0.03552631666666662
7 0.5033856812499999 0.4902631604166667 0.009991776562500032 0.0248684208333334
7 0.17515582734375 0.5195723715277778 0.010990953125000003 0.03730263194444442
6 0.37149423359375 0.49026316111111107 0.007993421874999962 0.01421052777777771
6 0.35250985859375 0.49203947638888884 0.007993421875000007 0.01776315833333331
6 0.344516437109375 0.4867105298611111 0.007993421093750008 0.014210526388888903
0 0.35638375976562503 0.5172039451388888 0.015986841406249973 0.01953947361111111
0 0.234983676953125 0.5367434194444445 0.03297286171875 0.03374999999999994
0 0.390355799609375 0.5323026298611111 0.019983552343749978 0.02486842083333332
0 0.447308924609375 0.5109868416666666 0.015986841406250018 0.024868424999999975
0 0.37586772343749997 0.5207565770833333 0.012989307812499984 0.02664473750000001
0 0.327907197265625 0.5189802618055555 0.020982730468750033 0.023092106944444486
0 0.418679969921875 0.5060335840277778 0.012672502343749947 0.017329918055555518