6 0.5065307578125 0.2705443909722222 0.013013484374999962 0.027217745833333338
6 0.6167626265624999 0.24945063819444444 0.01301348437500005 0.03130040694444444
6 0.70173302578125 0.33586697986111114 0.009951487499999967 0.024495970833333342
6 0.43051668359375006 0.3338256493055555 0.009185989062499988 0.01769153472222224
0 0.289511765234375 0.3609073006944445 0.03215096171875 0.04354839305555558
0 0.328271534765625 0.3558720222222222 0.046695444531250005 0.055796377777777746
0 0.390659710546875 0.3634929881944444 0.05052293984374998 0.05416331805555556
0 0.42546440859374995 0.3751966166666667 0.027557967187499966 0.04218750555555558
0 0.449577630078125 0.3711139548611111 0.028323466406249942 0.053074604166666636
0 0.65419555078125 0.40173391875000003 0.04592994531250003 0.10342743194444447
1 0.84727991796875 0.3615423875 0.3008411421875 0.4209678
0 0.544791788671875 0.5198318729166667 0.28859315703125 0.4096270680555555
7 0.47078194062499995 0.28306455277777776 0.009185989062499988 0.021774197222222194
7 0.43939647812500005 0.30756052361111114 0.01071698750000003 0.0190524222222222
7 0.705407412109375 0.26265124375000004 0.011482486718750008 0.01905242083333335
7 0.37764622578124996 0.2912298763888889 0.012247985937500028 0.027217744444444452
7 0.44041715156250005 0.27149701111111113 0.009185989062499988 0.0095262111111111
7 0.34919517265625 0.30688007986111115 0.014544482812500004 0.009526209722222213
6 0.34766417421874996 0.31980850902777774 0.008420490624999966 0.013608873611111091