6 0.42950833359375 0.30509075555555554 0.009789365624999925 0.02983425277777777
6 0.46237262695312503 0.3262233479166667 0.00839088203124998 0.02237569027777779
6 0.47775591367187503 0.3100631277777778 0.00839088203124998 0.019889502777777797
6 0.480552875390625 0.33243881736111114 0.0055939226562499835 0.019889501388888873
6 0.49104147929687497 0.3311957222222222 0.006992403906250022 0.022375691666666638
6 0.49803388281249994 0.31130622013888887 0.009789364062500017 0.027348062500000006
0 0.442793898828125 0.36777818819444447 0.02517264921875002 0.042265193055555546
0 0.41762124921875 0.37150746805555557 0.0307665734375 0.0546961305555556
0 0.3588850625 0.3926400638888889 0.05593922343750002 0.06712706944444449
0 0.26099141953125005 0.37275056180555555 0.025172649999999974 0.02237569027777779
0 0.211345359375 0.41252956527777784 0.06572858906249998 0.09696132222222226
0 0.14142133007812502 0.4349052534722222 0.11887085234375001 0.10193369861111114
0 0.284066350390625 0.4336621611111111 0.10768300703125 0.11933701111111109
7 0.559567029296875 0.24222570694444445 0.020977208593749984 0.04972375555555557
0 0.525304254296875 0.37896603124999995 0.022375689843750025 0.034806629166666644
0 0.53579285859375 0.37523675277777774 0.02657113124999997 0.07707181944444443
0 0.549777665625 0.3826953152777777 0.029368093749999956 0.08204419444444441
0 0.5679579136718751 0.3951262541666667 0.040555938281249926 0.08204419444444445
0 0.584040440234375 0.4075571895833333 0.04754834140625004 0.09198894583333331
0 0.635784222265625 0.43117597361111104 0.08670579765625001 0.12928176111111114
0 0.794511771484375 0.48214282291666666 0.17760703515624998 0.2610497125
0 0.89245931796875 0.5803472347222223 0.21407534374999998 0.417679538888889
0 0.4742597125 0.4063140972222222 0.06293162812499994 0.09447513611111115
0 0.041692192578124995 0.5480267972222223 0.08338438515624999 0.2237568972222222