6 0.480336566015625 0.33879988263888894 0.00877327109374999 0.01732991805555556
6 0.5589913671875 0.35433491041666665 0.008164001562500012 0.01745371527777778
6 0.40381415039062496 0.34139936944444443 0.007798463281249957 0.01906290833333336
6 0.43549540507812495 0.37692570000000003 0.00877327109374999 0.017329919444444404
6 0.397965303125 0.3951221138888889 0.009748078125000026 0.015596925000000065
6 0.32777913828125 0.3743262125 0.009748078124999981 0.01906290833333336
6 0.29268605546875 0.36132877569444444 0.009748079687499977 0.013863934722222224
6 0.490572048046875 0.38299117222222223 0.007798463281250001 0.01906290833333328
6 0.47887435390625 0.3899231388888889 0.007798462500000003 0.012130944444444462
6 0.45499156289062503 0.3907896340277778 0.0068236554687500115 0.013863934722222224
0 0.5022697429687499 0.4150515173611112 0.013647310937500023 0.020795898611111124
0 0.48082396953124995 0.41245203125 0.017546540625000072 0.025994876388888914
0 0.44280646445312505 0.4211169895833333 0.017546541406249984 0.032926843055555585
0 0.42525992265625 0.42111698888888893 0.031193851562500007 0.036392825
0 0.38967943671875005 0.42544946875 0.05361443281250002 0.06931966805555557
0 0.4696136796875 0.42804895555555555 0.0477655859375 0.06412069444444445
0 0.33655240859375 0.4176510048611111 0.02144577187500003 0.04332479305555555
0 0.2917112484375 0.4367139152777778 0.10527924843749999 0.14383831388888896
0 0.5168918609375 0.4185175020833333 0.01949615781249996 0.027727868055555563
0 0.57050629140625 0.4193839986111111 0.02924423593750003 0.0606547083333333
0 0.578304754296875 0.4271824604166667 0.02144577265625003 0.05545573472222224
0 0.59682610390625 0.4271824604166667 0.033143467187499984 0.06931966805555557
0 0.63533101328125 0.42891545277777776 0.05556404687500001 0.09011557222222225
0 0.688945445703125 0.42718246041666674 0.09943040078125005 0.12130942083333333
0 0.7527953593750001 0.45664332013888886 0.12964944218750007 0.1282413875
0 0.03166384453125 0.4044059965277777 0.062387701562499995 0.08145060972222219
0 0.151565209375 0.51271798125 0.30219043125 0.30500654583333336
7 0.13074608671875 0.25809197222222224 0.02047096406250002 0.029460861111111094
7 0.131720894921875 0.2988172784722222 0.022420580468750017 0.0415918013888889
7 0.12489723984375001 0.32654514583333333 0.012672503125000012 0.017329916666666632
7 0.20239446445312498 0.33001113125 0.03899231484374999 0.0415918013888889
7 0.36811179765624996 0.33867608819444445 0.019496157812500005 0.013863934722222224
7 0.5265180730468749 0.34734104791666665 0.012672502343750036 0.017329918055555518
7 0.5684348109374999 0.34907403958333333 0.010722885937499971 0.01039795416666666
7 0.599141257421875 0.3716029319444445 0.011697694531250047 0.024261886111111075
7 0.761446763671875 0.30661574027777777 0.032168658593749996 0.07105266111111111
7 0.698084253125 0.33607660138888884 0.014622117187499927 0.043324791666666626
7 0.556737115234375 0.3742024180555556 0.010722886718750057 0.012130941666666692
7 0.369086606640625 0.3871998555555556 0.00974807890624998 0.01386393333333326
6 0.42123882539062496 0.39376046736111114 0.00877327109375008 0.012130943055555576