0 0.015006151171875 0.39137547291666663 0.01772656328125 0.0193451625
0 0.027379643359375 0.39792786458333335 0.028081683593749997 0.027041618055555557
0 0.038495308984375 0.3896073645833334 0.015210913281249999 0.031201870833333346
0 0.062481744531249994 0.3927275513888888 0.044462665624999995 0.037442244444444446
0 0.092903570703125 0.3948076784722222 0.025741544531249994 0.033281995833333314
0 0.12566553593750002 0.38752724375 0.06318378906250001 0.03536212083333336
0 0.277189621875 0.37816668402777776 0.02457147343749999 0.020801245833333346
0 0.333352990625 0.37192630625 0.010530632812500018 0.0166409986111111
0 0.307026411328125 0.37400643055555555 0.03510210546875001 0.024961497222222167
0 0.30761144804687496 0.41352880138888887 0.04797287578125 0.08736523611111116
0 0.638741304296875 0.3729663673611111 0.01287077265624994 0.0270416236111111
0 0.6656529171875001 0.36568593125000004 0.04095245625000006 0.03744224305555556
0 0.6872992164062499 0.3688061180555555 0.05382322656250001 0.035362119444444395
0 0.0033932042968749998 0.3960557520833333 0.0058503523437499995 0.023297393055555598
0 0.20505479609375002 0.4482668826388889 0.1848710859375 0.18305097638888887
0 0.42912323320312495 0.48362900277777776 0.23518410390625002 0.3702622027777778
0 0.5999534773437499 0.40978457430555554 0.08775526093750008 0.1144068625
1 0.542620039453125 0.3390603319444444 0.08307498203124997 0.19345160277777776
1 0.8310423359374999 0.34218051944444444 0.1380682796874999 0.09152548888888887
2 0.808811003125 0.3192991472222222 0.1755105234374999 0.13728823333333331
0 0.8958959070312499 0.6042762395833334 0.20125206874999996 0.4222653236111112
7 0.9093517136718748 0.15184910416666667 0.08307498203124997 0.18721122499999998
7 0.292225024609375 0.3567413944444444 0.022231333593750024 0.024961497222222247
7 0.33668768945312505 0.31825908333333336 0.01755105078125001 0.022881372222222238
7 0.59936844296875 0.33958036458333335 0.011700701562500004 0.018721118055555527