0 0.126619857421875 0.4780292291666666 0.21489791484375004 0.21306118055555553
0 0.43197694453124996 0.5319737361111111 0.24474482656250002 0.36231496944444436
0 0.732168215625 0.47204071736111114 0.23349484687500005 0.27918361250000007
0 0.44598205312499994 0.3554080868055556 0.02066325937500002 0.023877545833333298
0 0.490408064453125 0.35999992430555555 0.04959182578124999 0.05142856249999998
0 0.51985321171875 0.359999925 0.017563773437499996 0.0404081555555556
0 0.5405164722656249 0.3893876701388889 0.03616070703125 0.06244896250000001
0 0.545165705078125 0.3994897125 0.03306121484375 0.06428570000000002
0 0.5678952914062501 0.3988774680555556 0.02479591249999995 0.06061223333333332
0 0.5844259019531249 0.4236733819444445 0.05165815234375 0.10285711944444442
0 0.61645395546875 0.44387745763888886 0.06612243437499998 0.14693874861111106
0 0.336122372265625 0.40040807777777776 0.05372447890624996 0.07714284166666666
0 0.36177926523437504 0.3737754298611111 0.02582907578125 0.031224481944444448
6 0.51899223125 0.2681632076388889 0.006198978125000032 0.02204080972222222
6 0.438922094140625 0.3232652395833333 0.005165814843750028 0.01836734305555553
7 0.297378759765625 0.26540810555555555 0.01343111953124998 0.027551011111111103
7 0.2958290125 0.2938774875 0.01446428437499998 0.025714280555555528
0 0.9093556781250001 0.6021427354166666 0.1787372078125001 0.33244890972222224
7 0.73423454140625 0.1842856673611111 0.020663260937500018 0.036734684722222216
7 0.73216821875 0.232959125 0.024795912500000038 0.05326529444444448