7 0.771283433203125 0.20385222499999997 0.033932035156249984 0.08320498888888889
7 0.350643209375 0.4170650097222222 0.014040840624999973 0.01872112222222218
7 0.507432612109375 0.42642557291666666 0.014040841406249971 0.0166409986111111
6 0.4600447703125 0.41810507152777776 0.005850351562500045 0.0166409986111111
6 0.40505147265624997 0.43266594652777773 0.010530631249999978 0.0166409986111111
0 0.43781343632812497 0.45762744375 0.010530632031249976 0.01664099861111118
0 0.44366378710937493 0.4555473194444445 0.010530632031249976 0.02080124722222223
0 0.489296523828125 0.45970756874999996 0.010530632031250065 0.0291217458333333
0 0.506262540234375 0.4669880048611111 0.028081683593750028 0.0395223708333333
0 0.553065346875 0.46178769305555556 0.01638098281250002 0.02080124722222223
0 0.5671061906249999 0.4721883145833334 0.021061262500000046 0.033281995833333314
0 0.59050759453125 0.47946875138888895 0.0421225265625 0.04784286944444444
0 0.662466908984375 0.4961097520833333 0.05499329765625003 0.07696461527777775
0 0.531419049609375 0.45762744375 0.019891192968749926 0.01664099861111118
0 0.42318755859375 0.46386781666666665 0.023401404687500005 0.0457627444444444
0 0.399786155859375 0.47010819236111107 0.04446266640624996 0.06240374305555558
0 0.46765022578125004 0.4846690659722223 0.053823228125 0.07904474027777779
0 0.369949366015625 0.4597075680555555 0.01989119140625002 0.02080124722222223
0 0.31671117382812497 0.4732283784722222 0.044462666406250004 0.06864411527777779
0 0.175717719140625 0.5044302486111111 0.05499329921875 0.08112486388888887
0 0.099078123046875 0.5117106854166666 0.12402743828124999 0.11648698472222223
0 0.2517722796875 0.5023501263888889 0.10413624531249999 0.11440686111111108
0 0.3547384546875 0.5085905 0.07605456093749999 0.09776586388888894
0 0.532004084765625 0.5179510590277777 0.10530631484374994 0.10400623750000003
0 0.729745942578125 0.5002700006944445 0.11700701640624996 0.12272735972222229
0 0.8736645730468752 0.5491529326388889 0.21295277109375005 0.18305097638888887
0 0.022627447265625 0.5460327444444444 0.04525489453125 0.12688760833333326
9 0.6431607503906249 0.48570912708333336 0.023401403906250007 0.09360561250000003
9 0.9023312921875 0.5439526194444445 0.08541512187500011 0.23921434444444445