0 0.10087906484375 0.43926715625 0.06329666875 0.05098898194444443
0 0.163186722265625 0.4278385923611111 0.09692302421875001 0.07032963194444446
0 0.22467020859374998 0.44190451875000003 0.02868130312499999 0.042197779166666685
0 0.2865647828125 0.4416100854166667 0.025217787499999967 0.032033893055555596
0 0.312032791796875 0.43838803541666665 0.014835155468750028 0.03868129305555562
0 0.3293404734375 0.44190451875000003 0.013846145312500013 0.031648337500000026
0 0.40678001015625 0.4530986423611111 0.014835159374999973 0.026373612500000043
0 0.42903274375 0.4530986402777778 0.017802187499999976 0.029890091666666604
0 0.47947227617187504 0.4452529520833334 0.01582416640625004 0.0247481597222222
0 0.49925248398437494 0.4346371125 0.019780207031250007 0.017582408333333334
0 0.4977689679687501 0.4526994013888889 0.018791196874999992 0.022058652777777767
0 0.5121096203125 0.4530986402777778 0.011868124999999985 0.02285713055555555
0 0.570461235546875 0.45309864097222224 0.01780218984375006 0.033406573611111094
0 0.55315355390625 0.4592524840277778 0.024725262499999977 0.04571425972222221
0 0.6835051171875 0.4589008395833334 0.05043953437500006 0.03516481527777778
0 0.7359226996093751 0.4650546819444445 0.060329636718750024 0.061538427777777745
0 0.7893292625 0.4720876472222222 0.06824172031250005 0.06505490833333336
0 0.8446149097656249 0.48351621180555554 0.08505489765625 0.08087907638888889
0 0.934318168359375 0.47929642986111104 0.12797797421875004 0.10338455972222226
0 0.26040644921875 0.44254919583333335 0.022747240624999998 0.03340657499999998
0 0.0296703125 0.43727448194444446 0.059340625 0.05802194999999999
0 0.9562742121093748 0.56210956875 0.08208786640624996 0.1810987958333333
0 0.45840633593749996 0.4680436868055556 0.046483489062500015 0.06329666527777777
0 0.531098601953125 0.4671645673611111 0.04549448046875 0.05450546250000004
0 0.6030985796875 0.46804370069444445 0.057362604687500075 0.07032963472222223
7 0.45059316015624995 0.3806591256944445 0.017802189062499973 0.02989009305555557
7 0.587571103515625 0.3709888013888889 0.012857136718749995 0.02461536944444447
7 0.6880545707031249 0.3815382465277778 0.014835157031250023 0.010549445833333317
7 0.1246153140625 0.35780199583333333 0.015824165624999997 0.03340657499999998
6 0.47185688242187496 0.36747232013888886 0.004945052343750067 0.024615370833333313
6 0.5589887082031251 0.3648349590277778 0.005934058593750002 0.022857129166666663
6 0.684098526953125 0.40773605138888885 0.008901092968749946 0.01230768888888889
0 0.397849505859375 0.4423727972222222 0.01544491171875002 0.01830508055555558