7 0.02853067265625 0.4606884 0.028465084375000005 0.05060460000000001
7 0.012920787890625002 0.3927103368055556 0.024792172656250003 0.026118501388888878
0 0.29750606093750004 0.5215538381944445 0.014691657812499991 0.01305924861111115
0 0.285109976171875 0.518289025 0.011936972656249979 0.019588875000000013
0 0.27041831796875 0.5182890229166667 0.01377342812500002 0.016324062500000024
0 0.258940461328125 0.518289025 0.00918228515624997 0.019588875000000013
0 0.25159463320312503 0.5207376333333333 0.014691657031249994 0.014691658333333397
0 0.25343108984375 0.5411427125 0.023873942187499962 0.03264812499999997
0 0.23919854609375002 0.5493047465277777 0.017446343750000003 0.045707379166666666
0 0.23277094687500002 0.5509371520833333 0.017446343750000003 0.048972190277777765
0 0.218538403125 0.5460399347222222 0.02938331406249999 0.07509069444444441
0 0.192828002734375 0.5672612152777778 0.05509371640624998 0.09794438333333338
0 0.1547215171875 0.582769075 0.0707036 0.10610641666666665
0 0.11707414453125001 0.6048065604166666 0.10743274375 0.1403869486111111
0 0.054175486328125 0.6366384868055556 0.10835097265625 0.24649336527777774
0 0.280977946875 0.5378778986111111 0.01836457031250003 0.01632406388888891
0 0.30944303359375 0.5337968833333333 0.016528114062499988 0.031015719444444458
0 0.32229823359375 0.5395103062500001 0.02203748593750001 0.04244256527777779
0 0.327807605078125 0.5468561361111111 0.027546857031249993 0.05060459722222224
0 0.33698989140625 0.5493047451388888 0.023873942187499962 0.06203144305555557
0 0.375096376953125 0.5501209486111112 0.07621297421875002 0.09957678888888889
0 0.400806777734375 0.5762394506944445 0.07070360078124996 0.10284160138888888
0 0.47656063476562494 0.6154172034722223 0.11569680078125 0.15507860694444442
0 0.5982259234375 0.6692866118055555 0.25251286093749997 0.25628779861111106
0 0.8426009832031249 0.7975937659722222 0.31311594609375 0.4015719680555557