0 0.173240003125 0.5142520798611111 0.05681311874999999 0.05263437638888888
0 0.237785416796875 0.5049614555555556 0.07015517890625 0.07672964722222228
0 0.37848739765625 0.5249212104166667 0.12162808593749999 0.19915709861111117
0 0.7641764574218749 0.5227873854166667 0.27526356171875 0.30869350416666663
0 0.982626900390625 0.70558515 0.03360776015625007 0.26743953333333337
0 0.979426161328125 0.4950476458333333 0.040009238281249894 0.0938883472222222
9 0.9362161835937499 0.5042942256944444 0.05281219531249999 0.1066913041666667
9 0.476109939453125 0.4872236166666667 0.011202586718749963 0.032718666666666646
9 0.463707075390625 0.48793489236111115 0.010402402343749983 0.034141218055555575
0 0.29126725703125 0.5007378486111111 0.046410717187499985 0.05405692777777773
0 0.5513273082031249 0.4950476458333333 0.05281219453124999 0.08535304166666673
0 0.5313226890625 0.48864616805555555 0.04160960937500002 0.08393049166666668
0 0.5021159449218751 0.4950476458333333 0.021604989843750033 0.042676522222222166
0 0.48931298828125 0.4943363701388889 0.01520351093750003 0.035563768055555535
7 0.11842734648437499 0.2283193888888889 0.03680849921875 0.027028463888888864
7 0.612541443359375 0.24965764930555556 0.02000461953124999 0.018493159722222232
7 0.60013857890625 0.2958905465277778 0.019204434375000013 0.04267652083333332
7 0.6009387640625 0.35279257569444444 0.02400554374999997 0.01707060972222219
7 0.613741720703125 0.37484211111111115 0.02240517421875001 0.018493158333333308
6 0.815788375 0.33856706805555553 0.04080942343749996 0.051211824999999996
6 0.506116868359375 0.28024248888888886 0.008802032031250028 0.03414121666666665
6 0.094421803125 0.17141735972222222 0.022405173437500002 0.0782402888888889
6 0.514118716015625 0.2773973875 0.010402402343750072 0.04552162222222221
6 0.6133416277343751 0.4182299076388889 0.013603141406249986 0.022760812500000012
6 0.29406790351562495 0.3485249229166667 0.010402400781250033 0.034141218055555575
0 0.01091503671875 0.5176846048611111 0.020270782812500002 0.12890138749999996
6 0.455312966015625 0.4386805284722222 0.004677872656250059 0.020790545833333358
6 0.44829615624999997 0.4560059840277778 0.0062371640624999895 0.013860365277777712