0 0.45868798164062496 0.5112174333333334 0.020058980468749966 0.01783020277777783
0 0.441494569140625 0.5188589479166666 0.020058980468749966 0.022924548611111106
0 0.43218147265624995 0.5201325347222222 0.021491765624999992 0.025471722222222267
0 0.41857002109375 0.5201325375 0.017193412499999994 0.030566063888888884
0 0.37272092265624995 0.5354155673611112 0.020058979687500013 0.040754754166666705
0 0.357676687890625 0.53414198125 0.02435733359375001 0.053490615277777764
0 0.338334099609375 0.5405099104166666 0.04584909921875 0.06622647361111113
0 0.5081190390625 0.5226797097222222 0.015760628124999964 0.03566040833333335
0 0.63778601875 0.4933872277777777 0.054445803124999956 0.06367930277777774
0 0.67217284375 0.5417834965277778 0.08883262656249995 0.10443405694444444
0 0.7789152738281251 0.5494250131944445 0.14471121640625 0.16047184027777775
0 0.2853210796875 0.5863590097222222 0.10029490156250001 0.11716991666666669
0 0.39134711914062503 0.5150381923611111 0.020058980468750008 0.020377373611111062
0 0.39421268749999994 0.5481514270833333 0.0458490984375 0.06622647361111113
0 0.46298633437500003 0.5430570840277777 0.04298352968749999 0.06622647361111113
0 0.5740271171875 0.5405099131944445 0.138980078125 0.25471720694444444
7 0.58262382265625 0.39659468750000004 0.021491764062499995 0.03311323888888885
7 0.553251744921875 0.40168903541666673 0.03725239140625005 0.022924548611111106
7 0.286753864453125 0.40296261805555555 0.02292454921874998 0.04075475277777782
7 0.24377033476562499 0.4207928243055556 0.017193411718749996 0.03566040972222224
0 0.9092986464843751 0.53286839375 0.1790980382812501 0.24962286527777774
0 0.011659276953125 0.6347552798611111 0.02292454765625 0.1884907374999999
6 0.697246569140625 0.4513588881944445 0.018626196093750026 0.03566040972222224
6 0.168549159765625 0.5175853618055555 0.01576062734374999 0.03566040972222224
6 0.32758821601562504 0.39659468750000004 0.012895058593750041 0.03311323888888885
6 0.524596058203125 0.3965946888888889 0.008596705468749999 0.02801889444444446
6 0.318275118359375 0.3991418583333333 0.008596703906250003 0.03820758055555555
6 0.515999353515625 0.3940475180555555 0.011462274218749968 0.04330192500000002