0 0.5180744277343751 0.5433262777777779 0.20036889140624997 0.3797739777777777
0 0.8164753105468749 0.5661958805555555 0.35900989140625006 0.34789514444444436
0 0.621377455078125 0.49966613125 0.06081234765625006 0.1399896791666666
7 0.844745887890625 0.3700717256944444 0.014813264843749962 0.03326487361111106
6 0.592920394921875 0.42066205486111113 0.010135389843749999 0.02079054583333328
6 0.581225712109375 0.41927601875000003 0.0070168085937499566 0.0180184736111111
6 0.48922754414062497 0.31601630625 0.008576099218750067 0.03326487361111109
6 0.5500398925781249 0.3007699034722222 0.010135391406250083 0.044353162500000015
6 0.25026620195312504 0.38947623402777776 0.009355746093749983 0.01940450694444438
6 0.24052063320312503 0.41996903680555564 0.010135391406250038 0.01940450972222223
6 0.499752759375 0.31324423194444445 0.012474328124999979 0.03880901944444442
6 0.5586159933593751 0.3014629215277778 0.008576100781249974 0.04019505416666666
6 0.44010987929687495 0.4151179097222223 0.005457519531249932 0.020790547222222164
6 0.394110794140625 0.43313638125 0.010135389843749999 0.01801847361111118
0 0.42295767734375006 0.47679652916666665 0.02105042812500004 0.06375767500000001