7 0.06667703554687501 0.36744445625 0.07345037734375001 0.04865987638888889
2 0.20189900820312498 0.48971799375 0.10667742265624998 0.07111828194444449
2 0.10680170078125 0.5240294451388888 0.08913179375000001 0.13475042916666666
2 0.03381188515625 0.5271486680555556 0.0666733890625 0.1484750083333333
1 0.679958909765625 0.5034425736111111 0.06948068984375003 0.051155255555555515
0 0.6442828015625001 0.5128002423611111 0.05754966250000004 0.0474121875
0 0.59620777890625 0.5128002423611111 0.05544418749999993 0.04491680972222222
0 0.587434964453125 0.5240294451388888 0.05053141015625 0.03992605416666666
0 0.5569055703125001 0.5265248236111111 0.049829585937499934 0.039926052777777776
0 0.53058712734375 0.5240294451388889 0.046320459374999956 0.03243991805555556
0 0.378985580859375 0.5661194590277778 0.44355349453125 0.3536808847222223
0 0.8309609773437501 0.6063379388888889 0.33687607187500007 0.35309603055555566