0 0.049292716406250006 0.5146598652777779 0.096809171875 0.10894732499999998
0 0.38473369453125 0.49981712361111114 0.06927628593750006 0.0918934111111111
0 0.424983347265625 0.4830809354166667 0.023980252343750053 0.03315788194444443
0 0.441414259375 0.47992304722222223 0.012434203124999942 0.020526319444444458
0 0.5133550183593749 0.49808092291666667 0.062171022656249963 0.06947365416666666
0 0.545772769140625 0.5557124805555556 0.12345389453125 0.14684204166666667
0 0.7112661328125001 0.6249997569444444 0.238322240625 0.26684199722222224
0 0.46761490703124997 0.4767651444444444 0.020427623437500042 0.02684209722222219
6 0.1931742375 0.16176527500000001 0.023980260937499987 0.05999997499999999
6 0.46095372812499996 0.24781787083333334 0.015986837500000028 0.04894735000000002
6 0.17052621601562498 0.17834421944444445 0.01421051953125001 0.06473681944444443
6 0.15675977070312502 0.40255464652777784 0.016874983593749993 0.026842093055555537
7 0.16919397890625 0.3780809736111111 0.03463814218750001 0.012631569444444482
7 0.5142431765625 0.36465992916666673 0.012434203125000032 0.0299999861111111
6 0.4098846671875 0.4357125263888889 0.009769728124999943 0.017368405555555536
6 0.44274650078125005 0.43097568680555554 0.006217110937499992 0.014210515277777742
0 0.8726954953125 0.6829749402777777 0.2511870625 0.5434721694444444