0 0.043342471093749994 0.5477361125 0.08464065625 0.21678209722222228
0 0.84231534375 0.5352811645833333 0.31369644531249996 0.40551004027777776
0 0.123693312109375 0.5377046131944444 0.12146173359375001 0.16237404305555556
0 0.6751327925781251 0.5360043604166667 0.11046323046874998 0.18787781805555553
0 0.43651308671875 0.5151762756944445 0.007172935937500036 0.027204026388888913
0 0.442729633203125 0.5126258993055556 0.006216546093749997 0.020403020833333348
0 0.5156544917968751 0.5211271583333333 0.021997005468749987 0.04080604166666662
0 0.421386146484375 0.5224023465277778 0.029648139843749987 0.045056670833333354
0 0.5423696847656251 0.5207020944444445 0.04112483984374995 0.04505666944444439
6 0.313696454296875 0.2654214486111111 0.010520308593749972 0.05015742499999997
7 0.5028912125 0.3296059520833333 0.008129328124999979 0.03740553749999999
6 0.478025029296875 0.4781958020833334 0.004303761718750021 0.01275188749999998
6 0.43587547343749994 0.47309504652777784 0.0047819578124999925 0.01275188749999998
6 0.08687223632812499 0.40678522847222226 0.02773535546875 0.034855162499999974
6 0.32541224296875 0.26863977499999997 0.011954895312500024 0.05015742499999997
6 0.5138213894531249 0.32857364930555555 0.010042113281250042 0.03740553749999999
6 0.7041433183593749 0.36597918611111113 0.018649636718749994 0.03570528888888893
6 0.2692242359375 0.4679942923611111 0.01243309218750004 0.022103270833333334
6 0.59965753515625 0.44645777500000006 0.013389482812499942 0.017852644444444444
7 0.10066021640625 0.2962688638888889 0.016736853124999986 0.01700251666666664
7 0.0934872796875 0.32262276874999996 0.025344376562500003 0.013602012499999974
7 0.5877026394531251 0.40551004027777776 0.02151881171875001 0.010201511111111077
7 0.589615423828125 0.41783686666666664 0.007172938281249941 0.01105163611111111
7 0.11473283515624999 0.3482479923611111 0.0416030359375 0.02975440694444439
7 0.597710603515625 0.3937904541666667 0.01482406953124995 0.01105163611111111
0 0.44923080859375003 0.5076466145833334 0.006694742187499969 0.01530226527777777
0 0.47266240078125 0.4982952298611112 0.006694742187499969 0.00680100694444445