7 0.68967655078125 0.31887047777777777 0.03801750625000002 0.06585368611111113
7 0.6882143390625 0.3855906590277778 0.03899231406249992 0.046790776388888844
7 0.59804461328125 0.3795251881944444 0.034118274999999976 0.05892171805555554
7 0.15694406289062499 0.4211169895833333 0.025345003906250007 0.04852376805555557
0 0.34215755390624997 0.47137374930555553 0.12282578906249997 0.13170737083333328
0 0.46449593867187494 0.42804895625 0.028269427343750042 0.03812581805555561
0 0.530295468359375 0.4193839979166667 0.02924423515625003 0.03812581805555561
0 0.4893535386718749 0.42371647708333326 0.021445772656249938 0.032926843055555585
0 0.41380593007812505 0.4098525430555556 0.016571732031249998 0.01906290833333336
0 0.984068520703125 0.4375804111111111 0.028269427343749952 0.01906290833333336
6 0.45864709140625004 0.3786586923611111 0.006823654687500014 0.015596926388888871
6 0.45182343671874997 0.37605920416666666 0.004874039062500035 0.013863933333333339
6 0.43866353046875 0.38732365069444447 0.007798462500000003 0.019062909722222247