6 0.35532248242187503 0.4546677444444444 0.01063550390625001 0.02647058333333337
6 0.49671785195312496 0.43865540277777776 0.01595325390625 0.022689072222222252
7 0.6961335296875 0.3894957465277778 0.03190650937499999 0.0491596597222222
7 0.6950699785156249 0.42258397847222223 0.02765230703125008 0.01701680416666665
7 0.26085564140625 0.4636403958333334 0.011207151562499984 0.018097233333333348
6 0.274967619921875 0.4566175847222222 0.00850840234375001 0.02836133888888889
0 0.44407211406249997 0.5596637909722222 0.07870272031250006 0.18907560694444442
0 0.7046419316406249 0.5549369000000001 0.10848212890625 0.18340333611111115
0 0.8519037722656251 0.5719537048611111 0.29353987578125 0.2779411402777778
0 0.572190050390625 0.6059873159722222 0.23185396171874997 0.3838234791666666
7 0.030165156250000002 0.32106219375 0.0157383421875 0.03963730694444444
7 0.029509391796875 0.36536271249999996 0.02229598515625 0.04896373055555551
6 0.303618853515625 0.5255440736111111 0.011803757031250006 0.02797927500000002