0 0.407752999609375 0.5441830180555556 0.02943036953124998 0.04388184166666665
0 0.38401883203125 0.5509340722222222 0.029430368750000026 0.0506328916666667
0 0.35886061484375 0.5585290048611111 0.037974668749999996 0.0793248625
0 0.25395559296875003 0.5728749916666667 0.03322783437500001 0.07088604722222223
0 0.309018862109375 0.5728749909722222 0.09018983671875 0.10464130694444446
0 0.12151893828125 0.6561781638888888 0.2430378765625 0.24472563888888885
0 0.482278285546875 0.5459913395833333 0.01518986640625002 0.04556960138888889
0 0.496044102734375 0.5561179173611112 0.025632900781250002 0.05907170694444438
0 0.520727637109375 0.5569617979166667 0.044620233593750044 0.09451472638888893
0 0.5767402726562499 0.5832426854166667 0.11867083749999993 0.13502104027777778
0 0.45094918437500003 0.5477996604166666 0.05506327031250002 0.08776367361111109
7 0.290980894140625 0.48318244236111113 0.027531633593749973 0.04725736527777779
0 0.851514137890625 0.6232667868055556 0.2933543117187501 0.5738394291666667
7 0.20791130781250003 0.49439400902777775 0.011392400000000035 0.05569617638888889