6 0.561776466796875 0.24439660347222222 0.016114061718749982 0.06266579583333333
6 0.398118026171875 0.1709881 0.025178222656250027 0.07698940555555556
6 0.3860324796875 0.1844164854166667 0.021149704687499993 0.07519895694444444
6 0.197699382421875 0.3079576236111111 0.021149705468750012 0.060875344444444424
6 0.189138787890625 0.41807038055555557 0.024171092968749974 0.030437672222222212
6 0.8513260136718749 0.44403192430555555 0.015106932031249975 0.03222812361111112
6 0.8352119515624998 0.44671760138888883 0.011078418750000018 0.030437672222222288
6 0.9862812816406251 0.039389929166666664 0.025178222656249895 0.07161805277777779
6 0.9449889984375 0.05460876527777778 0.04129228281250015 0.10205572500000001
2 0.510412894921875 0.5335544895833334 0.012085547656250029 0.028647220833333382
1 0.527534084765625 0.519230879861111 0.014099803906250052 0.01432361249999998
0 0.527534084765625 0.532659263888889 0.010071288281250012 0.016114061111111116
0 0.535591116015625 0.5442971979166666 0.014099803906250052 0.021485415277777836
0 0.588465379296875 0.5434019722222222 0.03524951015625 0.048342186111111116
0 0.59803310546875 0.5541446798611112 0.04229941249999998 0.04476128194444442
0 0.6222041980468751 0.5604112604166667 0.022156835156250044 0.06445624861111111
0 0.670546383203125 0.5622017111111112 0.08661308203125007 0.11458888333333338
0 0.4902703171875 0.5398210694444445 0.014099806250000046 0.030437672222222212
7 0.446460211328125 0.5066977208333333 0.007049902343749981 0.017904513888888907
7 0.37445049726562496 0.48700275486111116 0.026185350781249995 0.021485415277777756
7 0.345243760546875 0.46909824375000003 0.006042771093749977 0.01432361249999998
7 0.2032385921875 0.3607759381944444 0.026185349999999996 0.023275868055555548
7 0.08691520859375 0.35361413333333336 0.043306540625000015 0.026856769444444477
7 0.5607693375 0.49595501250000007 0.01208554687500003 0.010742708333333361
7 0.04713361796875 0.07788463194444445 0.09265585468750001 0.08773211388888888
7 0.038420351171875 0.0170092875 0.07522932109375 0.030437672222222226
6 0.5547265640625 0.5201261048611111 0.012085545312500034 0.012533159722222189
6 0.52149131171875 0.4941645618055555 0.004028514062500044 0.014323612500000058
6 0.53760537265625 0.46909824375000003 0.006042773437499971 0.01432361249999998
6 0.48473110820312504 0.47536482222222226 0.005035644531249961 0.016114061111111116