0 0.4805802679687501 0.4817717 0.007798462500000003 0.027727866666666677
0 0.48789132773437505 0.48783717152777784 0.018521349218749972 0.03985880972222217
0 0.506900080078125 0.4956356347222223 0.027294619531249963 0.04505778611111108
0 0.526883640234375 0.5034340965277778 0.03021904296875002 0.07105265972222223
0 0.5497916253906251 0.509499567361111 0.05069000859374997 0.09704753749999995
0 0.56538855078125 0.5216305097222222 0.037042698437500035 0.09704753611111107
0 0.6326502921875 0.5224970055555556 0.14232194531250003 0.17503216388888893
0 0.736467327734375 0.5753532534722222 0.20373483984375004 0.2148909736111111
0 0.46839516953124993 0.48697067499999996 0.02047096406250004 0.03812581666666664
0 0.431839876171875 0.4826381951388889 0.011697692968750052 0.025994876388888914
0 0.42501622070312506 0.4791722118055555 0.013647310156250026 0.032926843055555585
0 0.41673035429687494 0.48437118749999997 0.012672502343750036 0.04679077777777773
0 0.40357044843749995 0.48523768333333334 0.023395389062500004 0.05198975277777775
0 0.40454525546875003 0.48870366597222226 0.015596926562500047 0.038125818055555524
0 0.39138535 0.4930361458333334 0.02242058124999997 0.05025675833333333
0 0.380662462890625 0.49736862569444446 0.02047096484375004 0.05892171805555554
0 0.35434265234374995 0.4947691381944444 0.05361443281249998 0.07451864583333337
0 0.33533389921875 0.5060335819444445 0.06823654999999999 0.07971761944444451
0 0.29487937265625 0.5129655513888889 0.04581596874999998 0.11784343611111107
0 0.21835695742187503 0.5172980319444443 0.15401963984375 0.2235559333333333
0 0.102354823828125 0.5146985444444444 0.20470964765625 0.40552006388888884
0 0.8763522531250001 0.6039476166666666 0.24565157656250003 0.3240694527777778