7 0.433100983203125 0.4796386125 0.007910155468749912 0.02343749722222223
0 0.318403731640625 0.4905761097222222 0.012304685156250005 0.01406249722222215
0 0.297309984375 0.4843261104166667 0.024609371875000008 0.026562495833333265
1 0.277534595703125 0.46323236458333333 0.051855461718750016 0.07499999305555557
0 0.22523968164062497 0.48588861250000004 0.056249992968749996 0.05156249722222223
0 0.07011274609375 0.45932611388888883 0.1379882640625 0.11093748611111107
2 0.0938432125 0.4147948694444444 0.185449196875 0.184374975
0 0.4480423875 0.4952636104166667 0.02373046562500001 0.029687495833333265
0 0.49330605390625 0.5108886090277778 0.012304685937500004 0.03593749583333326
0 0.47045449375 0.5062011090277778 0.03867187031250001 0.05156249305555549
0 0.6233841621093751 0.5038573583333333 0.09667967578125003 0.15937497777777776
0 0.37377481874999996 0.5460448534722223 0.13710935781249994 0.19374997638888886
0 0.537664171875 0.5284832784722222 0.08882280312499997 0.11800183194444445