0 0.35066490742187495 0.5111065277777779 0.020486750781250018 0.024280594444444383
0 0.3335926140625 0.5062504090277777 0.019120968750000022 0.03156477361111109
0 0.31378875234375003 0.5062504090277777 0.0314130203125 0.050989248611111135
0 0.254377170703125 0.5572396576388889 0.12565208046874998 0.1723922263888889
9 0.367054308984375 0.5026083201388889 0.012292052343750016 0.0534173125
7 0.47153674414062496 0.5208187638888889 0.01638940234374999 0.024280594444444463
7 0.10755544921875 0.3812053430555556 0.02321831875 0.1286871527777778
6 0.07750821249999999 0.21124117638888887 0.01502361875 0.04613313055555557
7 0.37661479375 0.4431208604166667 0.012292053125000013 0.04370507083333332
0 0.84849298359375 0.5572396590277778 0.30047236406249994 0.26951460694444446
0 0.142212184375 0.49029457638888885 0.05872868906249999 0.0801259638888889