6 0.46623719062499996 0.31060387916666665 0.009278353125000027 0.01855670277777778
6 0.49987121640625 0.31472759166666664 0.009278351562499943 0.010309277777777758
6 0.42390470898437493 0.33328429375 0.008118558593749992 0.018556704166666667
7 0.89770363671875 0.13266754930555555 0.04755155468749983 0.0556701125
7 0.6529640253906249 0.2807069652777778 0.032474232031249974 0.024742272222222222
7 0.42332481171875 0.26927839166666667 0.016237115624999986 0.03298969722222221
7 0.381572228515625 0.2878350972222222 0.013917528906250042 0.02886598333333335
7 0.50161090703125 0.32907221666666664 0.008118557812499993 0.020618561111111135
7 0.521907302734375 0.3063918006944445 0.006958764843750043 0.02061855972222221
7 0.53060575703125 0.3301031451388889 0.015077321874999949 0.010309279166666683
0 0.47725523359375 0.3659794416666667 0.026675262500000053 0.06185568055555552
0 0.35083768671875 0.37628872083333326 0.015077321874999994 0.032989697222222246
0 0.33286088007812503 0.38350521736111115 0.025515469531249967 0.04742269027777779
0 0.311404690625 0.3814433631944445 0.022036085937499995 0.05979382361111113
0 0.36999736445312503 0.3646263506944445 0.01739691015625002 0.032989695833333325
0 0.5190308945312501 0.38421398125 0.06494846406250003 0.08453609583333335
1 0.258657141015625 0.3708119166666667 0.08930413828125001 0.11546393611111114
0 0.756788665234375 0.33163665277777776 0.055670111718750005 0.05360825555555553