7 0.23094786562499997 0.7494334881944446 0.039001129687500004 0.05098187083333335
7 0.169004893359375 0.7494334881944444 0.022941841406249996 0.03466767083333322
7 0.14434241484375 0.7361782027777778 0.014912198437500001 0.024471299999999967
7 0.663975123046875 0.7674470826388888 0.01261801328125003 0.04486404583333328
7 0.6301359062499999 0.7596298618055556 0.00917673593750008 0.022432020833333233
7 0.557295561328125 0.7759440618055555 0.04473659140624999 0.03874622361111114
0 0.016441648437499998 0.7412763888888889 0.018353471875 0.026510572222222115
0 0.027912567968750003 0.7351585638888889 0.011470921874999998 0.03058912222222211
0 0.043398312890625 0.7494334895833333 0.02408893359375 0.03874622083333337
0 0.0359422125 0.7637084118055555 0.02982439375 0.042824770833333366
0 0.35712799375 0.7953171722222223 0.0068825546874999866 0.01631419722222221
0 0.34967189414062505 0.7942975340277779 0.012618013281249984 0.026510570833333386
0 0.38179047304687497 0.7993957222222222 0.02179474921875002 0.03262839722222218
0 0.285434738671875 0.7932778972222222 0.017206380468749984 0.024471297222222195
0 0.4655281953125 0.8065331833333333 0.014912198437500024 0.02651057222222227
0 0.4890435820312501 0.8044939090277777 0.025236024999999974 0.03466767083333322
0 0.5320595347656251 0.8075528215277779 0.03555985390625001 0.048942595833333276
0 0.6616809390625 0.8208081076388889 0.06767843281250005 0.07953171805555555
0 0.32271523125 0.7983760833333333 0.05964878750000002 0.0550604194444443
0 0.029442027734374997 0.805513545138889 0.058884055468749995 0.10604229027777781