7 0.636948410546875 0.098906175 0.036914036718749973 0.05624996111111112
7 0.449082329296875 0.2887497944444445 0.014501944531250022 0.014062491666666649
6 0.43721710273437503 0.2899216694444445 0.00659179296875001 0.025781233333333337
6 0.3772317921875 0.2899216694444445 0.007910150000000015 0.025781233333333337
6 0.35350133984375 0.3039841597222222 0.01054686718750002 0.021093736111111146
7 0.51829614921875 0.3016404111111112 0.007910151562500013 0.025781233333333337
0 0.26451214375000004 0.3496872527777778 0.03559567968750001 0.042187472222222216
0 0.29285685039062503 0.3426560069444444 0.029003886718750004 0.04687496666666667
0 0.349546264453125 0.33562476180555556 0.029003886718749962 0.04218747083333333
0 0.40689485820312504 0.32976539097222224 0.014501942968750025 0.02578123194444445
0 0.6481544578125 0.316874775 0.04614254687499999 0.05156246388888886
0 0.5855324304687499 0.316874775 0.015820301562499937 0.03281247777777779
0 0.6013527316406251 0.3121872784722222 0.01582030078125003 0.03281247638888891
0 0.558506081640625 0.31804664930555554 0.014501942968750025 0.02578123194444445
0 0.5440041390625 0.32156227291666667 0.014501943750000024 0.02343748472222222
0 0.320542377734375 0.3367966361111111 0.036914036718749973 0.049218716666666634
0 0.377890971484375 0.3332810131944445 0.019775377343750032 0.03281247638888891
0 0.22364303046875 0.36023412083333334 0.07250971562499997 0.07265619999999996
0 0.15311085273437502 0.34382788124999997 0.047460905468750016 0.053906212500000016
0 0.068735910546875 0.35437474930555557 0.03955075390625 0.046874968055555556
0 0.03775448671875 0.36492161666666667 0.0382323953125 0.04921871666666671
0 0.43153377851562497 0.3243325236111111 0.02105042890625004 0.027720727777777773