6 0.299160121484375 0.3567413930555556 0.009360561718749993 0.018721122222222223
6 0.33133705078125 0.35466126805555553 0.010530631249999978 0.01872112222222218
6 0.31320096328125 0.3796227652777778 0.009360560937499995 0.014560872222222245
6 0.29213970039062503 0.3806628277777777 0.009360561718749993 0.016640997222222214
7 0.4032963667968749 0.37234232916666665 0.007020419531249988 0.02080124722222223
7 0.45594952343749995 0.35986157986111117 0.014040842187500058 0.0291217458333333
7 0.37872489257812497 0.3817028895833333 0.009360561718749993 0.01456087361111113
0 0.31320096328125 0.3973038256944444 0.009360560937499995 0.0166409986111111
0 0.32373159453125 0.39834388819444444 0.011700701562500004 0.01456087361111113
0 0.33660236640625 0.40250413749999997 0.014040842187500013 0.01872112222222218
0 0.3073506125 0.4035442 0.011700701562500004 0.016640997222222214
0 0.66188187265625 0.46178769305555556 0.23869431406250002 0.22049322500000004
7 0.546629962890625 0.4149848861111112 0.01755105234375005 0.027041622222222294
7 0.24065661289062498 0.38690320208333334 0.009360561718749993 0.0166409986111111
7 0.354738454296875 0.38378301458333336 0.005850350781250002 0.018721123611111147
7 0.18975856093750001 0.3432205826388889 0.01287077187500001 0.012480748611111083