0 0.5335636109374999 0.46903173333333337 0.01900939218750004 0.03023716111111112
0 0.5095517464843751 0.47347837430555556 0.009004449218750033 0.01422925138888884
0 0.4955448265625 0.47347837430555556 0.013006425000000021 0.01422925138888884
0 0.48153790703125 0.4725890458333333 0.01500741718749996 0.016007908333333317
0 0.46002727890625 0.4663637486111111 0.026012853125000034 0.028458505555555527
0 0.401498360546875 0.5010475527777778 0.047023233593750026 0.05869566944444442
0 0.5540737453125001 0.4716997180555555 0.010004943750000005 0.01067193888888885
0 0.567580418359375 0.47081039027777777 0.017008403906250004 0.03379447499999999
0 0.572082642578125 0.47792501597222226 0.018008897656249977 0.033794476388888876
0 0.592592776171875 0.48948628472222216 0.023011369531250027 0.04268775833333333
0 0.61460365078125 0.5019368805555555 0.04102026875 0.06758895000000006
0 0.6366145249999999 0.5215021034722223 0.055027189062499995 0.08181820416666667
7 0.983285809765625 0.19333996388888888 0.03201581796875015 0.115612675
7 0.262929895703125 0.38098823333333326 0.020009885156249973 0.014229252777777803
7 0.263930390625 0.41656136388888887 0.020009885937500017 0.04980238611111116