7 0.016372555078125 0.40333660069444444 0.031185819531250002 0.08039011527777783
7 0.0105252140625 0.46432220277777775 0.021050428125 0.03880901944444446
0 0.06860880312499999 0.6590603208333333 0.13721760624999998 0.17048248055555548
0 0.23623258359375 0.5287728972222223 0.08264242187500001 0.09840858888888886
0 0.33329844687500004 0.44976882083333336 0.035084046875 0.05128334999999993
0 0.362924975390625 0.4310573284722223 0.02572830078125001 0.030492801388888876
0 0.422178032421875 0.42620620138888893 0.016372555468749984 0.026334691666666684
0 0.40034795898437503 0.5904515166666666 0.09121852265625 0.13305949444444437
0 0.5749885484374999 0.661139375 0.12552292343750002 0.14969193333333333
1 0.497023999609375 0.4968940590277777 0.05223624765625008 0.08177614861111103
0 0.5344469828125 0.5703539888888888 0.0880999390625 0.08732029444444443
0 0.47363463515624993 0.46501522013888885 0.03352475625000002 0.0401950541666667
0 0.47441428046875 0.4754104944444445 0.021050428124999954 0.03603694722222228
0 0.46700764843750003 0.4421456201388889 0.026507946874999976 0.01940450972222223
0 0.462719598046875 0.4345224201388889 0.024169010156249993 0.02079054861111105
0 0.45999083867187507 0.42620620138888893 0.02962652890624993 0.015246402777777807
7 0.5204133640624999 0.39294132708333335 0.019491137500000023 0.03187883750000001
7 0.520023541796875 0.4192760194444445 0.010915036718750049 0.012474327777777777
7 0.7574255929687499 0.39709943541666665 0.02884688281250005 0.06514370972222226
7 0.685698208203125 0.4643222034722222 0.024169010156249993 0.0693018236111111
7 0.3219935875 0.39640641805555554 0.021830075000000004 0.03880901944444446