6 0.323636205078125 0.07971761944444444 0.02144577265625003 0.10051351944444444
6 0.0370426984375 0.3708602298611111 0.015596926562500002 0.0415918013888889
6 0.568800378125 0.3951221131944444 0.01072288593750006 0.020795901388888892
6 0.635574715234375 0.3959886104166666 0.007798461718750005 0.019062909722222247
6 0.8899995640625 0.007798461805555555 0.02339539062499991 0.01559692361111111
7 0.936302935546875 0.03292684305555556 0.018521347656250065 0.06585368611111111
7 0.9631101519531249 0.1039795034722222 0.07018616484375002 0.04852376805555555
7 0.7393917511718751 0.4011875840277778 0.00877327109374999 0.025994873611111066
7 0.019008753515625 0.10917847916666668 0.03411827578125 0.09358155277777779
7 0.043378949218750004 0.24261884097222222 0.030219043750000008 0.03465983194444446
7 0.009748078125 0.2781451729166667 0.01949615625 0.025994873611111104
7 0.0199835609375 0.3102055180555556 0.036067890625 0.02079590000000001
7 0.419167373828125 0.39858809791666666 0.013647310156249936 0.04159180416666667
6 0.59901942109375 0.41765100625 0.008773270312499993 0.017329918055555598
6 0.63313769609375 0.4141850222222222 0.008773270312499993 0.010397950000000043
7 0.643373178515625 0.4185175013888889 0.00974807890624998 0.012130941666666692
7 0.659262548828125 0.39598861041666666 0.01891126640625007 0.012130943055555576
7 0.6662811625 0.41765100625 0.006823654687500014 0.017329918055555598
0 0.11600213359375 0.6628693361111112 0.2320042671875 0.3448653555555556
1 0.37383880937499997 0.5129655506944444 0.119901365625 0.1282413875
0 0.440125742578125 0.49216965000000007 0.028269427343750042 0.07625163611111113
0 0.531270276953125 0.46530827847222217 0.023395389843750003 0.03639282638888888
0 0.619295426953125 0.46357528680555554 0.01501203359374994 0.03639282638888888
0 0.6375243304687499 0.4592428076388889 0.011697692187499964 0.020795901388888892
0 0.6531212562500001 0.47224024513888896 0.038992312500000015 0.06065470972222226
0 0.485454307421875 0.49650212986111114 0.07798462734375003 0.11264446250000001
0 0.5819602835937501 0.5051670888888888 0.08383347343750006 0.12997438055555552
0 0.692600974609375 0.4913031548611111 0.06141289453124994 0.08491659583333333
7 0.684412593359375 0.4159180131944445 0.00877327109374999 0.006931965277777784
6 0.6268989320312499 0.4349809229166667 0.006823656250000009 0.013863931944444453
7 0.5601245945312501 0.43411442916666665 0.005848848437500021 0.015596924999999985
6 0.9960320792968751 0.3595416277777777 0.0048740398437500335 0.03465983611111112