6 0.719486341796875 0.22499985069444442 0.02759180703124997 0.06398100138888888
6 0.71108883515625 0.3156396 0.010796793749999978 0.036255902777777786
6 0.9204266699218749 0.34443105208333336 0.0335900257812499 0.07251179861111111
6 0.42635338984375004 0.3706632576388889 0.011996437500000035 0.029857798611111104
7 0.24172821601562502 0.41978645763888883 0.01319608203125 0.049052101388888915
7 0.53704052578125 0.42938360624999994 0.011996437500000035 0.03412319861111107
7 0.889135968359375 0.3526064076388889 0.032390382031249845 0.11090040138888885
7 0.901732228125 0.1841231048611111 0.04558646406250002 0.029857798611111104
7 0.87593988671875 0.22784345555555557 0.05878254218749994 0.044786699999999985
0 0.35179552929687496 0.5097153006944445 0.016795011718749996 0.023459698611111118
0 0.3379996265625 0.5129143513888889 0.008397506250000042 0.017061597222222245
0 0.32990203281249997 0.5161134 0.014395725000000015 0.01919429999999996
0 0.3742888515625 0.5075826 0.014395725000000015 0.01919429722222219
0 0.41507673828125 0.50225085 0.011996437500000035 0.017061597222222245
0 0.40727905507812495 0.5129143506944445 0.017994655468749964 0.029857798611111104
0 0.38808475390624997 0.5214451506944444 0.03478966875 0.05118479861111109
0 0.42467388984375 0.5075826 0.01439572499999997 0.01919429722222219
0 0.4390696144531249 0.5182461013888889 0.019194299218750023 0.036255900000000056
0 0.5230446765625001 0.4958527513888889 0.02399287499999998 0.025592397222222178
0 0.5404395121093749 0.49798545208333334 0.02279323203125001 0.029857798611111104
0 0.48465607734375 0.5598337520833334 0.11036722500000007 0.14928899861111114
0 0.6028209859375 0.4958527513888889 0.02279323125000001 0.034123200000000034
0 0.6604038847656251 0.4851892527777778 0.041987528906249946 0.042654000000000046
0 0.629213148828125 0.49372005138888886 0.04678610703125008 0.04265399999999996
0 0.746178415234375 0.48838830277777784 0.023992875781249978 0.044786699999999985
0 0.707189992578125 0.5001181520833333 0.06358111796875007 0.07251179861111115
0 0.8043611359374999 0.45639780069444447 0.020393943749999987 0.027725098611111085
0 0.779168617578125 0.4841229013888889 0.06118183203125005 0.07890989722222218
0 0.8253549031249999 0.45426509861111114 0.02399287500000007 0.03199050000000001
0 0.8361516957031251 0.46386225277777776 0.028791449218750032 0.0383886
0 0.9030318359374998 0.45106604861111116 0.02279323125000001 0.02985779999999999
0 0.921026491796875 0.46386225069444453 0.041987530468749944 0.06824640138888888
0 0.053864005078125 0.5692176354166667 0.10676829453125 0.07890989861111114
0 0.95506636484375 0.6737808645833333 0.08757399531250006 0.27938370138888885
9 0.799112676953125 0.5869495076388889 0.06358111953124998 0.2452604986111111
7 0.849107834765625 0.0682464 0.026392163281250092 0.0810425972222222
7 0.8970935843750001 0.14928900138888887 0.035989312499999926 0.042653999999999984
7 0.948078443359375 0.39028410277777775 0.01319608203125 0.038388602777777774
7 0.326061100390625 0.46511869583333326 0.009004449218749988 0.01956522222222227
7 0.5741837015625 0.40731235624999995 0.011005437499999982 0.014229251388888918
6 0.577685430859375 0.44110683055555555 0.020009885156250018 0.024901191666666656