0 0.37500948046874993 0.4975870770833333 0.06704951249999999 0.08039011249999999
0 0.40268689492187504 0.4913499111111111 0.016372553906249986 0.04851127499999998
0 0.41711033671875003 0.48580576527777786 0.018711490624999973 0.04851127499999998
0 0.4299744875 0.48026162291666663 0.017931846875 0.0401950569444444
0 0.4389404109375 0.4719454034722222 0.018711490624999973 0.02356261805555554
0 0.48493949374999995 0.4830336944444445 0.018711492187499967 0.020790547222222244
0 0.5917509265625001 0.48857783958333334 0.014033618749999999 0.0180184736111111
0 0.57810713046875 0.4858057659722222 0.014813264062500053 0.02910676527777775
0 0.5617345761718749 0.47887558541666664 0.017931846093750002 0.02079054583333328
0 0.603055785546875 0.48719180347222224 0.013253972656250034 0.020790545833333358
0 0.30367191757812495 0.4996661333333333 0.10057426796875002 0.12058516944444446
0 0.518854073046875 0.48649878541666663 0.053795539843750004 0.09702254861111115
0 0.6478854015625 0.4996661319444444 0.09043887656250008 0.11781309444444443
2 0.76951009765625 0.4712523847222222 0.16216626093750008 0.1358315694444444
7 0.196860485546875 0.2259239375 0.04132121015624999 0.024948655555555553
7 0.322519916015625 0.18656237430555553 0.08041986640624996 0.03749997361111114
7 0.8665759609375001 0.3915552895833333 0.024169009374999995 0.04296712916666665
6 0.45969293671874994 0.1670173902777778 0.014629423437499955 0.059599566666666645
6 0.16567466640625 0.3409649604166667 0.033524756249999996 0.0471252375
7 0.329010396875 0.36036947083333337 0.02027078281249999 0.022176583333333333
7 0.38202628984375 0.4095737645833334 0.018711492187499967 0.029106762500000057
7 0.44595721953125 0.4068016902777778 0.01871149062500006 0.018018472222222214
6 0.46739747109375 0.4068016902777778 0.005457518750000024 0.018018472222222214
7 0.46193995351562495 0.4074947083333334 0.003898227343750005 0.019404508333333344
0 0.4584315484375 0.4802616215277778 0.031185820312500036 0.045739201388888914