0 0.945038853515625 0.7363641583333334 0.1076464554687501 0.46594794166666664
0 0.6747526445312501 0.7468558104166666 0.3533611890625 0.49941199583333334
1 0.46940533085937497 0.5418724958333333 0.059673578906249955 0.06864411666666667
0 0.8578686265624998 0.6385982958333334 0.1345580703125 0.2288137222222223
0 0.6671471886718751 0.5262715597222223 0.04797287578124996 0.02080124722222223
6 0.857283590234375 0.4097845736111111 0.009360561718749948 0.0457627444444444
6 0.602793330078125 0.4409864451388889 0.010530630468749979 0.033281995833333314
6 0.871324432421875 0.4097845736111111 0.009360561718750127 0.0457627444444444
6 0.15231631640624999 0.40592701319444446 0.019891192187499997 0.04220787361111115
6 0.37462964804687504 0.34946095694444446 0.012870772656249984 0.06656399166666667
7 0.37345957734375 0.39938395 0.03159189531250002 0.024961497222222167
7 0.9778008183593749 0.4274656326388889 0.023401403906250097 0.02704162083333333
6 0.5086026808593751 0.5408324333333334 0.007020419531249988 0.024961497222222247
7 0.97838585390625 0.49818987638888895 0.019891193750000015 0.01040062222222223