0 0.518951541015625 0.5360000875 0.023389364843750027 0.024948655555555553
0 0.500629872265625 0.5360000881944444 0.016372555468749984 0.027720729166666618
0 0.489325012109375 0.5429302708333333 0.023389364843750027 0.03880902222222215
0 0.43202106874999996 0.54243525625 0.022609718749999973 0.0592035569444445
0 0.4593086609375 0.5484744159722222 0.03664333749999997 0.05266938472222217
0 0.39537773125 0.5637208159722222 0.06471057656249997 0.08039011249999999
0 0.349768469921875 0.5574836527777778 0.043660147656250016 0.04851127499999998
0 0.321311409765625 0.5678789256944444 0.049117666406249996 0.05544145694444443
0 0.273753034375 0.5761951444444444 0.05535482968750003 0.06930182222222223
0 0.212161041015625 0.5817392902777777 0.08654064921875002 0.09979462222222221
0 0.100886121484375 0.6379016083333334 0.20177224296875 0.22943234166666673
0 0.547895867578125 0.5377821333333332 0.017152200781250036 0.023562619444444426
0 0.6075387476562499 0.5350100604166667 0.019491137500000023 0.0401950569444444
0 0.619623252734375 0.5405542055555556 0.024948655468750046 0.048511275000000055
0 0.6453515539062501 0.5412472243055556 0.03430440156249999 0.06652974861111108
0 0.6582157046875 0.5488704249999999 0.031965465625 0.0762320027777778
0 0.683164360546875 0.5440192965277778 0.03352475703124993 0.10533876805555561
0 0.713570533984375 0.5447123152777777 0.08030348515624999 0.1316734611111111
0 0.788026678515625 0.5585726791666666 0.14969193359374994 0.15939418888888893
1 0.57782728984375 0.5230307513888889 0.03639553437499998 0.07068785833333335
6 0.55569232265625 0.46570823958333335 0.005457518750000024 0.0180184736111111
6 0.5615786484375 0.46778729375 0.005457518750000024 0.0180184736111111
7 0.8753859578125001 0.32086743333333334 0.056134474999999996 0.04019505833333336