0 0.459327374609375 0.4293369256944445 0.01205357734375001 0.01836735416666665
0 0.43715740312499995 0.4392859104166667 0.01678891250000003 0.029081643055555557
0 0.424673342578125 0.44081652222222223 0.011623092968750016 0.03214286666666671
0 0.386575429296875 0.4339287652777778 0.018941335156250006 0.06428574444444443
0 0.368064578125 0.4392859090277778 0.0352997609375 0.08418371250000002
0 0.36246827539062504 0.4515308131944445 0.029272972656249997 0.06275512916666667
0 0.329320939453125 0.4369899909722223 0.045631397656249996 0.09795922361111112
0 0.283689541796875 0.4538267340277778 0.10073346484375004 0.1561225208333334
0 0.120966253125 0.4769578993055556 0.24193250625 0.27891549861111115
0 0.47654676953125 0.4377552993055555 0.018080365625000018 0.044387776388888904
0 0.49505761992187497 0.43010223125 0.025829092968750002 0.053571448611111176
0 0.49721004570312494 0.44311244513888887 0.02152424453125006 0.05204084305555554
0 0.528635441796875 0.4369899923611111 0.053380125781249975 0.10102045416666669
0 0.5411195015625 0.45535734652777776 0.049075276562500034 0.09489800138888893
0 0.5815850832031251 0.4484695875 0.08093115859374996 0.20357151666666667
0 0.7352681875 0.4484695902777778 0.3056442703125001 0.3688777194444444
0 0.863122199609375 0.5839288340277778 0.24279347578125005 0.3704083291666666
0 0.41326549179687505 0.4354593784722222 0.012914546093750002 0.02448980694444442