7 0.159050241015625 0.3072048097222222 0.019133863281249996 0.036141741666666664
6 0.11420524765625002 0.026929136805555556 0.0203297296875 0.03826772638888889
6 0.33065707890625 0.3539764763888889 0.013154529687500017 0.027637802777777803
6 0.4346974644531249 0.36708671875 0.010762799218750008 0.012755909722222233
7 0.303550785546875 0.35114182916666664 0.02032973046875002 0.010629925000000009
7 0.43828506328125005 0.3816142770833333 0.02272146406249993 0.010629926388888893
7 0.47535692265625 0.37204734722222227 0.010762798437500009 0.012755908333333269
7 0.6230464328125 0.3624804152777778 0.01674212968749993 0.03614174166666662
7 0.37151585703125 0.38303160347222226 0.009566931250000011 0.010629926388888893
6 0.360753058203125 0.3840945951388889 0.009566932031250008 0.01700787916666668
6 0.383873138671875 0.38019696111111106 0.007175199218750006 0.019133863888888904
6 0.40420286875 0.38870090138888885 0.009566931250000011 0.010629925000000009
0 0.282822420703125 0.4427363444444445 0.06577265703124997 0.09992128611111113
6 0.393440069921875 0.3938386930555555 0.009566932031250008 0.021259850000000018
0 0.40599666796875 0.42041350208333333 0.013154529687500017 0.0148818902777778
0 0.392244204296875 0.4193505097222222 0.01435039921875001 0.017007877777777795
0 0.4562230609375 0.4289174416666667 0.03228839375000003 0.04039371388888892
0 0.557273776171875 0.4501772902777778 0.021525596093750023 0.05740159166666664
0 0.57879937265625 0.45124028124999993 0.03348426093750003 0.06377954583333331
0 0.60451050234375 0.452303275 0.03946359374999995 0.07015749999999998
0 0.661314159375 0.4576182388888889 0.07892718593750007 0.10204727222222224
0 0.43140883046875 0.4193505097222222 0.013154531250000013 0.021259850000000018
0 0.5058515171875 0.46410249791666663 0.10762798281250001 0.1764567402777778
0 0.7519608597656251 0.4981182548611111 0.16263783984375008 0.19346462083333335
0 0.34118070859375005 0.5044962090277778 0.1518750421875 0.2062205291666666
0 0.19313243515625 0.46303950694444446 0.13274117656249998 0.18708666666666668