6 0.04896053359375 0.08249993611111112 0.018457018750000005 0.07968744444444445
6 0.7318702203124999 0.21257797083333332 0.013183584374999936 0.0632812055555556
6 0.709458126953125 0.2758591784722222 0.018457019531250028 0.03046872916666668
6 0.12608450390625 0.3344528875 0.022412093750000018 0.03515622500000003
6 0.035117769531249995 0.08601555833333333 0.0145019421875 0.06328120555555555
6 0.07466852421875 0.08601555902777777 0.0224120953125 0.07265620138888888
7 0.12410696679687501 0.26531231041666664 0.01054686640625 0.02343748472222222
7 0.093784721875 0.2489060715277778 0.03691403593750001 0.018749987499999992
7 0.13729055078125 0.20906234930555556 0.04746090468750001 0.07031245138888892
0 0.12806204140625 0.462187175 0.058007771875 0.0656249555555555
0 0.224302209765625 0.43640594375 0.12656241328124998 0.10781242361111107
1 0.4075540375 0.36609349027777777 0.09228509218749999 0.15468739166666662
0 0.33108924609375 0.40242159166666674 0.0527343390625 0.06796870277777782
0 0.4912698 0.43054657222222226 0.08833001718749997 0.1054686777777778
0 0.039072844921875 0.4457809368055556 0.06987299765625 0.07499994861111116
0 0.892709954296875 0.4153122076388889 0.2135740726562501 0.31406228472222225
0 0.76219246484375 0.59929645625 0.34540991875000004 0.4898434125000001