7 0.81737637890625 0.12737489097222224 0.0789594359375001 0.039858806944444464
7 0.06726174140625 0.12910788402777776 0.083833475 0.039858809722222235
7 0.959698323828125 0.1698331888888889 0.028269427343749952 0.024261883333333324
7 0.9431265906250001 0.21489097430555554 0.04191673749999989 0.027727868055555525
6 0.688701743359375 0.1282413875 0.02047096484374995 0.0623877027777778
6 0.083346070703125 0.07018616527777778 0.024370196093749998 0.08838257777777776
6 0.11259030585937499 0.0736521486111111 0.024370196093749998 0.0814506111111111
0 0.6121793269531249 0.3708602284722222 0.015596925781250003 0.02772786527777779
0 0.640936158984375 0.3777921965277778 0.030219044531250017 0.03812581805555561
0 0.657507891796875 0.38819014652777784 0.02047096484374995 0.031193851388888937
0 0.681390684765625 0.3907896340277778 0.031193852343750005 0.04332479305555555
0 0.717945977734375 0.3968551069444445 0.05556404609375001 0.0762516388888889
0 0.8061660890625 0.4159180138888888 0.09163193906250004 0.09011556944444447
1 0.59122095859375 0.3569962958333333 0.034118274999999976 0.08318360277777777
0 0.567825569921875 0.4055200638888889 0.061412892968750035 0.07625163611111105
0 0.499589020703125 0.3795251881944444 0.01462211640624993 0.017329918055555598
1 0.48009286445312505 0.37259322152777774 0.02242058046874993 0.038125818055555566
0 0.43135247187500003 0.3959886090277778 0.032168659375 0.02946085972222221
0 0.3943097734375 0.39772159930555556 0.03801750625000002 0.039858806944444485
0 0.28951792929687503 0.4185175013888889 0.06043808515625 0.07105266111111111
0 0.215432533984375 0.4315149416666666 0.11502732578125 0.09011557222222225
6 0.0315756421875 0.3208674319444444 0.019491137500000002 0.03465090833333334
6 0.05730394335937501 0.3194813965277778 0.024169010156250004 0.04019505694444443