0 0.489121185546875 0.3264005583333333 0.012292050781250018 0.014568358333333324
0 0.480243594140625 0.3276145875 0.010926269531250022 0.016996416666666687
0 0.474780460546875 0.34703906319444444 0.010926269531250022 0.012140298611111117
0 0.47068310820312503 0.3555372715277778 0.013657833593749924 0.01456835694444444
0 0.46317129999999995 0.3761757784722222 0.015023620312499996 0.026708654166666672
0 0.44814768242187497 0.3871020465277778 0.02048675234374997 0.029136712499999995
0 0.43312406328125 0.3907441381944444 0.02048675312499997 0.03642089583333327
0 0.4167346625 0.3907441368055556 0.023218318749999956 0.04613313194444449
0 0.388053209375 0.39560025277777777 0.04507085468750001 0.06070148888888885
0 0.347762596484375 0.40531249305555556 0.04643663828125 0.07526984444444448
0 0.31088644296875 0.4174527909722222 0.06555760937500002 0.08983820138888884
0 0.2658155875 0.4332351770833333 0.04916820468750003 0.11169073749999998
0 0.123347309375 0.4082846118055556 0.24669461875 0.34830062916666665
1 0.5102908296875001 0.3251865291666667 0.01638940312499999 0.03156477500000001
0 0.52121709765625 0.3276145861111111 0.010926267187500028 0.021852538888888873
0 0.523948665234375 0.34582503472222226 0.008194700781250041 0.02913671666666669
0 0.532143365625 0.37738980625 0.013657834374999922 0.043705070833333276
0 0.5478498753906249 0.37860383680555554 0.028681452343750014 0.050989248611111135
0 0.549898550390625 0.39560025555555556 0.02458410078125004 0.04127701111111111
0 0.5649221671875001 0.4004563756944445 0.019120967187499983 0.055845370833333324
0 0.5799457875 0.4113826409722222 0.02731567031250002 0.06798566527777779
0 0.6024812140625 0.4186668201388889 0.042339287500000024 0.08741014027777776
0 0.6209192906250001 0.42473696805555555 0.05463133906250004 0.0995504361111111
0 0.657795445703125 0.44780353333333334 0.07648387421875 0.14082745
0 0.750668722265625 0.47694024930555556 0.18301498515625 0.21852535694444444