0 0.5878091304687499 0.2902761138888889 0.013647309374999939 0.01906290833333332
0 0.607792691796875 0.29894107291666666 0.03411827421874998 0.05025675972222222
0 0.61071711484375 0.3162709902777777 0.01657173437499999 0.060654711111111106
0 0.6375243312500001 0.33100141875 0.06238770156250002 0.10744548749999999
0 0.6960128015625 0.3743262138888889 0.13842271406250006 0.18716310833333336
0 0.5522286453125 0.31453799791666665 0.057513662500000076 0.08491659305555553
0 0.503000848828125 0.2842106423611111 0.04874039140624999 0.08318360138888888
0 0.468882573828125 0.29114261041666667 0.029244235156249944 0.04852376805555557
0 0.44987382148437494 0.29894107291666666 0.032168658593749996 0.06065470972222222
0 0.4298902601562499 0.3041400479166667 0.037042698437500035 0.06412069305555551
0 0.411368910546875 0.3162709902777778 0.031193850781249966 0.07105266111111111
0 0.37627582851562497 0.32146996527777777 0.05458923984374997 0.09531454444444445
0 0.331434667578125 0.3266689423611111 0.05458923984375001 0.12304241250000002
7 0.034118274609375006 0.16636720624999998 0.046790777343750006 0.09011557083333331
0 0.191549741796875 0.4141850236111111 0.31291331796875 0.2946085944444444