7 0.48732834609375003 0.34385356805555556 0.017659871874999934 0.040365419444444425
7 0.629238025390625 0.29900310208333336 0.01639845234374997 0.022425234722222243
7 0.6746491234375 0.34385356944444445 0.04414967812500006 0.02242523333333332
6 0.48006017500000003 0.37177833263888893 0.012614193749999992 0.029152804166666692
6 0.8496560515624999 0.3807484243055555 0.010091354687500064 0.024667756944444442
6 0.8446103746093752 0.41438627569444453 0.010091355468749974 0.024667756944444442
6 0.02784132734375 0.3661720229166666 0.023966968749999998 0.026910281944444413
6 0.025949198828125 0.41775005902777773 0.015137032031250003 0.026910279166666683
6 0.6137706281249999 0.3179577694444445 0.01765987187500002 0.042607944444444434
6 0.742525508203125 0.41550753472222224 0.013875613281249954 0.03139532777777774
7 0.038413665624999996 0.462187175 0.018457018749999998 0.05156246388888882
6 0.7404395503906249 0.44085907222222226 0.011865225781250021 0.016406238888888838