0 0.38016542851562496 0.5060800402777778 0.026956663281249994 0.03466767222222226
0 0.45399354453124996 0.4783869659722222 0.12618012812500004 0.2457326125
2 0.32108150625 0.4914796965277778 0.09635573437499997 0.12031721250000002
9 0.81972761796875 0.5110382006944445 0.08316417500000002 0.29569484583333333
7 0.6061082171875001 0.33497478333333336 0.032692123437499984 0.06117824166666664
6 0.62086358515625 0.39885524722222226 0.018927018750000003 0.035687308333333334
7 0.161847521484375 0.3563632715277778 0.03383921640624998 0.06219788194444449
6 0.388971753125 0.29569484583333333 0.029250846874999993 0.022432022222222237
6 0.5079825570312501 0.28906720347222226 0.02638311875000001 0.023451659722222237
7 0.184253296875 0.38042468194444445 0.0190019765625 0.012435513888888907
6 0.126085019140625 0.43609485138888887 0.017193411718749996 0.03568731111111118
7 0.7841677628906251 0.31271872847222226 0.020074111718750044 0.03160875972222223
7 0.8032727371093749 0.3283232416666667 0.02294184296875006 0.02039274722222224
7 0.550045894140625 0.4228305680555555 0.018626196093750026 0.05094344166666668