0 0.522597473828125 0.5405355222222222 0.015820307031250015 0.022499994444444442
0 0.499921700390625 0.5405355222222222 0.01687499453125003 0.022499994444444442
0 0.46142561953124994 0.5480355215277778 0.04113279843750002 0.05624998194444449
0 0.25681631718750003 0.585535511111111 0.11496089687500002 0.13874995
0 0.3433006609375 0.5815176513888889 0.12972651562500004 0.1537499444444444
0 0.5463279328125 0.53558016875 0.016874992187499948 0.024374990277777817
0 0.5647849593750001 0.5412051673611111 0.03691405000000003 0.0356249875
0 0.586406044921875 0.5468301645833333 0.021093742968750016 0.054374981944444456
0 0.61307456796875 0.5424105256944445 0.06749997656249995 0.0674999763888889
0 0.6531526800781251 0.5761605159722223 0.09070309296875001 0.12374995694444443
0 0.7981721605468751 0.6033480041666667 0.19933586796875008 0.20437492777777777
0 0.941082266796875 0.6858479770833333 0.11390621015625016 0.3206248875
6 0.496230295703125 0.5049105354166668 0.009492185156249989 0.018749993055555494
6 0.526288878515625 0.5011605381944444 0.01054687109375001 0.014999998611111131
7 0.656844084765625 0.45147305763888884 0.015820307031250015 0.013124995833333328