6 0.580258996875 0.1692186263888889 0.015820301562499937 0.08437494166666666
6 0.297471105078125 0.27937480138888887 0.011865225781250021 0.06093745833333336
6 0.28296916171875 0.280546675 0.011865226562499975 0.0632812055555556
6 0.557846903125 0.17507799722222223 0.02373045312500004 0.07734369722222222
6 0.9612645941406249 0.3836716041666667 0.042187471093749984 0.06796870277777778
6 0.17156787109375 0.46335904930555555 0.015820301562499983 0.02578123194444449
6 0.184092276953125 0.4633590486111111 0.017138660156249985 0.030468727777777833
6 0.90853025546875 0.38132785694444443 0.018457018750000033 0.06328120833333332
6 0.427329413671875 0.4574996784722222 0.005273433593749921 0.02343748472222226
6 0.480722931640625 0.4598434270833333 0.006591791406249925 0.01874998750000003
7 0.197935040625 0.42234345208333335 0.031640603124999986 0.02812497916666672
7 0.6554054292968751 0.43992156527777776 0.013183585156250021 0.016406238888888838
7 0.661997221484375 0.41765595625 0.021093735156250036 0.01874998750000003
7 0.6507911746093751 0.3883591006944444 0.030322244531250053 0.02109373472222218
7 0.578940637890625 0.4832809104166666 0.018457017968749944 0.0374999736111111
7 0.511045176953125 0.5043746465277777 0.011865225781250021 0.01874998750000003
0 0.44249053632812496 0.5301558784722222 0.014501942968750025 0.018749987499999954
0 0.42798859375 0.52664025625 0.014501943749999935 0.021093737499999952
0 0.46622098906250004 0.525468382638889 0.01186522656250002 0.023437484722222183
0 0.54730003515625 0.5231246340277778 0.015820301562500028 0.014062493055555573
0 0.5749855625 0.5348433743055556 0.04482418749999999 0.02812497916666664
0 0.596079298046875 0.57234335 0.05800777265625001 0.07968744722222228
2 0.45435576289062496 0.5254683819444443 0.014501942968750025 0.028124980555555526
2 0.41876008437499995 0.5184371368055556 0.022412093749999952 0.05156246527777779
2 0.39305209414062503 0.5242965076388889 0.042187471093750026 0.0679687041666667
0 0.349546264453125 0.5465621173611112 0.03955075390624998 0.06093745972222225
0 0.28824259570312505 0.5664839784722222 0.06459956484374998 0.07734369583333331
0 0.51697778984375 0.6215620652777777 0.14238271406249997 0.20156236111111106
0 0.876889651953125 0.7375776104166666 0.24521467578124997 0.4007809736111112
6 0.43231342421874996 0.45947107499999995 0.007016809375000044 0.020790547222222164