0 0.029972668750000004 0.7402648736111112 0.0583360890625 0.17165562222222228
0 0.449891940234375 0.70807944375 0.03721440234374995 0.05364238194444448
0 0.26080254453125 0.69824500625 0.0392259921875 0.051854304166666684
0 0.291479281640625 0.69824500625 0.02212748203124999 0.04827814583333334
0 0.3100864828125 0.705397325 0.02112168750000003 0.0339735083333333
0 0.42826735624999995 0.6991390458333333 0.024139071874999994 0.05006622500000001
0 0.4096601546875 0.7027152069444444 0.01911009843749998 0.05364238333333336
0 0.39256164531250004 0.7062913645833333 0.015086920312500007 0.028609270833333353
0 0.383006595703125 0.705397325 0.016092713281250014 0.02682119166666668
0 0.7687288496093749 0.7849668583333334 0.33492962265625004 0.3576158805555556
6 0.21000991328125 0.5802317680555555 0.008046357812499983 0.044701986111111106
6 0.484088959375 0.5972185208333334 0.007040562499999936 0.02503311111111112
6 0.48911793320312497 0.6490728229166667 0.007040563281250023 0.021456951388888888
6 0.199951966796875 0.6302979895833333 0.012069535156250023 0.023245031944444446
6 0.06668417421874999 0.41304634236111115 0.017098509375000005 0.05006622361111113
6 0.61182488203125 0.3996357486111112 0.01709850937499997 0.055430461111111065
6 0.616350958203125 0.5158609083333333 0.02212748203124999 0.09119205
6 0.67368125390625 0.6195695125 0.012069535937500042 0.019668872222222213
6 0.5504714070312501 0.6088410354166668 0.01106374062500004 0.023245031944444446
7 0.680218919921875 0.5543046152777779 0.03319122421875002 0.10013244722222217