6 0.549555137109375 0.47322837777777776 0.00468028046875002 0.022881374999999968
6 0.38334422148437497 0.4631249152777777 0.004680280468749976 0.022881374999999968
6 0.376908835546875 0.4610447916666667 0.00819049140625001 0.022881372222222276
6 0.37281358828125 0.4641649777777778 0.004680281250000018 0.02496150000000002
6 0.5448139031249999 0.47248547499999993 0.004680279687500022 0.024961497222222247
7 0.21602418750000002 0.4990813465277778 0.01638098437500002 0.0395223708333333
7 0.6161881832031251 0.4980412847222222 0.009360560156250041 0.008320497222222261
7 0.654800499609375 0.48972078750000003 0.009360560156250041 0.0332819972222222
7 0.582256148828125 0.5240428423611111 0.009360561718750039 0.010400626388888886
7 0.584596289453125 0.51676240625 0.009360560156249953 0.012480748611111083
7 0.610337832421875 0.5105220298611111 0.011700700781250007 0.012480748611111163
7 0.7431407968749999 0.3607530527777778 0.015210912499999996 0.03328199722222224
7 0.7448959015625001 0.40131548402777784 0.021061262500000046 0.039522370833333376
7 0.3119699390625 0.5042816604166667 0.016380981249999982 0.012480748611111163
7 0.386854432421875 0.511562095138889 0.014040842968749967 0.010400623611111114
6 0.67644679609375 0.5115620916666667 0.015210912499999996 0.014560872222222245
6 0.38275918515625 0.5261229680555556 0.01287077187500003 0.010400625
6 0.554174466015625 0.5063617854166667 0.009360560156249953 0.0166409986111111
6 0.554759499609375 0.47307978611111107 0.0035102117187499893 0.024961497222222247
0 0.5278478859375 0.5448440909722223 0.005850351562499956 0.018721123611111147
0 0.535453340625 0.5531645888888889 0.011700701562500004 0.018721124999999953
0 0.5617799214843749 0.5531645888888889 0.005850350781250046 0.018721124999999953
0 0.569970411328125 0.5531645888888889 0.010530632031249976 0.018721124999999953
0 0.599807201953125 0.5625251479166667 0.03978238515624995 0.07072424027777775
0 0.5313580957031251 0.558364901388889 0.012870771093750033 0.02496150000000002
0 0.509126763671875 0.5521245256944444 0.0058503523437499535 0.0166409986111111
0 0.502106341796875 0.5521245256944444 0.010530632031250065 0.0166409986111111
0 0.49333081523437505 0.5531645881944445 0.009360561718750039 0.01456087361111113
0 0.47051444726562497 0.5552447125000001 0.012870771093749945 0.0228813722222222
0 0.45705864140625 0.5531645888888889 0.011700703125 0.018721124999999953
0 0.42722185078125 0.5625251493055555 0.01287077187500003 0.020801248611111114
0 0.412595975 0.5604450256944444 0.02574154375000002 0.033281998611111085
0 0.317235256640625 0.5760459631944445 0.03393203359374999 0.039522370833333376
0 0.2979290984375 0.5802062125 0.01638098437500002 0.04784286944444444
0 0.20022823984375 0.5854065236111111 0.03393203437499999 0.07488448888888889
0 0.13938459140624998 0.5916468965277778 0.08073484218749999 0.09568574027777778
0 0.4026503785156249 0.5542046513888889 0.010530632031249976 0.016640999999999986
0 0.051629328515625 0.5947670833333334 0.10179610546875 0.11856710833333331
0 0.244105872265625 0.5874866479166667 0.10062603515624999 0.11648698472222223
0 0.36813330820312495 0.5698055868055556 0.058503508593749975 0.07280436527777773
0 0.44360283515625004 0.5604450243055555 0.024571473437500036 0.029121745833333375
0 0.5179022894531251 0.5614850881944444 0.023401403906250007 0.03952237361111115
0 0.48631039492187506 0.558364901388889 0.018721124218750072 0.02496150000000002
0 0.5530043953125 0.5604450243055555 0.02106126406250004 0.029121745833333375
0 0.65129028828125 0.5708456472222222 0.08892533124999993 0.11648698611111112
7 0.74548093671875 0.508441907638889 0.010530632812499973 0.03744224583333333
6 0.48514032695312503 0.5136422180555555 0.007020421093749984 0.018721125000000033
7 0.293248819140625 0.5011614708333334 0.011700700781250007 0.010400625