0 0.118038878125 0.6437753722222223 0.23607775625 0.5748978361111111
0 0.20955989921875 0.5409182534722222 0.03616070625000001 0.027551015277777757
0 0.23848846484374997 0.5519386583333333 0.021696424999999974 0.031224483333333334
0 0.31545911054687503 0.5491835569444444 0.033061216406249996 0.025714280555555608
1 0.29737875859375 0.5280611138888889 0.052691315625 0.06061223333333332
0 0.46991698710937496 0.5378570347222222 0.009298467968749956 0.01653060833333334
0 0.45390295937499997 0.5387754020833333 0.020663260937500018 0.01469387361111111
0 0.43220653515625 0.5295917277777777 0.018596935937500003 0.03306121666666668
0 0.41464276406249995 0.5406121340277779 0.010331629687499965 0.011020404166666649
0 0.492129992578125 0.5497958076388889 0.022729588281250025 0.04040815416666672
0 0.600612112890625 0.5488774388888888 0.03306121796874999 0.0532652944444444
0 0.7209756074218749 0.5577549826388889 0.13121170546874997 0.1763264930555556
0 0.54688763359375 0.5614284513888889 0.09091834843750002 0.15795915000000002
0 0.37383282421874997 0.5797957958333333 0.10228314218749998 0.12122446388888887