7 0.22331757578125 0.13134452777777778 0.041124864062499975 0.06801011111111112
7 0.223317575 0.2784163916666667 0.04495043281250002 0.07311086944444445
7 0.22427396796875004 0.3617287777777778 0.020084235937500017 0.04590682500000002
7 0.723510690625 0.23505994652777776 0.014345882812499955 0.023803540277777754
7 0.723988886328125 0.27161538194444446 0.017215058593750054 0.035705308333333366
7 0.723510690625 0.30221993263888886 0.012433098437500067 0.0221032875
7 0.5951150390625 0.2265586840277778 0.04590682656249996 0.06801011250000003
7 0.45022162304687496 0.3515272638888889 0.06790384609375 0.07651137500000003
0 0.20705890820312498 0.4016847180555555 0.02390980546874999 0.020403033333333317
0 0.11524525898437502 0.3991343395833334 0.08320612109375 0.0731108680555556
0 0.035864706640625 0.4178371222222222 0.07172941328125 0.07821162777777783
0 0.9800628949218749 0.38723256944444445 0.020084235156249974 0.028904297222222177
0 0.9528057183593749 0.37193029513888887 0.042081255468749926 0.03230480416666666
0 0.960935051171875 0.3812816861111111 0.03156094140625001 0.027204044444444422
0 0.885858264453125 0.3647042222222222 0.009563922656250057 0.02380353888888891
0 0.9006823441406251 0.3596034631944444 0.006694744531249875 0.023803540277777795
0 0.8409078316406251 0.35025207152777776 0.011476705468749949 0.015302276388888893
0 0.8461679894531251 0.3647042201388889 0.01625866640625002 0.03060454861111109
0 0.8055213210937501 0.3655543458333333 0.01912784375000003 0.02890429722222222
0 0.78734986875 0.36810472708333336 0.01912784375000003 0.03060454861111113
0 0.7696566144531249 0.37405561111111113 0.027735374218750053 0.039105813888888834
0 0.39355538671875 0.4097609180555556 0.08320612031249994 0.13431996944444446
0 0.826561949609375 0.3647042208333333 0.02295341328124998 0.03400505555555561