0 0.57789711171875 0.48908054444444443 0.015023617187499916 0.01942447500000005
0 0.520534205859375 0.4927226347222223 0.012292050781250018 0.0364208916666667
0 0.5116566132812499 0.49636472361111117 0.01365783437500001 0.033992833333333375
0 0.47068310898437493 0.5145751701388889 0.010926267968749936 0.04613313194444449
1 0.61135880703125 0.47936830694444443 0.05463133906250004 0.12140297500000001
0 0.493901427734375 0.5157892000000001 0.04370507265625001 0.06798566666666667
0 0.549898550390625 0.5170032298611111 0.06009447265625001 0.10440655972222225
0 0.699451841015625 0.5364277055555555 0.11336002890625005 0.15296774999999999
2 0.24259726874999998 0.4247369680555556 0.48348735000000004 0.84253665
7 0.8886128523437501 0.26205698125 0.030047235937500007 0.041277012499999995
7 0.6680388214843751 0.4210948798611111 0.009560485156249942 0.029136715277777763
6 0.48365805195312495 0.025668050694444444 0.02048675234375006 0.048561190277777784
6 0.515071072265625 0.021332235416666668 0.02048675234375006 0.042664470833333336