7 0.651659044921875 0.24955080763888887 0.02047096484375004 0.02772786527777779
0 0.395284581640625 0.40638655902777776 0.022420580468750017 0.02946085694444444
0 0.380175059765625 0.4115855354166666 0.01949615703124996 0.03639282638888888
0 0.366040346484375 0.41505151875000007 0.02437019609375004 0.04679077638888892
0 0.35093082460937497 0.42025049375 0.02729461953125001 0.05025675972222222
0 0.32412360859375 0.42804895625000006 0.045815968750000026 0.06585368472222221
0 0.29926600859375 0.4401798986111111 0.05458923906250002 0.06931966944444447
0 0.276845428125 0.45317733611111116 0.042891545312500015 0.07798462777777779
0 0.21835695781250003 0.4531773368055555 0.09748078593750001 0.13344036250000002
0 0.16328031406250001 0.4956356333333334 0.0984555921875 0.15250327222222218
0 0.582935091796875 0.42371647708333326 0.07018616484375002 0.10571249583333334
0 0.548329413671875 0.40292057708333334 0.022420580468750017 0.04679077916666669
2 0.484479499609375 0.3985880972222222 0.12282578828124997 0.2287549083333333
0 0.06628693359375 0.5259629881944444 0.1325738671875 0.2720796986111111
0 0.876352253515625 0.5320284604166667 0.24175234609375 0.4401798986111111
0 0.652633853125 0.4393134027777778 0.14134713749999994 0.14383831388888887