7 0.015596925000000001 0.17069968472222222 0.023395387499999996 0.015596924999999985
7 0.3090140875 0.23655337013888886 0.01754654218749998 0.015596926388888911
7 0.7038112640625 0.24955080902777776 0.02339538750000001 0.034659834722222234
7 0.704786073046875 0.2790116673611111 0.011697692968750052 0.013863931944444415
7 0.71404674765625 0.20189353472222218 0.016571732812499997 0.01213093888888888
7 0.631188080078125 0.2876766243055556 0.014622117968750015 0.02772786527777779
7 0.89048696796875 0.23308738611111113 0.012672501562500039 0.029460858333333364
7 0.75450127265625 0.29807457847222224 0.013647309375000027 0.020795901388888892
7 0.15596925546875 0.2911426090277778 0.013647309374999982 0.010397951388888889
0 0.089682322265625 0.4115855361111111 0.14427156171875 0.12997437777777776
0 0.20568445585937498 0.38645715555555554 0.12477540390625 0.08318360277777777
0 0.52005998515625 0.36739424583333335 0.05751366093750008 0.07971761944444443
0 0.619977790625 0.36566125347222217 0.06628693281250006 0.07278565138888883
0 0.5633634015625001 0.35266381597222224 0.02324432187500003 0.032926843055555585
0 0.331922071484375 0.36912723819444443 0.04191673515624998 0.048523768055555534
0 0.36262851757812503 0.3717267270833333 0.019496157031250006 0.03639282638888892
0 0.378712848046875 0.36306176805555557 0.032168658593749996 0.046790780555555536
0 0.27538321640625 0.37605920416666666 0.03801750625000002 0.04159180000000002
0 0.23297907539062504 0.3578627909722223 0.029244235156249986 0.032926843055555585
0 0.424942468359375 0.36323516041666665 0.02159327734374994 0.026341662500000022
0 0.43720131875 0.35612980069444444 0.016571732812499997 0.03639282638888892
0 0.450848629296875 0.3587292875 0.00877327109374999 0.017329916666666712
0 0.48058026796875 0.35179732013888887 0.021445773437499937 0.031193851388888937
0 0.8081567843750002 0.32380363819444447 0.11900871874999996 0.10104515138888893
0 0.9374372171874998 0.32060346875 0.1241195453125 0.11437745416666666
0 0.8705034066406251 0.3249359493055555 0.02144577265625003 0.05025675972222222
0 0.8924365828124999 0.30587303958333334 0.026319810937500066 0.04332479305555555
0 0.75596348515625 0.32926842916666665 0.03606789062500004 0.04852376944444441
6 0.78130848828125 0.2694802118055556 0.008773270312499993 0.032926843055555544
0 0.009748078125 0.3882146236111111 0.01949615625 0.06580473333333331
0 0.57894063828125 0.35648413263888884 0.015820301562499937 0.03046872916666664