6 0.45142844374999996 0.32506579027777777 0.01199013124999997 0.014210527777777789
6 0.530863066015625 0.3588157916666666 0.010990953906250045 0.01776315833333331
6 0.563835928125 0.36325658194444443 0.008992598437499933 0.019539472222222267
6 0.59081372421875 0.3872368444444444 0.010990953124999958 0.014210527777777789
6 0.5003881484375 0.40411184583333337 0.007993421875000007 0.015986841666666703
6 0.46541693046875 0.4094407916666667 0.005995065624999985 0.019539475000000077
7 0.27557317968749995 0.11546052708333333 0.059950657812499974 0.0746052625
7 0.27807112421875 0.20072368402777777 0.06694490156250002 0.08881579027777775
7 0.429946125 0.3135197388888889 0.018984374999999963 0.033749999999999974
7 0.430445713671875 0.3410526340277778 0.019983552343749978 0.0213157902777778
7 0.43144489101562494 0.36059210763888894 0.015986841406250018 0.02486842083333336
7 0.43044571367187495 0.3783552652777778 0.011990132031249967 0.021315788888888913
0 0.24959456171875 0.4600657923611111 0.037968750000000016 0.031973684722222215
0 0.196638146484375 0.46717105625 0.06394736796875003 0.04263157916666671
0 0.11420599218750001 0.4911513194444444 0.09492187656250001 0.09059210555555555
0 0.48839801640624997 0.5089144777777778 0.11990131562500003 0.1936184222222222
0 0.564335516796875 0.4556250027777778 0.03996710546874995 0.06572368611111111
0 0.037369237890625004 0.4645065819444445 0.07473847578125001 0.12256578888888889
0 0.029375816406249998 0.5169078972222222 0.058751632812499996 0.13499999999999998
0 0.7646706328125 0.5804221986111111 0.47061266718749994 0.6137391305555555
0 0.436940368359375 0.43075658125000005 0.012989308593749981 0.02664473750000001