7 0.59641319765625 0.36346142430555556 0.025034332812500004 0.019073776388888873
7 0.61787119765625 0.35286488194444443 0.008344778124999942 0.02331239444444443
7 0.57018675390625 0.4037282875 0.013113221874999947 0.006357925000000048
7 0.58866447578125 0.4217424111111111 0.009536889062500008 0.021193086111111054
7 0.77415693203125 0.4323389541666666 0.011921110937499969 0.021193086111111134
6 0.629673090234375 0.35180522708333334 0.004768444531250004 0.029670320833333364
6 0.716577980859375 0.3592228069444445 0.008344777343750031 0.027551011111111103
6 0.667701426171875 0.4323389541666666 0.008344777343749943 0.021193086111111134
6 0.6363489191406251 0.35074557291666664 0.007152666406250052 0.0317896291666667
0 0.11921110859374999 0.43445826249999997 0.04053177656249999 0.042386172222222185
0 0.16808766328125 0.4365775708333334 0.05245288750000001 0.05086340555555553
0 0.453955905078125 0.43551791666666667 0.08106355390625009 0.04026686388888889
0 0.42474918359374997 0.4418758423611111 0.09179255312500004 0.03602824583333333
0 0.6212090941406251 0.4588303111111111 0.02741855546874996 0.027551011111111103
0 0.6486276492187499 0.46412858263888884 0.025034332812500004 0.03390893749999996
0 0.745546301953125 0.46200927430555555 0.02145799921874998 0.029670320833333284
0 0.8009794675781251 0.47790408888888886 0.02265011015624996 0.027551011111111103
0 0.8973020285156249 0.45988996527777776 0.09179255390624999 0.08901096111111112
0 0.555285365625 0.4556513486111112 0.05960555468750002 0.0932495777777778
0 0.692616540625 0.5022761375 0.0906004421875 0.13563575
0 0.8585584183593751 0.5118130256944444 0.11682688671875 0.12503920694444445
0 0.957503638671875 0.4980375201388889 0.08344777578125004 0.11444266527777781
0 0.970616860546875 0.5202902604166667 0.057221332031249975 0.11656197361111112