6 0.356078951953125 0.24304099722222222 0.010125000781249982 0.02550000000000002
6 0.159485216796875 0.38779098472222223 0.011812499218750005 0.020999997222222157
6 0.14429771796875 0.4177909833333333 0.015187498437500002 0.03000000000000003
6 0.3476414515625 0.27304099375 0.015187498437500002 0.02849999861111109
7 0.51343831328125 0.4095409840277778 0.022781248437499978 0.04649999861111114
7 0.19829771328125 0.45304098055555553 0.020249998437499993 0.02550000000000002
0 0.033207277734375 0.72678498125 0.06300659609375 0.15901194027777782
0 0.37842184492187503 0.5187499618055555 0.012656249218749993 0.019499998611111142
0 0.364078095703125 0.5164999638888889 0.014343749218750012 0.03000000000000003
0 0.35057809687499997 0.5202499625 0.012656248437499995 0.03449999722222227
0 0.334240986328125 0.5282999576388889 0.028687497656250026 0.053999995833333335
0 0.036253515234375 0.6112420638888889 0.07250703046875 0.08316218611111113
7 0.11211301171875002 0.5329310055555556 0.014033618750000022 0.03742298333333333
0 0.680843149609375 0.5536782388888889 0.018711491406249968 0.0360369472222222
7 0.19941205976562498 0.5010088541666667 0.017931846093750002 0.024948655555555553
7 0.129243965234375 0.4393302333333333 0.03352475546875 0.023562619444444502
0 0.301722804296875 0.5412472243055556 0.05145660234374998 0.06514371250000003