0 0.1357308453125 0.5540316479166667 0.06098919062499999 0.02976378472222226
0 0.405398733203125 0.5136379333333333 0.011958663281250014 0.01700787777777772
0 0.386862805859375 0.5242678611111111 0.017937997656250017 0.021259847222222166
0 0.226616696875 0.5465907006944444 0.022721462500000022 0.02338583194444447
0 0.1841634375 0.5487166840277777 0.023917331249999996 0.023385829166666698
0 0.4018111359375 0.5591340118055556 0.055009857812499965 0.08078742083333333
7 0.30135835 0.3518504881944444 0.0358759921875 0.0786614375
7 0.36115167460937503 0.3474501881944444 0.07175198984375002 0.07836476805555555
7 0.420347065234375 0.3816142784722222 0.04663879453124995 0.08716538194444444
7 0.495918261328125 0.4237542270833333 0.02066326015625002 0.03963421805555553
7 0.46826296484374996 0.3949522013888889 0.0273424484375 0.045809705555555524
7 0.25830715781249997 0.4305119305555556 0.03109252968749998 0.057401588888888945
7 0.49746800585937495 0.46377541319444443 0.019630097656250012 0.025714279166666642
7 0.46905602304687505 0.4353060298611111 0.014464282031249987 0.023877545833333298
7 0.011192594140625001 0.48612234166666674 0.01963009765625 0.014693874999999995