0 0.026456437890625 0.6522594541666666 0.05291287578125 0.08874278333333337
0 0.095483416796875 0.6658481930555555 0.08638902578124999 0.10704598055555563
0 0.22887317578125002 0.6877565666666666 0.19218358906249997 0.2617912083333334
0 0.343372164453125 0.7038411965277778 0.04305411640625003 0.07875922083333325
0 0.37800264921875 0.7038411958333334 0.031198634375000013 0.04326210555555553
0 0.40091804921875 0.7007906625000001 0.012136276562499982 0.026068191666666726
0 0.621663992578125 0.7854845625000001 0.32134593671875 0.4248560722222222
0 0.89128908671875 0.8690876534722223 0.216656303125 0.2554313208333334
0 0.4200896144531249 0.7110515465277778 0.012479453906250004 0.023294979166666646
0 0.4397447539062499 0.7110515479166667 0.013103426562499987 0.021076412500000034
0 0.4294492046875 0.7093876208333334 0.007487671874999968 0.01331141944444446
6 0.334605355859375 0.6433851763888889 0.007487672656250011 0.01885784166666661
6 0.41821769687499993 0.6533687368055556 0.007487673437500053 0.01663927083333334
6 0.5152454499999999 0.4459324833333333 0.016223290624999987 0.0321692583333333
6 0.44567249609375 0.6500408833333334 0.004991784374999942 0.009983563888888844
7 0.5916821046875 0.47699245833333337 0.06364521406250008 0.045480677777777756
6 0.46938345703125 0.6949669166666667 0.007487671874999968 0.01331141944444446
6 0.38701906132812497 0.6755544347222222 0.004991780468749996 0.009983563888888844
0 0.40979406484375 0.7066144069444444 0.008111645312499948 0.014420700000000074