6 0.14963300429687498 0.4115855368055555 0.014622117968749992 0.05025675972222222
6 0.05653885507812499 0.4627087902777778 0.015596925781249998 0.04852376944444438
6 0.0497152 0.4471118652777778 0.013647307812499999 0.04159180000000002
6 0.046790776171875 0.5996151368055556 0.01949615546875 0.027727868055555563
6 0.13501088593750002 0.4107190395833333 0.014622115624999998 0.05198975416666664
6 0.4669329578125 0.5017011041666666 0.009748078124999981 0.03985880833333329
6 0.67895366484375 0.6091465916666667 0.008773270312499993 0.022528891666666655
6 0.68870174375 0.5701542784722222 0.014622118750000013 0.045057784722222195
6 0.988455156640625 0.46530827777777783 0.01754654140625007 0.07451864166666672
7 0.967984190234375 0.5354944430555556 0.017546539843749896 0.024261886111111075
7 0.031681254296875 0.5701542784722222 0.020470964843749998 0.017329918055555518
7 0.019008753125 0.5337614513888889 0.022420579687499997 0.010397950000000043
7 0.032168658203125 0.5250964930555556 0.01754654140625 0.013863933333333339
7 0.040941928906249994 0.4809052020833333 0.023395387499999996 0.025994873611111066
7 0.039967121875 0.5441594027777777 0.009748078125000004 0.013863936111111188
7 0.5263962359375001 0.5190310222222222 0.05069000781249997 0.01906290833333328
7 0.579523264453125 0.5857512055555555 0.016571733593749992 0.01386393611111111
6 0.580985476171875 0.6074136 0.011697694531249959 0.01906290833333336
7 0.964084960546875 0.46964075694444446 0.027294619531249963 0.020795902777777778
7 0.9811440964843751 0.44364588194444443 0.020470963281250042 0.02079590000000001
7 0.967496787109375 0.41505151875000007 0.04191673828124998 0.03639282638888888
7 0.9665219781250001 0.36652775 0.03801750468749994 0.03985880833333333
7 0.9635975550781251 0.33186791597222226 0.04191673828124998 0.025994876388888876
7 0.960185727734375 0.2894096173611111 0.03899231328125001 0.05545573750000001
7 0.9928417906250001 0.4003210895833334 0.01072288593750006 0.07971762083333331
0 0.9741893492187501 0.6827987402777778 0.04945301249999989 0.055455736111111126
0 0.75547608046875 0.6585368569444445 0.13842271406250006 0.10051351944444444
0 0.18180166328125 0.65853685625 0.147195984375 0.09358155138888888
0 0.47083218945312505 0.7044611368055556 0.38407428984375 0.2894096180555556