0 0.53881653671875 0.33431683055555556 0.009182285937500012 0.02285368888888889
0 0.54478502265625 0.33594923680555555 0.01193697187499998 0.04244256527777779
0 0.557181108984375 0.34084645625 0.022037485156249925 0.05223700416666664
0 0.571413651953125 0.3498246902777778 0.035810914843749944 0.06039903611111114
0 0.594369366796875 0.36125153472222216 0.04132028515624997 0.09304716111111107
0 0.6335777234375 0.3743107875000001 0.04958434375000005 0.1354897305555556
0 0.672602439453125 0.3906348520833333 0.08906817421874998 0.19425635694444449
0 0.779576069140625 0.41136640694444443 0.2662862898437501 0.2873035222222222
0 0.47255980624999994 0.3393073236111111 0.021119257812499993 0.0359129416666667
0 0.447308520703125 0.3360425083333333 0.03672914296874996 0.07182588055555558
0 0.434912434765625 0.34746935625 0.032138000781250044 0.06529625416666668
0 0.38900100546875 0.35726379236111117 0.07254005781249995 0.10120919583333329
0 0.36696351992187504 0.37766887361111107 0.08172234296875006 0.10937122777777779
0 0.279928546484375 0.41521421875000003 0.14508011640625 0.17466748194444445
0 0.1173292015625 0.4620900298611111 0.234658403125 0.40973400138888894
0 0.9012923578125001 0.5126946277777777 0.19466445937499993 0.3999395611111112