7 0.46985738242187497 0.6082800944444445 0.03899231328125001 0.020795897222222238
7 0.443537569921875 0.6256100131944444 0.040941928906249994 0.02426188472222227
7 0.44889901328125 0.6931966902777779 0.01852134999999997 0.0623877027777778
7 0.453285648046875 0.6490054013888888 0.017546541406249984 0.015596927777777757
7 0.44987382070312504 0.5866176993055556 0.010722886718749968 0.025994876388888834
7 0.360191499609375 0.7139925916666666 0.022420580468750017 0.017329919444444484
7 0.0048740390625 0.6876993048611111 0.0077984625000000005 0.04446096527777775
7 0.305114855859375 0.7243905416666667 0.015596925781250003 0.031193852777777743
7 0.28123206367187503 0.7226575499999999 0.012672502343749992 0.010397950000000043
6 0.16864175742187498 0.5658217986111111 0.013647308593750008 0.06065471111111115
6 0.355317460546875 0.6386074513888889 0.010722886718750014 0.01906290833333336
6 0.2592988875 0.7236000951388888 0.007798464062499999 0.03307894305555558
6 0.22859243984375 0.7261995833333333 0.008773270312499993 0.02787996666666667
6 0.23200426796875 0.7581838798611111 0.007798462500000003 0.00866495694444451
6 0.23980272929687502 0.7668488388888888 0.005848847656250022 0.015596927777777757
6 0.11892655742187501 0.7235240458333334 0.013647310156250004 0.022528891666666735
0 0.252475233203125 0.7954432020833334 0.021445774218750026 0.017329918055555678
0 0.2719713890625 0.8179720958333333 0.056538854687499994 0.04852376944444438
0 0.28951793007812504 0.8508989375 0.062387702343749976 0.07971761944444451
0 0.47229440117187504 0.8301030368055555 0.07506020390625005 0.09011557083333344
1 0.16717954570312502 0.7694483263888888 0.05166481640624998 0.034659833333333265
0 0.36896476992187505 0.8578309027777777 0.15694406328125 0.24261884166666667
0 0.14914560039062502 0.8820927895833333 0.25345003984375 0.2322208930555555
6 0.3566405796875 0.642901842361111 0.008496499999999995 0.05097900138888889