0 0.28156824609375 0.5080263173611111 0.01398848749999999 0.02842105138888892
0 0.269578114453125 0.5106907930555555 0.025978617968750006 0.04085526388888883
0 0.252592094921875 0.51157895 0.023980263281250025 0.04973684166666664
0 0.2121254 0.510690792361111 0.06694490156250002 0.09059210694444443
0 0.15067597578125 0.5249013173611111 0.0679440796875 0.07993420972222225
0 0.072740119921875 0.5364473715277778 0.10391447421875 0.09947368472222225
0 0.055354435156250006 0.6607894763888889 0.11070887031250001 0.3339473694444444
0 0.34701438125 0.5098026340277777 0.0329728625 0.05328947361111105
0 0.38997901953124997 0.5044736868055555 0.018984375000000008 0.03907894861111111
0 0.4084638046875 0.50802631875 0.02597861874999996 0.05328947361111113
0 0.4209535265625 0.5124671083333333 0.024979440625000036 0.06217105277777774
0 0.437439957421875 0.5133552666666666 0.03397203984374997 0.08171052777777782
0 0.473909941015625 0.5151315826388889 0.08293174296875003 0.12078947361111109
0 0.587316602734375 0.5400000027777777 0.17585526484375 0.22736842222222223
0 0.8151291039062499 0.5790789513888888 0.36769737031249994 0.49736842499999995
7 0.56383592890625 0.3623684215277778 0.01898437656250005 0.0213157902777778
7 0.5363585433593749 0.33128289791666665 0.015986841406250018 0.040855262500000024
0 0.9743204421874999 0.7261235333333333 0.045815968750000026 0.2738126916666667
0 0.302190432421875 0.4965021291666667 0.01559692578124996 0.015596924999999985
0 0.37042698124999995 0.48523768333333334 0.011697693750000005 0.017329916666666632