0 0.6882143394531249 0.8240375659722221 0.3275354367187499 0.3483313375
0 0.6058430761718749 0.6516048888888889 0.055564047656250004 0.024261883333333303
0 0.505925272265625 0.6801992520833333 0.023395388281250006 0.02946085972222221
0 0.535169507421875 0.6611363430555556 0.00974807890624998 0.012130941666666692
0 0.5449175855468751 0.6576703597222222 0.009748077343750073 0.008664958333333316
7 0.582447687890625 0.5796857319444445 0.032168658593749996 0.015596925000000065
7 0.559052299609375 0.5788192361111111 0.00877327109374999 0.013863933333333339
7 0.612666731640625 0.5840182104166667 0.012672502343749947 0.010397951388888929
7 0.6594575078125 0.5259629902777778 0.016571732812499997 0.015596924999999985
7 0.64922202578125 0.5536908562499999 0.015596926562500002 0.03639282638888888
7 0.647272409765625 0.5900836833333334 0.007798463281250001 0.012130944444444462
7 0.603893460546875 0.6039476166666666 0.010722886718749968 0.022528891666666655
7 0.56148931875 0.6143455673611111 0.011697693750000049 0.025994876388888834
7 0.721357805859375 0.5372274361111111 0.035093082031249966 0.05545573611111105
6 0.6384991390625 0.4947691388888889 0.009748078124999981 0.03985881111111106
6 0.6579952960937501 0.5892171854166667 0.009748078124999981 0.020795901388888892
6 0.5341946996093749 0.5805522284722222 0.007798463281250001 0.02426188472222219
6 0.5892713437499999 0.6004816333333333 0.004874039062500035 0.015596924999999985
0 0.41380593046875 0.69492968125 0.036067890625 0.038125818055555524
0 0.44353756953124995 0.6923301944444445 0.02144577187500003 0.036392825
0 0.469369977734375 0.6827987395833334 0.024370196093749998 0.03812581805555561
0 0.34703159375 0.7061941284722222 0.05848847031250002 0.046790776388888844
6 0.36896477031249997 0.6134790715277778 0.012672501562499994 0.027727868055555563