0 0.395831803515625 0.6431104138888889 0.01435039921875001 0.027637802777777724
0 0.377893805859375 0.6441734083333333 0.014350397656250014 0.029763791666666605
0 0.3653372078125 0.6409844291666666 0.015546264062500014 0.04889765277777774
0 0.43529539570312503 0.6526773458333334 0.011958664843750012 0.02976378611111114
0 0.449645794140625 0.6562206673611111 0.019133863281250017 0.04251969861111115
0 0.65952036015625 0.6923624083333334 0.020329728125000023 0.03401575555555551
0 0.612283634375 0.6785435062499999 0.07414372343749998 0.0616535597222222
0 0.043051193359374997 0.6317718416666667 0.07414372265625 0.07866143888888888
1 0.33105571367187503 0.6207875729166668 0.060989189843750014 0.1275590930555556
0 0.41416843437499995 0.6420474194444444 0.014350398437500012 0.02976378611111114
0 0.46638792460937495 0.6672049347222223 0.031092530468750025 0.06165356388888886
0 0.30016248398437495 0.6533860291666667 0.06696852109375002 0.08929136111111112
0 0.14649364296875 0.6810238326388889 0.1566585078125 0.14031499861111107
0 0.010762798046875 0.6491340576388889 0.02152559609375 0.06377954583333331
7 0.2296063625 0.5754332416666667 0.014350396875000015 0.021259844444444474
7 0.4329036640625 0.42661430625 0.019133862499999932 0.029763795833333342
7 0.590359420703125 0.5042127472222222 0.026309061718749936 0.014881894444444457
7 0.552689626953125 0.5392914999999999 0.015546266406250009 0.012755911111111119
7 0.540730963671875 0.5562993777777778 0.022721461718750023 0.012755911111111119
7 0.5467102949218751 0.5775592284722222 0.01793799609375002 0.02551181805555558
7 0.49469010546875003 0.6250395430555555 0.009566932812500007 0.017007880555555487
7 0.029896662890625002 0.47940958055555555 0.03109252734375 0.05740158888888887
6 0.20568903242187497 0.4269686298611111 0.014350397656249968 0.053149623611111155
6 0.389852470703125 0.4375985541666667 0.009566932031250008 0.04889765277777774
6 0.22263048046875 0.42732295277777776 0.017937996875000018 0.05527560555555561
6 0.404402184765625 0.43582689444444445 0.014749032031249953 0.05527561111111115
6 0.380285537109375 0.43795287569444447 0.009566932031250008 0.04677166527777775
6 0.006577265234375 0.5244096076388889 0.01315453046875 0.042519698611111066
6 0.49349423671875003 0.6431104138888889 0.009566932812500007 0.023385833333333356
6 0.588530733203125 0.58464583125 0.014350397656250014 0.029763787500000027