6 0.44644561132812494 0.4938277770833333 0.006591791406250014 0.02109373472222218
6 0.49654323359374997 0.4926559027777778 0.006591792187500012 0.018749986111111068
7 0.38975619765624997 0.5020308972222222 0.011865226562499975 0.018749988888888916
7 0.687046032421875 0.4574996784722222 0.013183585156249933 0.01874998750000003
0 0.45831083828125 0.5676558527777777 0.014501943750000024 0.028124980555555526
0 0.6376075898437501 0.5582808597222222 0.02768552812499996 0.0656249555555555
0 0.6646339386718749 0.5606246076388889 0.05800777265625001 0.07968744583333331
1 0.583554892578125 0.5407027451388889 0.02768552734374996 0.03515622638888887
1 0.5565285433593751 0.5313277520833334 0.03164060390625005 0.07734369861111116
0 0.6026710906250001 0.5500777395833333 0.04482418749999999 0.06328120694444439
0 0.72461924921875 0.56296835625 0.10151360312499999 0.10312492916666668
0 0.501816667578125 0.588749588888889 0.08833001796874998 0.1453124027777778
0 0.422715159765625 0.5852339659722222 0.03559567890624997 0.053906212500000016
0 0.31197304765625 0.6297651847222222 0.080419865625 0.1054686777777778
1 0.09303490742187501 0.5875777138888889 0.18606981484375001 0.3539060055555556