6 0.51186049296875 0.2161135888888889 0.007197864062499981 0.021327000000000023
6 0.562845350390625 0.20971548819444447 0.008397505468750044 0.025592401388888873
7 0.60747275625 0.21184818888888884 0.017513482812500047 0.03412319999999999
0 0.52985515 0.2651656888888889 0.00959715000000001 0.017061600000000017
0 0.519658176953125 0.26623203958333336 0.01319608203125 0.019194301388888887
0 0.5076617398437501 0.2694310875 0.010796795312500062 0.021327000000000023
0 0.5004638757812501 0.2736964895833333 0.013196081250000002 0.025592401388888873
0 0.48966708203125 0.27689553888888885 0.015595368750000027 0.02772510000000001
0 0.4794701101562501 0.25983393958333334 0.016795012499999994 0.019194301388888887
0 0.4722722484375 0.2800945902777778 0.02399287499999998 0.04691940277777778
0 0.45727670078125 0.2832936388888889 0.02279323125000001 0.0575829
0 0.433974281640625 0.2864926895833333 0.05020377265624996 0.08530800138888889
0 0.3427107234375 0.3035542909722222 0.13436009999999995 0.17061600138888885
0 0.14376355546875 0.34407558958333334 0.2875271109375 0.3838859986111111
0 0.552648379296875 0.2704974388888889 0.014395725781250058 0.0191943
0 0.564044994921875 0.2672983875 0.01559536796874994 0.0383886
0 0.5724425 0.2715637895833333 0.017994656249999963 0.038388598611111116
0 0.5862384046875 0.27156378819444443 0.035989314062500014 0.04691940138888889
0 0.6102312789062501 0.2790282402777778 0.035989314062500014 0.05758290277777777
0 0.622227716015625 0.2939571395833333 0.04078788828125006 0.07890990138888887
1 0.74819031171875 0.2971561909722222 0.225533025 0.2772509986111111