0 0.075971685546875 0.40774055138888887 0.09014170859375 0.08498208333333332
0 0.5280460144531249 0.36282145 0.05189977109374997 0.07284178611111108
0 0.89612466171875 0.3664635409722222 0.20623330468750006 0.23552177361111112
0 0.65164941953125 0.3701056291666666 0.06419182343749999 0.06798566666666667
0 0.611358806640625 0.3603933902777778 0.04643663828125 0.06798566666666667
0 0.5888233796875 0.35189518125 0.036876153124999964 0.06555760694444442
0 0.47042703515625 0.3610871277777778 0.027827817187499982 0.04717371388888887
0 0.43602637421875007 0.34842654027777775 0.016389401562499996 0.016996416666666646
0 0.451049991796875 0.3411423604166667 0.010926269531250022 0.026708656944444444
6 0.4352438875000001 0.29622325972222224 0.010926268750000023 0.03399283333333333
6 0.5035330609375 0.2634444576388889 0.00819470156250004 0.026708656944444444
6 0.504215953125 0.3107916166666667 0.012292051562500017 0.01942447777777778
7 0.201694913671875 0.26951460555555556 0.03277880234374999 0.014568355555555555
7 0.5369947558593751 0.2598023666666667 0.028681452343750014 0.014568355555555555
7 0.5192395710937501 0.3059354958333333 0.012292051562500017 0.009712236111111099
7 0.15457538359375 0.11654685694444444 0.05326555468750001 0.09226626111111114
7 0.366271821484375 0.3192898236111111 0.015023617968750003 0.016996416666666687