7 0.6716426058593751 0.16896669305555553 0.03119385078125001 0.08491659444444442
7 0.688701743359375 0.25908226319444444 0.02047096484374995 0.019062909722222247
7 0.6755418375 0.2885431229166667 0.033143467187499984 0.019062906944444437
6 0.46205891953125 0.09011557013888889 0.015596926562500002 0.09011557083333331
6 0.6960128019531251 0.3760592034722222 0.021445772656249938 0.038125818055555524
6 0.38699871484375 0.41505151875000007 0.00584884687499998 0.019062906944444475
6 0.44061314648437494 0.09358155208333332 0.025345003906250073 0.0831836013888889
6 0.38212467617187496 0.4141850222222222 0.0019496148437500248 0.024261883333333303
6 0.348006401171875 0.4661747743055556 0.005848847656250022 0.013863934722222224
6 0.49763940546874996 0.4601093027777778 0.006823654687500014 0.015596927777777757
0 0.06433731796875 0.5034340958333333 0.1247754046875 0.07798462777777779
0 0.22323099609375002 0.5172980305555555 0.11892655625000001 0.12304241388888887
0 0.44207535781249996 0.5207640131944444 0.1257502109375 0.19236208194444443
0 0.562464126953125 0.5034340972222222 0.07408539609374998 0.09184856388888889
0 0.99381659921875 0.5268294847222222 0.010722885937499881 0.06931966944444447
0 0.514698542578125 0.4991016173611112 0.02924423515625003 0.04852376805555557
0 0.373838808984375 0.4991016173611111 0.028269427343749997 0.045057784722222195
0 0.28903052617187497 0.49823512152777777 0.03021904296875002 0.060654709722222186
0 0.32656062812500003 0.5103660618055555 0.04874039218750004 0.053722743055555515