0 0.065059949609375 0.6822971833333333 0.13011989921875 0.23351347499999994
0 0.9275638730468749 0.7032769083333333 0.1438662335937499 0.36668912777777785
0 0.136790083203125 0.6667904284722221 0.19805317578125 0.16236483749999994
0 0.160392275 0.6467228652777778 0.22678627968750004 0.16236483888888892
0 0.813044192578125 0.66314178125 0.23704810234374998 0.2754729263888889
0 0.6914415937499999 0.6220944902777777 0.12108950624999996 0.17878375277777772
0 0.6190957445312499 0.6202701645833333 0.05233529531250003 0.10581079305555553
0 0.5939542796875 0.6275674611111111 0.028733103124999992 0.06567566388888887
0 0.582153184375 0.6102363840277778 0.04002110937500003 0.09668917361111108
0 0.568812814453125 0.6102363833333333 0.04617820234375003 0.07844593055555554
0 0.55598553671875 0.6084120597222222 0.03283783281249999 0.052905394444444434
0 0.542645166796875 0.6074999 0.02873310390624999 0.047432424999999986
0 0.376403640625 0.6175336798611112 0.036942560937500035 0.0711486347222222
0 0.39744037734375 0.6166215180555555 0.02770692031249995 0.058378369444444425
0 0.40718910820312504 0.6147971944444445 0.02462837421874995 0.06567566388888887
0 0.42822584453125 0.6138850319444444 0.025654556250000037 0.052905397222222206
0 0.44464476054687496 0.6147971944444445 0.01334036953125004 0.03648648055555555
0 0.4569589484375 0.6038512513888888 0.01539273437500004 0.025540536111111106
0 0.521095338671875 0.606587736111111 0.020523646093749993 0.03831080555555554
0 0.485178959765625 0.6093242222222222 0.049256749218750076 0.09486484999999997
0 0.33176471289062504 0.6330404354166667 0.07901603515624997 0.09851349583333331
7 0.7496680597656249 0.46101530069444446 0.019775377343750032 0.02578123194444449