6 0.182612905078125 0.24355559097222224 0.009871347656250019 0.03983183472222222
6 0.3429583765625 0.25792020486111106 0.014691657812499991 0.029383312500000022
7 0.3783101765625 0.27097945625000003 0.028465085937500013 0.0195888763888889
7 0.12166528632812498 0.24404475416666666 0.04774788515624999 0.027750908333333355
6 0.05693017265625 0.31587063541666666 0.021119256249999996 0.031015720833333305
6 0.13360225859375002 0.32892988472222223 0.01652811406250001 0.017956469444444463
7 0.41349503554687506 0.3133710125 0.011936971093749981 0.014691658333333319
6 0.41395415 0.3321436840277778 0.009182285937500012 0.016324062500000024
7 0.39880337812500005 0.3296950736111111 0.015609885937500012 0.027750908333333317
6 0.35703787734375003 0.33328296319444445 0.008264056249999995 0.02122128194444445
6 0.345253948828125 0.31995164930555553 0.010100514843749986 0.016324062499999986
6 0.2924558046875 0.31995164930555553 0.007345829687500016 0.016324062499999986
7 0.49722078007812504 0.29954656736111107 0.014691657031250038 0.02122128194444445
0 0.337514592578125 0.3681076368055555 0.014691657031249994 0.02122128194444449
0 0.32098647812500003 0.3648428236111111 0.01836457187499998 0.021221283333333375
0 0.333382564453125 0.3681076368055555 0.008264058593750035 0.02122128194444449
0 0.29894899179687495 0.3583132 0.014691657031249994 0.014691655555555547
0 0.30629482070312497 0.36647522986111114 0.02203748671875001 0.024486095833333367
0 0.291603163671875 0.3697400416666667 0.016528114843749987 0.021221280555555527
0 0.24333057499999997 0.3726783805555556 0.020201029687500018 0.03754534722222225
0 0.223129546875 0.3718621777777778 0.031219771875000024 0.04244256388888886
0 0.04612951093749999 0.39830715555555557 0.089068171875 0.11100363333333334
0 0.018582653515625 0.42116084513888885 0.03581091484375 0.10447400694444448
0 0.354195202734375 0.37137244861111113 0.025710400781249997 0.044074972222222224
0 0.5144260898437499 0.41707982986111114 0.11661503125000001 0.1518137930555556
0 0.698145898046875 0.46844961805555557 0.27822326171875 0.2693470527777778
6 0.19148316445312502 0.24481865833333333 0.007869171093749983 0.027979274999999977