0 0.15296704296875002 0.6070708604166667 0.2659957140625 0.29440672361111114
0 0.41424347656250005 0.555969175 0.06263770000000002 0.07932201666666666
0 0.530509343359375 0.5605454444444444 0.09610167578125006 0.1433898
0 0.46315236601562493 0.5384268062500001 0.036896180468750026 0.053389820833333344
0 0.7548895980468749 0.5910539138888888 0.11583684296874992 0.13728811111111103
0 0.856139578515625 0.6818166076388888 0.28573087734374997 0.6177964930555556
0 0.380779498828125 0.5262234180555555 0.019735164843749996 0.028983044444444456
0 0.364476536328125 0.5285115527777778 0.02145126796875001 0.0396610111111111
0 0.51206125390625 0.5056302006944444 0.016302962500000007 0.015254237499999984
0 0.599582425 0.5140200298611112 0.02145126718750001 0.02288135138888884
0 0.585853612890625 0.5124946069444445 0.01801906328125007 0.022881352777777805
0 0.5759860308593749 0.511731895138889 0.013728811718749956 0.015254231944444443
0 0.67380380859375 0.5529183291666667 0.09266947187500003 0.09762710000000002
9 0.6416269078125 0.5422403618055556 0.02659957187499993 0.08847455972222215
0 0.49361316523437504 0.5346132465277778 0.022309319531249993 0.03966100972222222
7 0.42110788164062496 0.4880878319444444 0.02488346953124996 0.03203389444444448
0 0.280816594921875 0.4949522375 0.025741521093750032 0.030508472222222197
6 0.818385349609375 0.4354607222222222 0.014586863281250117 0.02135592499999998
6 0.70769681015625 0.4171556409722222 0.011154659374999997 0.021355929166666638
6 0.80851776484375 0.4873251194444445 0.012012709375000163 0.018305080555555502
6 0.8797359730468749 0.41563021875 0.013728811718750044 0.021355926388888866
0 0.62446589375 0.5208844333333333 0.016302962500000007 0.02135592499999998
7 0.65192351640625 0.4873251194444445 0.009438557812500026 0.018305080555555502
7 0.64291398359375 0.4758844409722222 0.010296607812500014 0.013728809722222164
7 0.626181994921875 0.4934268131944445 0.01115465859375 0.018305081944444464
7 0.847559072265625 0.4804607138888889 0.014586863281250117 0.028983041666666685
7 0.549815484765625 0.4392742819444444 0.012870761718750057 0.025932199999999975
7 0.5390898507812499 0.43698614444444445 0.013728810937500047 0.027457622222222255
7 0.5425220539062501 0.4751217326388889 0.015444912500000019 0.021355929166666638
6 0.30312591328125 0.4865624083333333 0.008580507812499994 0.0167796583333333
6 0.820530476171875 0.4156302159722222 0.006864407031249975 0.015254237499999984
7 0.2555041 0.3271556583333333 0.03689617968749999 0.07627117222222227
7 0.488464860546875 0.4674946159722222 0.005148303906250007 0.015254234722222215
7 0.5077710003906251 0.46673190277777776 0.007722455468750056 0.013728808333333358
7 0.52364493828125 0.4667319020833333 0.010296606250000017 0.016779659722222263
7 0.5592540414062499 0.4659691902777778 0.007722456250000054 0.01830508055555558
7 0.58628263828125 0.4865624062500001 0.010296610937500006 0.013728809722222242
7 0.48117142968749993 0.46825732499999995 0.007722454687500058 0.01983050555555563