7 0.8044455949218751 0.27113440763888885 0.06384867578124993 0.032834395833333356
7 0.8114460875 0.32761458541666666 0.02594988906250011 0.07526984305555556
7 0.4064912875 0.41988084999999997 0.013657834374999966 0.031564772222222204
7 0.38054139960937505 0.3907441368055556 0.019120967968750024 0.04613313194444449
0 0.41332020390624996 0.47572621944444443 0.0163894 0.031564774999999975
0 0.397613692578125 0.47936830902777783 0.02868145234374997 0.058273429166666724
0 0.38190718437500004 0.4866524840277778 0.04097350625000003 0.05827342916666664
0 0.37507826679687495 0.49515069375 0.035510371093750014 0.06555760694444446
0 0.324544276953125 0.4975787527777778 0.08467857578125004 0.11897491388888892
0 0.261035344921875 0.5000068131944444 0.015023617968750003 0.0364208930555555
0 0.24669461875 0.509719051388889 0.030047235937500007 0.026708652777777786
0 0.44746478984374993 0.48422442708333335 0.05463133749999995 0.10683462083333334
0 0.5239486660156251 0.5534241229166666 0.15296774921875 0.22580953194444442
0 0.11446971679687501 0.5570662118055556 0.22893943359375002 0.42733847638888894