0 0.10527924765624999 0.5926831687499999 0.1228257890625 0.0693196652777778
0 0.175465412109375 0.5753532548611111 0.019496157031250006 0.031193851388888857
0 0.22859243984375 0.5788192368055556 0.03801750625000002 0.0415918013888889
0 0.25393744414062497 0.5788192368055556 0.022420580468749972 0.027727868055555563
0 0.378712848046875 0.5736202604166667 0.028269427343749997 0.024261881944444418
0 0.48837873085937494 0.5701542770833333 0.013647310156250026 0.024261881944444497
0 0.5049504644531251 0.5736202618055556 0.023395388281250006 0.04505778472222228
0 0.521522197265625 0.5770862451388888 0.01949615703124996 0.045057784722222195
0 0.557102684765625 0.5779527402777778 0.05166481796875004 0.08145061111111115
0 0.435251701953125 0.5900836826388889 0.10430443828125 0.1784981486111111
0 0.17156618046875 0.6143455666666666 0.09943040156249998 0.07451864444444449
0 0.280744659765625 0.5918166743055555 0.046790775781250016 0.05372274305555559
0 0.306089664453125 0.5874841944444444 0.013647310156249981 0.05198974999999998
0 0.32948505234375 0.5840182125 0.023395389062500004 0.03812581944444449
0 0.34459457265625 0.5762197493055555 0.01657173125 0.04332479305555555
7 0.979681885546875 0.2625482451388889 0.03899231484375001 0.07798462361111112
7 0.610229711328125 0.5060335840277778 0.011697694531250047 0.02426188472222227
7 0.970421211328125 0.35006432916666663 0.026319811718749975 0.04159180277777775
0 0.9713960195312499 0.5996151368055556 0.051664817187499955 0.05545573472222224
0 0.9187563941406249 0.5883506909722223 0.09260674609374994 0.04679077638888892
0 0.8695285976562499 0.5874841958333333 0.08188385937499998 0.04505778611111116
0 0.8295614765625 0.5840182125 0.060438085937499955 0.03812581944444449
0 0.7910565667968751 0.5788192368055556 0.05361443359375011 0.0415918013888889
0 0.75401386796875 0.5710207743055555 0.057513662499999986 0.04332479305555555
0 0.727206653125 0.5727537645833334 0.04679077656250001 0.02946085694444452
0 0.713559342578125 0.5692877819444444 0.040941928906249994 0.02599487222222226
0 0.69260097421875 0.5710207722222223 0.032168659375 0.02599487222222226
0 0.673104816796875 0.5675547916666667 0.02047096484374995 0.022528891666666655
0 0.657507891796875 0.5692877833333333 0.014622117968750015 0.01906290833333328