7 0.419761130078125 0.25295164791666663 0.01091503671874996 0.029106765277777787
7 0.45172659648437496 0.22523091874999998 0.01091503671874996 0.006930181944444453
7 0.023311401953124998 0.19473811805555555 0.01169468359375 0.020790547222222244
7 0.173393157421875 0.23839826388888888 0.006237163281249991 0.011088291666666647
0 0.2966551078125 0.2998458798611111 0.00857610000000002 0.011088290277777801
0 0.288468830859375 0.2956877736111111 0.0077964539062499675 0.008316219444444467
2 0.27365556601562496 0.2866785347222222 0.015592910156249973 0.012474327777777777
0 0.285350249609375 0.303310975 0.006237163281249991 0.009702255555555558
0 0.322383410546875 0.30123191805555555 0.007016808593750002 0.011088291666666687
0 0.32862057382812504 0.30261795694444443 0.01169468203124997 0.008316219444444467
0 0.32940021953125004 0.31301323125 0.014813264062500008 0.015246401388888881
0 0.367992671875 0.31162719375 0.018711492187499967 0.029106765277777787
0 0.379687353125 0.3150922847222222 0.015592909374999974 0.030492802777777762
0 0.396839554296875 0.3116271923611111 0.02806723828124995 0.040195056944444474
0 0.258452480859375 0.29707380972222225 0.016372557031250023 0.008316219444444429
0 0.24714762031250004 0.31162719375 0.01715220156249999 0.023562620833333308
0 0.20543658671875004 0.3137062493055555 0.030406173437500007 0.05266938472222221
0 0.190233499609375 0.3192503930555555 0.035863692968749986 0.0526693861111111
0 0.14618352890625 0.3199434111111111 0.06471057499999999 0.0845482194444444
0 0.114997709765625 0.33449679375 0.07094773984375 0.08316218749999997
0 0.054185361328125 0.34142697708333336 0.08654064921875 0.11365498472222223
0 0.46427888984375 0.3310317034722222 0.04288050156250005 0.0762320069444444
0 0.49663417695312495 0.33865490416666666 0.05613447578124999 0.09979462499999998
0 0.526650528125 0.3539013048611111 0.05535482968750003 0.13305949583333332
0 0.26975733828125004 0.31694033055555554 0.03430439999999999 0.03880902222222223
0 0.308739613671875 0.3030799666666667 0.014033619531249996 0.019404511111111116
0 0.348891356640625 0.3141682576388889 0.02572830078125001 0.036036948611111085
0 0.405545600390625 0.31555429375 0.036643338281250014 0.04158109305555557
0 0.653830211328125 0.3429450055555555 0.23545293984374993 0.2688910666666666
0 0.013163476562500002 0.3436380236111111 0.026326953125000004 0.14276175555555554