7 0.438906744921875 0.39210883541666663 0.02215683359374996 0.04655173472222221
7 0.45904932226562495 0.38942315972222225 0.022156835156250044 0.044761283333333304
0 0.38855030234375 0.43239399027777775 0.010071289062500011 0.016114061111111116
0 0.39610376914062495 0.44224147291666666 0.015106932031249975 0.01790451250000002
0 0.40970000859375 0.4511937284722222 0.014099806249999958 0.021485415277777756
0 0.28078751406249997 0.4646221131944445 0.04229941250000002 0.03759947638888887
0 0.46257427421874997 0.4511937298611111 0.01309267656249995 0.01432360972222221
1 0.637311130078125 0.44492715000000005 0.040285152343750054 0.048342186111111116
1 0.696228169140625 0.4431366986111111 0.06949189140625008 0.04118038055555549
1 0.73500263046875 0.4556698583333334 0.07251327812500001 0.03759947777777776
0 0.867440076171875 0.5792109972222222 0.26286063359374995 0.4816314027777778
6 0.402650107421875 0.42165128263888885 0.010071288281250012 0.008952256944444454
6 0.38754317265625 0.3804709027777778 0.004028515624999995 0.016114061111111116
6 0.40113941250000007 0.3786804513888889 0.0030213843750000356 0.016114061111111116
6 0.41322495898437506 0.38315657986111107 0.005035642968749965 0.014323609722222288