0 0.34703673906250004 0.5910508256944443 0.019356631250000023 0.02647060694444442
0 0.3247021640625 0.5963449472222223 0.040202232812500016 0.06882357222222224
0 0.74086972578125 0.6307567354166667 0.17867659218749993 0.21176485138888887
0 0.89944520234375 0.6545802798611111 0.19505527812499998 0.3282355180555555
2 0.39989523085937495 0.5725214034722221 0.05360297734374995 0.12176479027777773
0 0.4959338984375 0.5778155215277778 0.174209678125 0.28588254861111106
0 0.2383418109375 0.69306828125 0.21292293906250004 0.29361249027777775
7 0.20781789374999998 0.5222272479166666 0.03573531874999998 0.05823533472222222
7 0.577827336328125 0.48119780833333337 0.016378686718750046 0.03441178888888885
7 0.342463469921875 0.4910297479166667 0.029779432031250018 0.03705885138888887
0 0.2955388921875 0.5485936423611111 0.03147668437500002 0.02331606250000004