0 0.38726920078125 0.5924363493055556 0.024934040625000042 0.03799473472222227
0 0.35046180625 0.5998242125 0.04393140625000003 0.06543536666666662
0 0.31068607578125 0.6156553499999999 0.047493412499999985 0.07598945277777784
0 0.29168871015625 0.6314864902777778 0.04274407031250003 0.07387864444444447
0 0.25428764648437496 0.6335973041666667 0.05817942890625001 0.09498682222222223
0 0.20422166796875 0.6525946645833334 0.07598945937500001 0.1118733680555555
1 0.119327196484375 0.6620933493055556 0.16741427734374997 0.19419528194444446
0 0.469986898046875 0.5294636118055556 0.010686019531249969 0.018997359722222187
0 0.46908344140625 0.6063988819444445 0.05207074999999994 0.08469258333333332
0 0.4687995628906251 0.5558488416666667 0.015435361718750063 0.021108180555555595
0 0.49492093906250006 0.5600704770833334 0.015435357812499984 0.02532982083333337
0 0.503430165625 0.5783642152777778 0.009498685937500006 0.037994736111111156
0 0.511741510546875 0.5889183027777777 0.016622692968749943 0.04643800000000001
0 0.5253958675781251 0.5941953520833333 0.027308713281249997 0.06121372916666669
0 0.444459192578125 0.5160950722222222 0.00949868515625001 0.018997366666666692
0 0.4351583847656251 0.5326298423611111 0.013060689843749973 0.025329820833333294
0 0.4209103625 0.5579596604166667 0.015435357812500073 0.025329818055555602
2 0.45672831523437496 0.5111698402777778 0.014248024218750021 0.027440636111111083
0 0.030219248046875 0.7008047208333333 0.06043849609375 0.2343269277777778
0 0.950011827734375 0.771980923611111 0.09883601953124987 0.24158696111111103
0 0.805069488671875 0.7028274666666666 0.24329141171875007 0.3303010666666667
7 0.667519899609375 0.4673351673611111 0.04274407265625006 0.07598945416666665
0 0.54547315703125 0.6047050333333333 0.04668678593750002 0.06775406666666671