0 0.48234755625000003 0.4102042645833333 0.019802304687499994 0.033673484722222154
0 0.47589028359374996 0.41785733125 0.017219396875000025 0.04285715972222227
0 0.465128160546875 0.4193879423611111 0.023246185156250033 0.05204084027777777
0 0.43413324921875 0.41862263680555556 0.05940691406250007 0.08724493750000006
0 0.413039490234375 0.4408165263888889 0.04304848984374998 0.08877555000000004
0 0.360520333203125 0.4446430569444445 0.10848219140625001 0.1423470027777778
0 0.257634444921875 0.4997451215277778 0.17822074453125 0.21887765138888887
0 0.11541776953125 0.511793382638889 0.22987892968749998 0.5387757541666667
0 0.542267458203125 0.4061226347222222 0.009470667968750046 0.0153061305555555
0 0.55001618671875 0.4099491673611111 0.011192607812500022 0.026020420833333367
0 0.5591998683593751 0.41250018402777777 0.012914546093750002 0.035204095833333324
0 0.5703924746093749 0.41632671597222226 0.012914546093750002 0.05204084027777777
0 0.593638659765625 0.4125001847222222 0.05079721796875001 0.07806125833333337
0 0.598373992578125 0.4301022347222222 0.018941335156250006 0.06734696666666669
0 0.6431444203125001 0.4017858951388889 0.0774872796875 0.07193880972222218
0 0.6521846042968751 0.4538267347222223 0.04735333671875006 0.13316332499999997
0 0.795966556640625 0.4339287666666667 0.27637129765625 0.3198981027777778
0 0.8949780796875 0.5812211041666667 0.2074937156249999 0.43693167777777775
0 0.51572089453125 0.4262757034722222 0.04993624687500002 0.06887758194444445
6 0.49491412109374994 0.34744913541666667 0.006026789062500005 0.01836735416666665
6 0.523243620703125 0.3428572979166667 0.006887758593749993 0.015306129166666654