0 0.5112595140625 0.373160825 0.022385214062499957 0.04438777500000002
1 0.46735005507812505 0.4198445173611111 0.04132654921874997 0.07959187083333334
0 0.44324290195312505 0.44043822083333334 0.013775516406249988 0.04285716111111115
0 0.4897352695312501 0.45804026875 0.05854594531249999 0.08112248472222221
0 0.015340924609375 0.44503005833333337 0.029272972656249997 0.03061225833333331
7 0.148360754296875 0.2904381513888889 0.016358425781249998 0.045918388888888884
6 0.102298871484375 0.3149279583333333 0.01549745546875 0.04285716111111112
6 0.5568909132812501 0.2674789576388889 0.015497456249999963 0.06428574305555558
7 0.5004973925781251 0.006002873611111111 0.05424109609374996 0.012005747222222222
7 0.127697480078125 0.30129158958333335 0.012914547656249997 0.012244904166666654
2 0.3007524046875 0.4145569458333333 0.2815371171875 0.5295920722222222