0 0.37491169609375 0.5387393749999999 0.014179195312500026 0.012603722222222223
0 0.40208848515625 0.5303368909722223 0.007089596874999993 0.015404556944444418
0 0.4241450109375 0.5275360597222222 0.011815996874999967 0.012603727777777844
0 0.4135106125 0.536638754861111 0.011028260937500001 0.016804970833333342
0 0.317407183984375 0.5674478694444444 0.018905592968750006 0.02240662777777776
0 0.344977839453125 0.5443410333333334 0.017330127343750012 0.0350103583333333
1 0.274441885546875 0.5507348020833334 0.07010824140625002 0.08822610138888894
0 0.12674193984374998 0.6305584194444445 0.0598677109375 0.05741698611111106
0 0.494219403515625 0.5941476458333332 0.13785328203125005 0.18625510000000003
0 0.37700187539062496 0.5654689854166667 0.02914612421874998 0.040612015277777795
0 0.01821820859375 0.6693250451388889 0.0332526921875 0.0953741541666667
7 0.414025327734375 0.44306005138888893 0.04332531640624997 0.04201243055555553
7 0.458532245703125 0.4331298361111111 0.045688516406250025 0.030809116666666685
7 0.460107712109375 0.4674399840277778 0.042537585156250036 0.021006215277777802
7 0.414025330859375 0.4786433013888889 0.03859892109375003 0.01820538333333338
7 0.60977698984375 0.4079223763888889 0.015754659375000025 0.033609944444444456
7 0.542819682421875 0.4359306659722222 0.01575466171874993 0.025207456944444494
7 0.547152212109375 0.508051998611111 0.033872519531249964 0.01820538333333338
2 0.4426350230468749 0.5166143159722222 0.016742130468750015 0.021259848611111132
7 0.36490370234374997 0.8333860576388888 0.007175198437499963 0.01700787916666668