0 0.438439134375 0.4698355277777777 0.01199013124999997 0.019539472222222225
0 0.39647367421875 0.48315789722222224 0.025978618750000005 0.05328947500000002
0 0.6497652046875 0.5515460569444445 0.1468791140625 0.1758552638888889
0 0.28606454531250003 0.4698355291666666 0.07893503281249999 0.062171052777777826
0 0.3560069796875 0.4822697402777777 0.05695312500000003 0.09769736944444445
0 0.4599214546875 0.4707236868055555 0.022981087500000007 0.0248684208333334
0 0.505384036328125 0.48582237152777785 0.03397203984375006 0.04440789305555555
0 0.7591751562500001 0.6243750034722222 0.2358059218750001 0.2646710541666667
7 0.5353593652343751 0.41032895 0.011990132031249967 0.010657894444444416
7 0.69722614296875 0.38101973888888885 0.0219819078125 0.06927631666666668
6 0.08023395156249999 0.34194079027777774 0.0209827296875 0.030197369444444455
6 0.11020928085937501 0.3419407916666667 0.01099095390625 0.033750000000000016
6 0.678741356640625 0.39967105625000005 0.014987664843750003 0.042631579166666635
6 0.08772778437499999 0.01953947361111111 0.019983553125000008 0.03907894722222222
6 0.1097096921875 0.027532895833333335 0.025978618749999995 0.05506579166666667