0 0.19371817460937502 0.4799587576388889 0.13603322578125002 0.16836742361111107
0 0.28971630234375 0.4776628395833334 0.06801661249999999 0.0964286152777778
0 0.330181882421875 0.4799587555555555 0.03702170234375002 0.07653064722222219
0 0.351706128125 0.47689753125000006 0.02496812343749997 0.06428574305555554
0 0.36419018828125005 0.4746016104166666 0.01721939687499998 0.050510226388888906
0 0.374521825390625 0.46465262777777777 0.015497457031250005 0.045918391666666655
0 0.43823358867187495 0.4715403875 0.012053575781250015 0.022959194444444442
0 0.697815975390625 0.5664383902777778 0.16100134765625002 0.1637755888888889
0 0.48386498515625 0.5289383694444444 0.09298473437499996 0.1469388416666667
0 0.41369594921874997 0.4707750777777778 0.02496812343750001 0.04285716111111115
6 0.8863683570312499 0.46159140347222216 0.014636487499999972 0.03673470972222227
6 0.9113364792968749 0.46924446736111114 0.02152424453124997 0.03367348472222223
6 0.83944550390625 0.03640785763888889 0.03443879218750005 0.07281571527777778
6 0.7930349355468749 0.016486794444444446 0.022221611718749923 0.02815854166666667
6 0.41412643515625 0.42179546388888883 0.00860969843749997 0.01836735277777777
6 0.453300559765625 0.43557098333333333 0.006026788281250006 0.0153061305555555
6 0.33750012617187497 0.02995855625 0.025829094531249996 0.0520408375
7 0.7929531363281249 0.5488363395833333 0.02755103046874998 0.08571432361111112
7 0.876036720703125 0.3957750451388889 0.04563139921874999 0.030612256944444503
7 0.8648441124999999 0.36669339791666666 0.018080365624999928 0.027551031944444422
7 0.89928290390625 0.3184790930555556 0.023246184375000034 0.026020419444444443
7 0.067586101171875 0.2251117048611111 0.05596303515625001 0.0413265513888889
7 0.092554225390625 0.31388725486111113 0.028412003906249993 0.0413265513888889
6 0.04218749296875 0.28557091458333334 0.0223852140625 0.0397959375
6 0.27464933242187495 0.4049587236111111 0.010331636718749992 0.018367355555555537