7 0.692113571484375 0.3829911729166666 0.01754654140625007 0.034659834722222234
7 0.6979624171875 0.34919783263888887 0.015596925000000006 0.025994876388888914
7 0.703323859765625 0.32580244444444445 0.02437019453125 0.020795899999999968
7 0.38651131054687504 0.3717267256944444 0.024370196093749998 0.04332479305555555
7 0.308039280078125 0.3925226256944444 0.027294619531249963 0.012130943055555576
7 0.3046274515625 0.37865869375 0.026319810937499976 0.019062912500000015
6 0.212020707421875 0.4488448569444444 0.010722888281249964 0.01386393611111111
6 0.125262808203125 0.42458297222222224 0.010722886718749991 0.010397949999999965
7 0.11697694257812499 0.4072530555555555 0.019496157031249982 0.013863933333333339
6 0.2032474359375 0.42284998124999995 0.006823654687500014 0.02426188472222219
6 0.41673035390625 0.41505151875000007 0.01072288593750006 0.032926843055555585
6 0.551741240625 0.42025049375 0.00974807812500007 0.03639282638888888
0 0.40746968007812506 0.46270879097222223 0.015596925781250003 0.04852376805555549
0 0.387973522265625 0.47137374930555553 0.03704269765625003 0.045057784722222195
0 0.34654418906249995 0.47830571527777777 0.08090905156250003 0.04505778333333331
0 0.655070872265625 0.4739732368055556 0.058488469531249976 0.03639282638888888
0 0.477168440234375 0.49216965 0.11210290234375 0.18716310555555554
0 0.748165021875 0.49650212847222214 0.14719598437499998 0.15077028194444442
0 0.039479717578125004 0.4956356319444445 0.07895943515625001 0.06931966944444438