6 0.48481814257812506 0.02252889236111111 0.018818871093750023 0.04505778472222222
6 0.680739712109375 0.01865131736111111 0.016986019531250028 0.026644740277777777
7 0.29955344296874997 0.18118421180555555 0.025978618750000005 0.049736845833333335
0 0.25059373828125003 0.30375000277777775 0.04596217187499998 0.03197368611111114
0 0.42095352617187504 0.3046381597222222 0.04895970390624997 0.06572368611111111
1 0.538356898046875 0.21582236875 0.14388157890625006 0.2682236875
0 0.574826882421875 0.3144078986111111 0.17085937578125004 0.2593421055555556
0 0.854596619921875 0.26822368750000003 0.04895970390624989 0.03197368333333333
0 0.888568660546875 0.26111842361111115 0.04296463828124999 0.0319736861111111
0 0.92453905546875 0.2540131583333333 0.05295641562500002 0.046184211111111116
0 0.977495470703125 0.2628947388888889 0.04496299296875002 0.03552631666666666
0 0.035580486328125 0.34573184930555556 0.07116097265625 0.09184856250000001