7 0.20138423359375 0.3370409048611111 0.030301543750000003 0.05550181527777778
1 0.09173938671875001 0.41947742430555557 0.18347877343750002 0.14201935138888888
1 0.412117693359375 0.4127993979166667 0.07162183046874997 0.07672309861111112
1 0.354269294140625 0.4470799291666667 0.055093717968749976 0.03428052500000002
0 0.25418237734375 0.5262516423611111 0.1616082328125 0.18282951527777777
0 0.370797406640625 0.5058465631944444 0.07713120234375 0.11590085138888892
2 0.951992891796875 0.42185618402777775 0.09274403046875009 0.4720709430555555
2 0.750546058984375 0.38198308750000004 0.34687878359375 0.5778718472222222
0 0.139946388671875 0.6510565277777778 0.27989277734375 0.42116084444444446
0 0.4791483796875 0.6061653534722222 0.328725834375 0.5664450124999999
6 0.5558343671875 0.3738210631944444 0.007345829687499972 0.029383320833333296