0 0.5917083625 0.6164251513888889 0.013647309375000027 0.015596925000000065
0 0.58001066875 0.6207576312499999 0.013647310937499935 0.013863934722222224
0 0.56977518515625 0.6216241284722221 0.01072288593750006 0.019062909722222247
0 0.64922202578125 0.61555865625 0.01754654218749998 0.027727868055555563
0 0.724282229296875 0.61815814375 0.011697694531249959 0.02946085972222221
0 0.73110588515625 0.6285560944444444 0.023395389062500004 0.04332479444444443
0 0.7432909828125001 0.6285560930555556 0.022420579687500018 0.03985880833333337
0 0.7549886765625 0.6294225895833333 0.024370196874999993 0.045057784722222195
0 0.7730226218749999 0.6294225916666666 0.037042698437500035 0.0589217194444445
0 0.80909051171875 0.6328885743055556 0.07018616562499994 0.06585368472222221
0 0.8977980269531249 0.6380875500000001 0.12282578828124997 0.07625163611111113
0 0.9480006296875001 0.6198911361111111 0.07700982031250003 0.060654711111111065
0 0.985530733203125 0.6268231034722223 0.027294619531249963 0.06412069583333341
0 0.60779269140625 0.6120926729166667 0.012672501562500039 0.024261881944444497
0 0.631188080078125 0.60256121875 0.018521349218749972 0.015596926388888951
0 0.1754654125 0.6493519930555556 0.03704269843750001 0.029460855555555554
0 0.5351695078125 0.6545509708333334 0.07213578125 0.20622601666666668
1 0.2890305265625 0.6250901097222222 0.1413471375 0.16463421388888888
1 0.690651359375 0.5912967736111111 0.0633625109375 0.13517335555555562
0 0.631675483984375 0.6415535326388889 0.05069000703124997 0.06931967083333335
0 0.436713916015625 0.7221376472222223 0.25539965546875004 0.35872928888888883
7 0.07213578046875 0.6320220756944445 0.009748078125000004 0.032926843055555585
7 0.7832581035156251 0.5133121430555556 0.018521349218749972 0.017329916666666632
6 0.9933291953125 0.48298478958333335 0.009748078124999893 0.05372274583333336
6 0.9816315015625001 0.48471778055555553 0.013647309375000027 0.04679077777777773
6 0.29682898945312497 0.35560989583333336 0.010722885156249973 0.05198974999999998
6 0.28659350585937504 0.3530104090277778 0.015596925781250003 0.06065470972222226
6 0.17302839335937498 0.36947383125 0.014622117968749992 0.05545573750000001
6 0.0180339453125 0.4257960611111111 0.022420581250000002 0.06065471111111115
6 0.5897587468750001 0.40500016111111103 0.009748078124999981 0.04679078055555558
6 0.77302262265625 0.4621888895833334 0.009748078124999981 0.04332479305555555