0 0.257380452734375 0.3796749694444444 0.050676952343749984 0.04851127500000001
0 0.325599433203125 0.3699727208333333 0.04366014296874998 0.04573921111111111
0 0.3786153296875 0.3568053694444444 0.045219437500000036 0.07207389444444448
0 0.59340766171875 0.37413082430555555 0.06782915781250001 0.0984085875
0 0.9925861749999999 0.3866051555555555 0.013253973437499945 0.08177615833333331
0 0.34626003828125 0.3609634791666666 0.02260971562499998 0.04158109166666664
0 0.40590292148437496 0.35819140763888885 0.017152200781249995 0.02217658472222226
0 0.41798742617187495 0.35611235138888886 0.008576100781249974 0.018018472222222214
0 0.55169662734375 0.36234951597222226 0.04366014843750001 0.07207389305555556
0 0.529086909375 0.35819140555555556 0.014033618749999999 0.04712523888888885
0 0.522459921484375 0.3616564986111111 0.010135391406249994 0.029106766666666634
0 0.511155060546875 0.35334028333333334 0.01559290546874994 0.026334699999999996
0 0.50179931640625 0.3519542465277778 0.00779645468750001 0.015246409722222194
0 0.4659356234375 0.3526472548611111 0.01559290937500002 0.022176573611111097
0 0.49127410000000005 0.35264726041666666 0.01637255156250008 0.024948654166666667
6 0.49429524062499997 0.27905533125 0.003118582812500037 0.013860365277777792
6 0.48766825390625 0.27766929583333333 0.0023389359374999864 0.013860363888888866
6 0.49130660156250006 0.27928634027777777 0.005457514062500035 0.018018472222222214
0 0.4277655078125 0.3569043756944445 0.012474328124999979 0.00970224583333332
0 0.43829072109375 0.35759739444444444 0.005457518750000024 0.011088283333333336
0 0.44569735351562495 0.3569043756944445 0.006237163281249991 0.00970224583333332
7 0.944753146875 0.24389909722222222 0.04132121093749994 0.023562619444444426
7 0.9428040339843751 0.20439706041666666 0.0202707820312499 0.011088290277777762