7 0.61074447109375 0.2407147979166667 0.027454798437499938 0.05102709861111114
7 0.5421074765625 0.31947401736111114 0.008735618750000018 0.0221856958333333
7 0.452255407421875 0.3144822361111111 0.00748767109374997 0.03216925833333334
7 0.382885240234375 0.33785645 0.0049917820312499915 0.008874277777777766
7 0.39006092578125 0.34007501875 0.006863698437499987 0.008874279166666652
0 0.328555048828125 0.36130990277777775 0.010607535156250014 0.011092847222222228
0 0.379364255859375 0.37406667638888885 0.044302061718749994 0.04326210555555553
1 0.412746794921875 0.38183167083333336 0.07238083203125001 0.056573522222222256
0 0.259026653515625 0.39252834930555563 0.07175686015624998 0.07099422638888887
0 0.184461917578125 0.4012441527777778 0.05865343359374999 0.05768280833333337
0 0.6504291304687501 0.3647328354166667 0.08111644999999994 0.06655708750000003
0 0.6965407171875 0.4864213784722222 0.21901441406249997 0.18081341805555554