7 0.9500180855468748 0.08082236944444444 0.04995888046874999 0.14388158055555555
7 0.7167101070312499 0.3152960541666667 0.016986020312500027 0.026644736111111123
7 0.715710929296875 0.37302631805555553 0.010990953906249957 0.02842105277777773
7 0.54135443125 0.3685855270833333 0.013988485937499994 0.023092104166666634
7 0.70022367578125 0.3614802652777778 0.015986842187500017 0.044407894444444436
0 0.355507391015625 0.5177960555555556 0.09991776328125002 0.09414473888888884
0 0.23260854140624998 0.5302302652777778 0.1798519734375 0.1794078944444445
0 0.100317429296875 0.6039473701388889 0.20063485859375 0.22026315694444445
9 0.417955993359375 0.4822697388888889 0.02497944140624995 0.07993421111111114
0 0.65376191484375 0.4227631597222222 0.010990954687500044 0.01776315833333339
0 0.658757804296875 0.4147697395833333 0.00899259921874993 0.01598684305555559
0 0.67244189609375 0.43325500763888886 0.016377232812499986 0.03164159027777779
0 0.6352771292968751 0.45473684444444445 0.03397203984375006 0.05328947500000002
1 0.584818658984375 0.43164473888888893 0.038967927343749945 0.07460526388888893
0 0.608299333984375 0.47427631805555553 0.04396381640625 0.07460526388888884
0 0.48390171640625007 0.5364473715277778 0.14488075781249998 0.1705263180555555
0 0.6386514421875 0.4183223701388889 0.010990953125000046 0.01953947361111111
1 0.496634176171875 0.41921052777777784 0.08264242109374997 0.12789473611111113
7 0.308423233984375 0.38279605347222223 0.01798519609375 0.051513156944444444
6 0.5851954390625 0.3392763166666667 0.007993421874999917 0.03197368333333337
6 0.642148563671875 0.35348684375000006 0.005995064843749986 0.02486842083333336
6 0.57670242890625 0.3419407909722222 0.006994243749999995 0.03019736805555557
6 0.6361534984375 0.35703947569444444 0.005995065625000073 0.02131579027777776
0 0.607733659375 0.42551318194444443 0.013253973437499945 0.013860363888888906
0 0.621767277734375 0.4255131819444445 0.011694682031250014 0.016632438888888858
6 0.7246804828125 0.39709943680555554 0.011694682812500013 0.009702256944444404