0 0.20662992343750003 0.503585529861111 0.013988487500000013 0.01953947361111111
0 0.187645548046875 0.5018092125 0.009991775781250012 0.012434208333333332
0 0.24659702890624996 0.5106907930555555 0.011990131250000013 0.012434208333333332
7 0.3275304171875 0.4964802666666666 0.009991776562499988 0.008881577777777809
0 0.31953699609374997 0.5204605298611111 0.011990131250000013 0.02842105138888892
0 0.23210895351562497 0.5089144763888889 0.02298108515624997 0.026644736111111123
0 0.298554265625 0.5124671076388889 0.027976975000000025 0.01953947361111111
0 0.327530417578125 0.520460529861111 0.02198190859375 0.03197368194444444
0 0.363500811328125 0.5311184243055556 0.047960527343750003 0.060394737500000024
0 0.11820270273437501 0.5160197395833332 0.08093338984375001 0.09769736805555557
0 0.676243412109375 0.5417763201388889 0.12789473828125003 0.09592105416666664