6 0.368194261328125 0.50027 0.007020421093749984 0.0228813722222222
6 0.343037753125 0.4929895631944444 0.005850351562499956 0.0166409986111111
6 0.32197648984375 0.4898693756944444 0.008190490625000013 0.018721120833333375
7 0.16811226328125 0.5189911215277778 0.014040842187500013 0.02288137361111116
7 0.1529013515625 0.5262715590277778 0.0210612625 0.012480748611111083
7 0.1201393859375 0.5283516847222223 0.01872112187499999 0.016640999999999986
7 0.691133627734375 0.41186469861111114 0.05382322890625 0.09152548888888887
7 0.6279498386718749 0.4555473194444444 0.030421824218749994 0.058243494444444446
7 0.6226845226562501 0.4898693756944444 0.04095245624999997 0.03536211805555551
7 0.50860268125 0.47218831597222216 0.01872112187499999 0.03744224583333333
7 0.44366378632812503 0.5179510590277777 0.010530632031249976 0.020801248611111114
0 0.31788124453125 0.5553933069444444 0.014040842187499968 0.012480747222222277
0 0.3834051734375 0.5512330562500001 0.00936056093750004 0.02496149583333336
0 0.22018038476562501 0.5657939284722223 0.04797287578124998 0.02496149583333336
0 0.072751544140625 0.5709942416666667 0.017551052343750005 0.014560875000000017
0 0.12715980703125002 0.6042762368055555 0.0912654734375 0.10192611249999999
0 0.3442078234375 0.55331318125 0.017551053125000004 0.01664099861111118
0 0.303255367578125 0.5585134937499999 0.017551053906250003 0.018721120833333375
2 0.365854121875 0.5439526194444445 0.025741543749999974 0.03952236944444449
0 0.044273745703125 0.6229973590277779 0.08854749140625 0.15600935416666672