0 0.06295629999999999 0.7083634249999999 0.12591259999999999 0.15921915555555555
0 0.551030025390625 0.6406141680555556 0.05171819453125002 0.04933551111111111
0 0.59957557734375 0.64577664375 0.12488051875000003 0.06503318194444445
0 0.506230542578125 0.5984797881944444 0.03910399921875003 0.0650331763888889
0 0.5137990589843751 0.6590279180555555 0.04162683984375004 0.09642850277777776
7 0.5144488636718749 0.42757444861111116 0.01387561484375004 0.026910277777777797
7 0.16272310039062501 0.5572670479166667 0.01639845234374999 0.038122895833333344
6 0.3210312328125 0.2276161173611111 0.030274065625000013 0.09642850416666668
6 0.10532851796875001 0.4283219583333333 0.012614193750000002 0.04485046666666671
7 0.288234328125 0.20967593263888887 0.03279690468749998 0.0740032708333333
7 0.8552423378906251 0.41823060208333335 0.02396696796875002 0.04709299027777784
7 0.6339533375 0.5667176861111112 0.01765987187500002 0.013455141666666668
6 0.6232312746093751 0.5353223583333333 0.008829935156250013 0.01794018888888884
6 0.171553035546875 0.5920261597222222 0.01387561328125 0.02691028055555557
6 0.5007834925781249 0.4328070055555555 0.011352774218750028 0.049335513888888884
6 0.2844500703125 0.5460544340277778 0.010091354687499976 0.03363785138888886
0 0.350043876953125 0.7790840770833334 0.40113136171874997 0.4324214402777778