0 0.235585695703125 0.35078749791666664 0.03587599453125003 0.0510236347222222
0 0.20329730039062496 0.3497245055555555 0.040659460156249994 0.05740158888888887
0 0.268352438671875 0.34440954375 0.014350397656250014 0.029763787500000027
0 0.15366884140625 0.3635434076388888 0.07294785468750001 0.07228348472222221
0 0.294781085546875 0.34972450624999996 0.03707186015624999 0.0616535597222222
0 0.36294547499999996 0.34972450625 0.03228839374999999 0.048897651388888935
7 0.027504928906249997 0.2625591277777778 0.0263090625 0.03188977222222222
7 0.017937997265625 0.17858272708333334 0.01674213046875 0.021259848611111132
7 0.17399857187499998 0.30295284027777775 0.017937996874999994 0.027637802777777765
6 0.286410020703125 0.11799215833333333 0.027504928906250024 0.04889764999999999
6 0.3683268734375 0.13606302986111113 0.028700795312499982 0.05102363749999998
7 0.5542841109375 0.37417333194444446 0.015546264062500014 0.029763788888888833
7 0.5010680519531251 0.2625591277777778 0.009566930468750012 0.027637802777777765
7 0.6654996921875 0.24874022638888887 0.008371065625000007 0.07653545555555555
6 0.637994762890625 0.24767723402777778 0.010762797656250012 0.02763780416666669
0 0.958965355078125 0.3571654534722222 0.08012305390624999 0.1573228791666667
7 0.1961221015625 0.28169299166666667 0.007175198437500007 0.04889765000000001
0 0.34440954375 0.3369685965277778 0.009566931250000011 0.01488189305555557
0 0.33603847890625 0.3380315888888889 0.009566931250000011 0.017007877777777795
0 0.326471546875 0.33909458125 0.009566931250000011 0.019133862500000022
0 0.31570874921875 0.3390945819444445 0.011958665625000009 0.023385833333333356