1 0.118439152734375 0.56668829375 0.23492868984375 0.36046227638888884
9 0.57269960859375 0.6490053986111111 0.04191673749999998 0.19236208055555548
0 0.68236549140625 0.6871312201388888 0.18521349062499998 0.17503216527777773
0 0.610229712109375 0.6230105243055555 0.044841161718750036 0.0779846263888889
0 0.5385813351562501 0.627343007638889 0.051664817187500045 0.09011557083333335
0 0.35726707539062497 0.5952826569444445 0.032168658593749996 0.046790775000000034
0 0.379200251171875 0.5892171868055556 0.013647310156249981 0.034659834722222234
0 0.387973522265625 0.5918166736111111 0.015596924218750008 0.02599487500000003
0 0.44597458945312496 0.5892171881944445 0.010722886718749968 0.027727868055555563
0 0.4328146828125 0.5900836826388889 0.01949615468749997 0.03639282638888888
0 0.468882573828125 0.5918166736111111 0.02144577265625003 0.03985880833333337
1 0.74524059765625 0.5926831722222222 0.07700982031250003 0.0623877027777778
6 0.414780739453125 0.46444178402777775 0.0068236554687500115 0.031193851388888937
6 0.4786306523437499 0.4705072520833333 0.007798462500000003 0.0329268430555555
6 0.409906698828125 0.4644417833333333 0.008773269531249994 0.02772786944444445
6 0.46254632265625 0.5450258993055556 0.008773270312499993 0.015596926388888871
6 0.441100551171875 0.5458923951388889 0.010722886718750057 0.017329918055555518
6 0.269046965625 0.5380939291666667 0.011697693750000005 0.01906290833333336
6 0.40357044921875007 0.5658217979166666 0.007798462500000003 0.012130943055555498
6 0.583422495703125 0.527695979861111 0.010722886718750057 0.02946085694444444
7 0.5020260406249999 0.5580233361111111 0.009748078124999981 0.013863933333333339
7 0.86173013515625 0.36652775000000004 0.027294620312500052 0.10571249444444446
6 0.356292267578125 0.5623558159722222 0.00877327109374999 0.015596923611111101