6 0.5825316042968749 0.3983383486111111 0.008029644531249946 0.020392749999999973
0 0.63548901015625 0.44014348333333336 0.016059289062499982 0.018353472222222205
0 0.614267805859375 0.4421827576388889 0.01261801328124994 0.01835347361111109
0 0.5982085171875 0.4452416708333333 0.014912196875000028 0.02854984722222219
0 0.5787079515625001 0.45135949375 0.02179475000000002 0.032628395833333296
0 0.560928024609375 0.4581570826388888 0.022941841406249976 0.05302114583333335
0 0.547736465234375 0.46223563263888884 0.024088933593750018 0.06933534305555555
0 0.52020625625 0.4642749069444444 0.05391332812499998 0.07749244166666666
0 0.652695391015625 0.4510196215277778 0.011470921093749985 0.03058912083333338
0 0.662445673046875 0.44898034583333335 0.017206380468750025 0.04690331944444447
0 0.6796520554687501 0.4530588958333333 0.030971485937500008 0.046903322222222245
0 0.694564251171875 0.46631418124999996 0.030971486718750007 0.06933534305555555
0 0.7255357386718749 0.47549091875 0.05850169609375007 0.09992446527777782
0 0.762051514453125 0.5087990625000001 0.06653134140625001 0.11623866388888891
0 0.8802019984375 0.5179757986111111 0.21106494218750002 0.27326282222222226
0 0.9388948730468749 0.5877481472222222 0.12044466796875 0.4139727833333334
0 0.43196210078124997 0.48651271180555555 0.13306268124999998 0.1835347319444444