6 0.361758875390625 0.08008480277777778 0.019891192968750016 0.043682619444444445
6 0.197949051953125 0.2745764652777778 0.012870772656249984 0.024961497222222247
6 0.2125749296875 0.2766565902777778 0.014040840624999973 0.029121747222222223
6 0.49397680390625 0.2901774006944444 0.010530631249999978 0.01456087083333336
0 0.5021672949218751 0.3577814555555556 0.019891192968750016 0.024961497222222247
0 0.43898350624999993 0.3640218298611111 0.022231332812499983 0.03744224583333333
0 0.42318755898437493 0.3713022659722222 0.03276196484375005 0.04368261805555558
0 0.39978615546875 0.3785827034722222 0.03510210468750001 0.04992299583333334
0 0.375214682421875 0.3858631402777778 0.05382322890625004 0.06448386944444447
1 0.6115688558593749 0.30265814999999996 0.19891192890624998 0.44306656944444445
6 0.775378679296875 0.2745764652777778 0.011700702343750003 0.03328199444444443
7 0.22603073554687497 0.2059323479166667 0.036272174218749995 0.02496149305555555
7 0.37872489257812497 0.3057783375 0.01638098203124998 0.02080124722222223
7 0.22954094765625 0.3296997722222222 0.0479728765625 0.07696461666666667
7 0.49222169882812505 0.3192991479166667 0.011700702343750003 0.010400623611111114