7 0.662869334765625 0.4393134027777778 0.011697692968750052 0.012130941666666692
7 0.8812262925781251 0.37605920416666666 0.013647310156249936 0.02426188611111115
6 0.883175907421875 0.33013492291666663 0.015596925781250093 0.046790776388888886
6 0.6882143394531249 0.32060346944444446 0.007798461718749916 0.03119384999999997
6 0.64299720859375 0.31020551944444447 0.008996139062499964 0.031193852777777784
6 0.585859514453125 0.3162709888888889 0.00974807890624998 0.029460858333333326
6 0.4401257421875 0.36566125486111106 0.016571732812499997 0.05198975416666667
0 0.6297258683593749 0.46617477361111115 0.01949615703125005 0.024261886111111075
0 0.607305287890625 0.4705072534722223 0.025345003906249986 0.03639282638888888
7 0.767465898828125 0.6166402013888889 0.010546867968750017 0.0070312444444444585
7 0.44380889492187503 0.4666403041666667 0.011865225781250021 0.025781233333333375
6 0.43919464023437504 0.4338278291666667 0.013183585156250021 0.035156224999999985