0 0.27540989101562496 0.26312272708333334 0.012614194531249989 0.022425234722222204
0 0.25901143906249996 0.26424398819444445 0.020182709374999996 0.024667756944444442
0 0.17828059921875 0.2597589423611111 0.025228387500000005 0.029152804166666654
0 0.08619698437500001 0.25676892222222225 0.02775122656250001 0.03363785000000002
0 0.066644984375 0.2545263986111111 0.018921290624999997 0.03812289722222222
0 0.050246532421875004 0.25676892222222225 0.02396696953125 0.047092988888888875
0 0.035740209375 0.26125396875 0.022705548437499997 0.04709299027777776
0 0.014926789453125 0.26349649166666667 0.029012646093750004 0.05606308333333333
0 0.14926795390624997 0.25564766041666664 0.030274065624999992 0.031395326388888894
0 0.120255307421875 0.2601327076388889 0.030274064843750014 0.031395326388888894
0 0.21927672851562502 0.2691028 0.061809549218750016 0.09418598055555556
7 0.568059186328125 0.14090520486111113 0.03279690390625003 0.07400327083333334
7 0.392091183203125 0.03214282291666666 0.03658116171875005 0.03139532638888889
0 0.938619087890625 0.3210450888888889 0.11041011484375005 0.10238958333333335
0 0.803313900390625 0.3236708569444445 0.17786013203125 0.12109626111111113