0 0.17785066445312497 0.8679320500000002 0.018721122656250012 0.027041622222222214
0 0.15093905117187498 0.8523311145833332 0.01638098359375 0.008320501388888759
0 0.16614996328125 0.8502509888888888 0.016380981249999982 0.012480747222222198
0 0.1292927546875 0.8523311145833332 0.015210912500000017 0.008320501388888759
0 0.138653316015625 0.8835329840277777 0.02925175546875001 0.04160249583333334
0 0.16205471875 0.8814528583333334 0.026911615624999996 0.04160249444444446
0 0.079564772265625 0.8762525472222222 0.030421824218750004 0.04784286944444444
0 0.10004099921875001 0.8804127986111111 0.0526531578125 0.06032361666666664
0 0.060843648437499995 0.8544112375 0.025741543749999995 0.03744224444444452
0 0.032761964453125 0.8783326708333334 0.06552392890625 0.10608636388888881
0 0.353068671875 0.8752124847222221 0.02574154375000002 0.029121747222222105
7 0.27759914609375 0.8388103020833333 0.019891192187500017 0.035362120833333205
7 0.22202081523437495 0.7982478680555555 0.032761964843750005 0.04992299444444449
1 0.184286051953125 0.8377702423611112 0.02925175390625001 0.03744224583333325
7 0.382905462109375 0.8637717979166666 0.00936056328124999 0.022881370833333393
7 0.36008909453125 0.8460907381944444 0.010530631249999978 0.020801245833333346
7 0.318551603515625 0.8627317368055556 0.00936056328124999 0.01664099583333325
0 0.522143812109375 0.8741724222222221 0.02106126328125004 0.03536211944444448
0 0.55139556640625 0.8793727347222222 0.03510210468750001 0.04160249444444446
0 0.591177953515625 0.8627317347222222 0.02106126328125004 0.02080124444444446
0 0.5894228464843749 0.887693232638889 0.03393203671874998 0.03744224305555548
0 0.21894936289062503 0.9116889645833333 0.11817708671875002 0.15808948194444447
7 0.03956298828125 0.7073909881944445 0.0791259765625 0.11440685972222218