7 0.12076967382812501 0.35431637083333334 0.02287804453125002 0.01877172777777779
7 0.24351917812500004 0.3433661965277778 0.013198871875000018 0.043800698611111126
7 0.509696419140625 0.30816920625 0.025517817968750033 0.01720741805555556
6 0.38971867773437496 0.2831402333333334 0.009679172656250002 0.034414836111111076
6 0.180296584375 0.23464660347222224 0.009679173437499999 0.043800698611111126
6 0.31712488476562506 0.38090965347222216 0.00703939765624999 0.01720741805555556
6 0.363760896875 0.38794905138888885 0.007039398437500033 0.01877172777777779
6 0.190283730078125 0.23464660347222224 0.010559097656250006 0.043800698611111126
6 0.172685234765625 0.23308229305555556 0.012318946093749995 0.04380070000000001
6 0.38122740312500003 0.2831402333333334 0.010559098437500003 0.034414836111111076
6 0.52465513984375 0.3660487013888889 0.014078796875000067 0.02502897222222222
6 0.10981459960937498 0.3805967833333333 0.014078796093750002 0.023464661111111142
0 0.349770093359375 0.43826771875 0.007919322656249995 0.014078795833333322
0 0.3409708453125 0.4367034083333334 0.01143902187500001 0.020336038888888908
0 0.33217159843750005 0.43904987430555564 0.007919323437499992 0.012514484722222205
1 0.311933328515625 0.4202781472222223 0.03783676484375 0.07195829166666662
0 0.28597554804687497 0.44217849583333335 0.01407879609374998 0.021900349999999947
0 0.27585641328125005 0.4406141861111111 0.013198871875000018 0.03128621388888888
0 0.267057165625 0.4445249625 0.013198871874999973 0.032850525
0 0.2507785578125 0.44530711805555556 0.02287804531250002 0.03128621388888888
0 0.23537987421875 0.4476535840277778 0.01143902187500001 0.03597914583333335
0 0.21910126601562502 0.44530711736111106 0.029917441406250012 0.04692932083333332
0 0.16938551679687502 0.4617323798611111 0.10295119765624998 0.10480881527777781
0 0.0290375171875 0.46564315625 0.058075034375 0.11575899027777778
0 0.37528791171875 0.43983203055555564 0.007919323437499992 0.020336038888888908
0 0.382767271875 0.4398320298611111 0.010559096875000007 0.023464659722222177
0 0.39156651953125 0.4406141861111111 0.012318946875000014 0.03128621388888888
0 0.40124569140625005 0.43983203125 0.019358343750000007 0.04223639027777782
0 0.419724112109375 0.44530711875 0.031677291406249974 0.0406720791666667
0 0.47779914570312504 0.4562572930555556 0.09151217421874999 0.11575899166666667
0 0.580750343359375 0.4995365618055555 0.15486675859374993 0.18771728194444448
0 0.80231541484375 0.5642468611111111 0.39244644375000004 0.3613557694444444