6 0.43387860703125 0.5544198652777779 0.00559392343750007 0.024861875000000012
6 0.41709683867187497 0.5544198652777779 0.0055939226562499835 0.024861875000000012
0 0.443178502734375 0.5805248361111112 0.015383285156250004 0.01740331111111107
0 0.4564640703125001 0.5805248361111112 0.013984804687499963 0.01740331111111107
0 0.46905039335937493 0.58176793125 0.013984807031250046 0.01988950138888891
0 0.4844336796875 0.5842541194444444 0.016781765624999955 0.02983425277777777
0 0.499117726171875 0.5892264902777777 0.015383285156250004 0.02983425
0 0.51380177265625 0.5892264916666666 0.019578729687499942 0.024861877777777784
0 0.5326812609375 0.5954419611111111 0.02657113124999997 0.03729281666666664
0 0.56274859375 0.5966850583333334 0.04754834062500004 0.054696130555555555
0 0.409614968359375 0.5842541194444444 0.02377417109375002 0.054696130555555555
0 0.36136738828125 0.6091159965277778 0.10628452343750001 0.19392264305555557
7 0.605017648046875 0.47717044722222224 0.01957872890625003 0.04723756388888884
7 0.564461711328125 0.5355958604166667 0.011187844531249968 0.01988950138888891
7 0.564461712890625 0.5107339819444445 0.01957872890625003 0.029834255555555543
7 0.534394376953125 0.5293803895833333 0.01538328671875 0.027348062500000006
0 0.592431323828125 0.6027229256944444 0.06712706953124999 0.07458563194444438
0 0.200510376171875 0.7624559208333334 0.40065821171874993 0.4728992694444444
0 0.43062531015625005 0.5805464687499999 0.011865226562499932 0.02578123194444441