0 0.05207047421875001 0.6177676999999999 0.1024337609375 0.15053969166666667
0 0.131285916015625 0.6092694895833334 0.07784965703124999 0.10926267916666667
0 0.19001460429687503 0.6068414326388888 0.04780242109375001 0.07526984305555552
0 0.22347630000000002 0.5959151645833334 0.0382419375 0.07284178750000005
0 0.247377510546875 0.5934871041666667 0.031413019531249996 0.053417308333333344
0 0.27196161328125 0.5922730743055555 0.028681453125000013 0.05584536805555555
0 0.2897167984375 0.5874169555555555 0.020486753125000014 0.05584536944444444
0 0.32591006015625 0.5862029256944444 0.07375230781250001 0.07769790416666669
0 0.43790430625 0.6019853125000001 0.07648387499999995 0.10440655833333329
0 0.6735019550781249 0.616553670138889 0.17618606796875005 0.19181670138888895
0 0.592237837890625 0.6019853118055555 0.08194700703125006 0.13354327361111112
0 0.54511830859375 0.60077128125 0.03960772031249995 0.09226626250000002
0 0.52121709765625 0.5910590437500001 0.038241937500000045 0.07284178749999996
0 0.5014132371093749 0.5813468076388889 0.03960772109374995 0.058273426388888876
0 0.4809264851562499 0.5764906868055555 0.01502361875 0.04370507361111109
0 0.47204889257812505 0.5643503909722223 0.021852535156250054 0.0242805930555555
7 0.638674476171875 0.4380912958333333 0.040973505468749935 0.08255402222222222
6 0.44063587265625 0.48665248680555556 0.005463134374999967 0.029136715277777763
6 0.3470797046875 0.4781542770833333 0.004097349999999977 0.026708654166666672
6 0.386687425390625 0.5388557638888888 0.004097350781249976 0.021852536111111064
6 0.4290267140625 0.5376417347222222 0.00682891718750005 0.01942447777777774
7 0.4754633515625001 0.541283825 0.012292051562500017 0.016996416666666726
7 0.489804077734375 0.5157891993055556 0.01365783515625001 0.009712240277777716
7 0.4870725101562501 0.5303575576388889 0.01365783437500001 0.009712240277777794
7 0.27064406406249997 0.5097190513888888 0.017851653125000012 0.012140297222222231
7 0.2610353453125 0.5036489020833333 0.01775518437499999 0.009712237499999945