6 0.438439134375 0.35987731666666667 0.009991774999999948 0.03695589444444446
6 0.5943108464843749 0.46184210694444444 0.007993421093750008 0.021315788888888833
6 0.503644113671875 0.4831796604166667 0.006511932031249934 0.024911945833333327
6 0.44643255585937497 0.50802631875 0.00799342109374992 0.014210526388888903
6 0.32699678320312503 0.5191392312499999 0.006926152343750003 0.02577845694444447
7 0.589814547265625 0.4449671069444444 0.02497943984375004 0.019539472222222225
7 0.584319069921875 0.3295065798611111 0.03197368515625003 0.040855265277777754
7 0.5133774578125 0.5133552652777778 0.009991776562499943 0.017763155555555618
0 0.420953526171875 0.5613157923611111 0.014987664843750003 0.031973684722222215
0 0.44343502343749996 0.5568750027777778 0.01798519843749995 0.030197369444444414
0 0.362501634765625 0.5728618444444444 0.027976974218749985 0.055065788888888925
0 0.29955344296874997 0.5728618451388889 0.0219819078125 0.040855262500000024
0 0.27457400234375 0.5781907923611111 0.027976973437499986 0.04796052638888884
0 0.20712951210937502 0.6048355298611111 0.02098273046875001 0.03730263194444442
0 0.148677619921875 0.6110526347222223 0.05395559140624999 0.05328947500000002
0 0.077236419140625 0.6154934243055556 0.11290707265625 0.09414473749999996
0 0.252592094140625 0.5915131611111111 0.06194901328125 0.04618421111111104
0 0.33202671640625 0.5781907930555555 0.0329728625 0.04085526388888891
0 0.4589222765625 0.5559868444444445 0.018984374999999963 0.03552631388888893
0 0.393476141015625 0.5710855291666668 0.05395559140625004 0.05861842222222222
0 0.589814546875 0.5648684236111111 0.1608676 0.09592105277777783
0 0.49489267109375 0.5568750027777778 0.048959703124999976 0.05506578888888885
9 0.18015171562500001 0.5987485118055555 0.03097450625 0.08145035138888895
0 0.0213823953125 0.6412500034722222 0.042764790625 0.08526315694444446