0 0.115099323828125 0.3988446395833334 0.12352122578125 0.0773567263888889
0 0.218969446875 0.40134001874999997 0.05193506093750002 0.03743067638888888
0 0.91670063046875 0.39926052916666666 0.059655139062500064 0.052402944444444446
0 0.63444993515625 0.39426977291666665 0.029476656249999955 0.03493529583333333
0 0.61550065546875 0.39801284027777784 0.018247454687500043 0.027449161111111113
0 0.56602198359375 0.3880313256944445 0.020352929687499976 0.03493529583333333
0 0.547774529296875 0.3923982395833333 0.030178483593750017 0.041173743055555594
0 0.9848946339843749 0.40300359722222223 0.027605108593749962 0.039926052777777776
0 0.982906122265625 0.46538805347222223 0.03298578203125011 0.07236597083333333
0 0.587918935546875 0.3930220833333334 0.032985780468750024 0.037430675
0 0.677050730078125 0.41173742152777776 0.09053544296875007 0.09731975416666666
0 0.8134153484375 0.41454472152777777 0.103870121875 0.08733824027777778
0 0.46194132187500003 0.4466727173611111 0.16141978281250005 0.2794823708333333
6 0.44986992031249995 0.28197774999999997 0.008421900000000005 0.022458405555555554
6 0.543212666015625 0.3404943819444445 0.007018252343750042 0.021210716666666664
6 0.592691339453125 0.26126612083333334 0.00912372578124998 0.022458405555555554
6 0.591428062109375 0.3618298548611111 0.006316425781249979 0.01497227083333333
6 0.6370466964843751 0.3637013902777778 0.006316425781249979 0.013724580555555595
6 0.6668742660156249 0.34311451805555554 0.007018252343749953 0.014972269444444445
6 0.7247748406250001 0.35746294305555554 0.00912372656249998 0.013724580555555557
6 0.7956591808593749 0.3225276458333333 0.009123727343749976 0.021210713888888892
6 0.8149593730468749 0.3200322694444444 0.016843803906250086 0.023706097222222215
6 0.13538207070312497 0.23069772430555552 0.014738327343750001 0.03368760694444444
0 0.294415650390625 0.3930220840277777 0.02596753046874998 0.01746764861111111
0 0.37266915390625 0.3917743951388889 0.028073006249999997 0.019963026388888888
7 0.44636079570312504 0.2985096305555555 0.015440153906250042 0.009981513888888887
7 0.695157810546875 0.2566496659722222 0.01754562890624998 0.0187153375
7 0.694105073046875 0.20861363194444446 0.014036502343750002 0.024953783333333333
7 0.694806898828125 0.2285766590277778 0.015440153906249953 0.009981509722222231
7 0.57584753515625 0.34523558541666666 0.006316426562499977 0.006238445833333333