0 0.76846334296875 0.5485280902777778 0.030994912500000017 0.02755103333333327
0 0.7331635828125 0.5623036041666667 0.044770428125000004 0.03367348055555557
0 0.673756669140625 0.5569464618055556 0.08954085703125 0.07193880694444449
0 0.631999633203125 0.5653648347222222 0.09901152265624998 0.09183677777777777
0 0.5019931984375 0.5929158659722222 0.216103415625 0.14387761527777776
0 0.28244590625 0.6533750763888889 0.21265953437500001 0.234183775
0 0.1147481328125 0.6985281576388889 0.229496265625 0.34591852361111114
0 0.873597321875 0.5538852354166667 0.05682400468749993 0.0474489986111111
0 0.9139672363281249 0.5638342222222222 0.10159443359374994 0.07346942222222223
0 0.950988935546875 0.6120485284722222 0.056824005468750015 0.0719388069444444
6 0.784391285546875 0.5064362368055555 0.011192610156250015 0.03826532361111114
6 0.8265788027343749 0.49113010347222225 0.012914547656250086 0.029081643055555557
7 0.8017949171875 0.41942979652777773 0.051658185937500004 0.03826532361111114
0 0.9673416585937499 0.6604416270833334 0.06531668281250003 0.20911779027777783