0 0.07589624726562501 0.854012961111111 0.15179249453125002 0.2869727055555556
0 0.30121562343749997 0.6646023270833333 0.23005465156250002 0.2374198680555555
0 0.4001586203125 0.6169450548611112 0.07116097343749997 0.13517335416666668
0 0.43671391484375005 0.6091465916666667 0.027294620312499962 0.11264445833333328
0 0.452798243359375 0.5987486423611111 0.026319811718749975 0.09184855972222224
0 0.46839516953124993 0.5918166763888889 0.02047096562500004 0.07798462777777779
0 0.48204248046875 0.5848847076388889 0.02047096562500004 0.05718872638888889
0 0.5473546042968749 0.6030811201388889 0.016571732031249998 0.031193851388888857
0 0.534682103515625 0.5944161611111112 0.012672502343750036 0.024261886111111075
0 0.523959216796875 0.5918166736111112 0.016571732031249998 0.022528891666666655
0 0.5057717425781251 0.5955464652777778 0.017138658593750033 0.021093736111111146