7 0.08356316015625001 0.1358121833333333 0.07120250312500001 0.14177209722222223
7 0.13672769570312499 0.2683015791666667 0.04651896953125001 0.059071705555555534
7 0.09970239453125 0.38728887152777774 0.0617088359375 0.06751051805555555
7 0.09637960976562501 0.42779518819444445 0.030379735156249997 0.04725736805555556
7 0.3441643203125 0.35606525625 0.028481001562500018 0.0759493375
7 0.338468121484375 0.43285847499999996 0.03037973671875003 0.07426157222222218
7 0.5747822046875 0.5502107472222223 0.012341768749999992 0.027004208333333283
7 0.568136637890625 0.5637128527777777 0.01613923515624993 0.023628680555555486
7 0.9379149679687501 0.5113921979166667 0.018987334374999953 0.03713078749999994
7 0.9383896511718749 0.5493668659722223 0.019936700781249962 0.04219407638888886
7 0.9512061019531248 0.5831221277777778 0.01708860078125003 0.02194092222222221
7 0.848733834375 0.6649786333333334 0.008544301562499967 0.015189866666666694
7 0.8458857328124999 0.6717296861111112 0.010443032812499985 0.015189869444444386
6 0.7492537742187501 0.6597947902777778 0.012341767187499996 0.02194092222222221
0 0.764655544921875 0.6995777756944445 0.012341769531249991 0.02531644583333335
0 0.749940361328125 0.6936706048611111 0.01708860078125003 0.03375525972222222
0 0.734750491796875 0.6886073159722222 0.013291132031250008 0.04725736527777779
0 0.722883409375 0.6894511979166668 0.012341767187499996 0.04556960138888897
0 0.714339109375 0.689451198611111 0.01803796718750004 0.04219407500000006
0 0.70532012578125 0.6886073159722221 0.022784801562499978 0.04388183749999999
0 0.6934530421874999 0.6877634347222222 0.016139234374999933 0.048945127777777805
0 0.678737857421875 0.6886073159722221 0.028481000781250022 0.06075946805555551
0 0.66069989140625 0.6852317875 0.030379734374999946 0.06751051944444436
0 0.61858023203125 0.6777574125 0.07405060312499998 0.09451472777777772
0 0.85332244921875 0.7049223590277778 0.019936699999999873 0.04388184027777768
0 0.8809445058593749 0.7106687923611111 0.04082276953124993 0.052320654166666716
0 0.9168050457031249 0.7256853611111111 0.03607593515624998 0.09620249166666663
0 0.9544300027343751 0.7361459743055556 0.08734173671874998 0.1738395930555555