0 0.575078640625 0.5508819013888888 0.008607529687499938 0.020403033333333317
0 0.58033879765625 0.5568327868055556 0.013389490624999922 0.02550379305555555
0 0.5851207578125001 0.5602332909722222 0.01338949062500001 0.028904295833333295
0 0.59564107265625 0.5602332909722222 0.024866196874999958 0.03910581249999999
0 0.5989884453125001 0.5661841777777777 0.020084235937499972 0.03740556111111112
0 0.6133343285156251 0.5704348083333334 0.02390980546875001 0.05950884722222227
0 0.64202609453125 0.5772358187500001 0.0392120796875 0.0731108680555556
0 0.6716742515625 0.584036829861111 0.06025270781249992 0.10711592638888881
0 0.492350716796875 0.555982661111111 0.011476707031249945 0.027204044444444502
0 0.48517777578125 0.5576829125 0.012433098437499979 0.03740556111111112
0 0.47178828398437495 0.5576829125 0.02582258828125008 0.040806066666666634
0 0.457442401953125 0.5568327861111112 0.01817145234375008 0.039105813888888875
0 0.41507421015625 0.5602332916666667 0.03825568750000001 0.04930733333333334
0 0.278883967578125 0.5772358173611111 0.08224972734375 0.12071794861111111
0 0.17846278125 0.6035897368055555 0.15302274999999999 0.13602022361111116
0 0.37127146015625 0.5746854402777777 0.06503466875 0.07141061666666665
0 0.7077302191406251 0.601889486111111 0.09181364921874993 0.11901769444444446
2 0.53342774296875 0.5415305111111112 0.078424159375 0.17682629166666666
6 0.5714443328125001 0.48499710416666664 0.006694745312499961 0.017002527777777804
6 0.50067131015625 0.48159659930555554 0.006694745312499961 0.020403034722222282
6 0.574504799609375 0.51623925 0.007077325781250021 0.015727338888888907
7 0.707156408203125 0.44716648124999997 0.011476707031250033 0.020403034722222203
7 0.5885637765625 0.5134763388888889 0.015302274999999987 0.010201516666666698
7 0.60577883671875 0.48202166249999995 0.015302274999999987 0.03230480277777777