6 0.67213001015625 0.048523768749999995 0.006823656249999921 0.03465983472222222
6 0.679928471875 0.045924281944444444 0.006823653124999929 0.036392825
6 0.6662811625 0.05112325555555556 0.006823654687500014 0.036392825000000004
7 0.009260674609375 0.09358155277777777 0.01852134921875 0.03465983333333333
1 0.097480784765625 0.24348533819444443 0.08188386015625 0.07105266250000003
0 0.29536677734375 0.24348533680555554 0.04679077656250001 0.02946085694444444
0 0.5020260406249999 0.2192234541666667 0.056538854687499994 0.057188727777777774
0 0.63898654296875 0.2443518326388889 0.05946327812500005 0.11437745138888888
0 0.49910161679687504 0.23395388333333333 0.04874039140624999 0.07625163333333332
0 0.4152681421875 0.3006740625 0.17156618125000006 0.32060346944444446
0 0.776921853125 0.1992940486111111 0.23200426718749992 0.31193851111111115