7 0.54471717734375 0.2758465340277778 0.015546264062500014 0.010629926388888853
7 0.5399337140625 0.29816937569444446 0.02989666093749994 0.034015756944444475
0 0.070556120703125 0.42891744097222223 0.02870079609375 0.027637801388888918
0 0.040659460546875005 0.43210641805555555 0.04305119296875 0.042519697222222264
0 0.008371065234374999 0.4384843743055556 0.016742130468749998 0.034015756944444475
0 0.17818410468749998 0.41190956180555555 0.035875995312500006 0.027637801388888918
0 0.261894757421875 0.3959646770833333 0.023917330468749977 0.01700787916666668
0 0.240369161328125 0.4044686173611111 0.026309063281250024 0.021259848611111132
0 0.3222860140625 0.3863977444444444 0.020329731250000017 0.019133863888888828
0 0.30315215078125 0.3874607395833334 0.020329729687499975 0.017007879166666604
0 0.41317186718750004 0.36938986597222223 0.010762798437500009 0.01488189305555557
0 0.4024090691406251 0.3598229340277778 0.010762799218750008 0.012755909722222233
0 0.394038002734375 0.36513789583333334 0.015546263281250017 0.014881891666666687
0 0.383275205078125 0.3704528576388889 0.015546263281250017 0.008503937499999933
0 0.364739275390625 0.37576782013888893 0.014350397656249968 0.014881895833333263
1 0.35457440898437503 0.36194892083333335 0.029896661718749985 0.03826772777777781
7 0.263688557421875 0.3141142590277778 0.027504930468749977 0.03188977083333333
7 0.237379494140625 0.31624024652777777 0.027504928906250024 0.0318897736111111
7 0.20987456718750003 0.3173032375 0.025113196874999976 0.038267727777777774
7 0.182967569921875 0.31730323819444445 0.028700794531250007 0.03401575694444444
0 0.46220239257812495 0.36301191111111114 0.013154530468750014 0.010629922222222237
0 0.45084166132812503 0.36938986597222223 0.011958666406250007 0.01488189305555557
0 0.432305730078125 0.35875994236111114 0.017937997656249927 0.010629926388888893
0 0.49090318671875 0.3662008902777778 0.013154531250000013 0.012755908333333347
0 0.44546026171875 0.4055316097222222 0.02750492812500003 0.03614174444444447
0 0.43170779609375 0.3715158527777778 0.011958664062500013 0.014881894444444457
0 0.4036049347656251 0.3789567958333333 0.017937997656250017 0.01700787777777772
7 0.5303667808593749 0.34919301180555556 0.015546263281250017 0.01700787916666668
0 0.518408116015625 0.3789567958333333 0.015546263281249927 0.01700787777777772
0 0.536944046875 0.36726388125000003 0.009566931250000011 0.019133862500000022
0 0.520201916796875 0.36513789583333334 0.011958664843749921 0.014881891666666687
0 0.508243251171875 0.3598229326388889 0.014350397656250014 0.01700787916666668
0 0.5614593097656251 0.35131899652777776 0.008371066406250006 0.01700787916666668
0 0.5704283078125 0.3630119118055556 0.007175198437500007 0.01913386527777779
7 0.60032496953125 0.3438780465277778 0.016742131250000014 0.014881890277777761
0 0.52857298046875 0.42041350208333333 0.043051192187499955 0.05740159027777783
0 0.407192533203125 0.4267914569444444 0.05381399140624996 0.07440947222222229