0 0.42928396093749993 0.48095117708333335 0.018921290624999986 0.0493355125
0 0.40279415351562503 0.4697385604166666 0.02648980703124999 0.06279065416666667
0 0.358013765625 0.5033764118055556 0.0555024515625 0.08073084027777781
0 0.58752107578125 0.5332646590277778 0.0505988109375 0.06874658750000001
0 0.622281125 0.5459843548611111 0.06937806562499996 0.09418597916666671
2 0.16451385390625 0.3439304125 0.3290277078125 0.681273413888889
0 0.329001121484375 0.5201953361111111 0.027751227343749997 0.07848831944444447
0 0.6818083175781251 0.5527560583333334 0.12676184609374994 0.09354333333333334
0 0.8953214218750001 0.6048426868055555 0.20698677656249992 0.24874022638888896
0 0.52993327578125 0.5038584076388889 0.031092528124999942 0.034015756944444475
6 0.387625165234375 0.34866151458333333 0.014350397656250014 0.02551181805555558
6 0.398985896875 0.34972450625 0.010762798437500009 0.04039371250000004
6 0.5693968691406249 0.3635434083333334 0.016742130468750015 0.04251969722222218
0 0.46416061953125 0.4581497333333333 0.023917329687500023 0.023385833333333276
0 0.44801642226562494 0.46559067986111113 0.02032973046875002 0.021259848611111052
7 0.335007040234375 0.36566939236111107 0.014350397656250014 0.02976378749999995
0 0.49465521484375 0.47196863472222217 0.02032972968750002 0.034015758333333285
0 0.5113973453125 0.4804725743055556 0.025113195312500024 0.0340157569444444