0 0.0965059765625 0.6025612173611111 0.193011953125 0.3725932208333333
0 0.9567739007812499 0.5791658291666667 0.08285866718749997 0.16636720555555554
0 0.8680663867187499 0.5618359125 0.16279291093749998 0.14557130555555553
0 0.7720478140625 0.5427730034722222 0.09748078437499999 0.10397950416666661
0 0.32656062851562495 0.5254430868055555 0.07798462734374997 0.09011557083333335
0 0.42745324023437503 0.5332415493055556 0.05751366328124998 0.0710526625
0 0.51762296640625 0.51591163125 0.04094192968749999 0.05718872638888889
0 0.593657978125 0.5410400118055556 0.07213578125 0.10397950416666661
0 0.71355934296875 0.5219771027777779 0.07603501093750005 0.09011556944444447
0 0.64483538984375 0.51331214375 0.04191673749999998 0.045057784722222195
0 0.46595815039062505 0.5115791520833333 0.023395388281250006 0.04852376805555557
0 0.395284581640625 0.5211106055555556 0.024370196093749998 0.03639282500000007
0 0.48594171132812497 0.5020476972222222 0.014622117968750015 0.036392825
0 0.5468672019531249 0.49771521944444447 0.017546541406249984 0.03465983611111112
0 0.223589697265625 0.5345563756944445 0.03776009921874999 0.04248846250000003
0 0.27099658046875 0.5219771020833334 0.02339538750000001 0.034659834722222234