0 0.013643796093749999 0.5257784979166666 0.027287592187499998 0.07024320694444444
0 0.042490678515625005 0.51907064375 0.04443979296875 0.0568274986111111
0 0.078354371875 0.5107544215277777 0.031965465625 0.0540554208333333
6 0.1964706625 0.39917849027777774 0.012474328125000022 0.03880901944444438
6 0.492346127734375 0.13721760624999998 0.010135391406249994 0.027720731944444448
6 0.5153132488281249 0.127962 0.017087361718750048 0.03412319999999999
6 0.479481975390625 0.13929666041666666 0.009355746093750028 0.03187884027777778
6 0.65178362890625 0.3541323069444444 0.02338936406250003 0.03742298333333337
7 0.643597351953125 0.2522586277777778 0.03040617421874998 0.013860363888888866
7 0.772628680078125 0.23562619097222223 0.01091503671874996 0.04158109027777775
7 0.778865844140625 0.2744352125 0.009355746093750028 0.013860363888888906
7 0.7776963765625 0.28829557638888886 0.010135390624999996 0.013860363888888866
7 0.7660016941406249 0.26819804722222224 0.00857610234374997 0.015246397222222225
7 0.7726286800781249 0.41858300000000004 0.007796457031250004 0.052669386111111056
7 0.4342625375 0.4123458375 0.015592910937500015 0.026334694444444376
7 0.49858329023437503 0.41442489097222224 0.01325397421875003 0.03603694583333331
7 0.511057619140625 0.4102667826388889 0.008576102343750058 0.01940450972222223
0 0.440889523828125 0.4830336916666667 0.047558374218749935 0.054055416666666724
7 0.19335208125 0.3652205979166666 0.017152199999999996 0.023562620833333308
0 0.551599183984375 0.4636291854166667 0.014813266406250048 0.02079054861111113
0 0.5609549296875 0.4622431486111111 0.007016809374999955 0.012474330555555626
0 0.56797173984375 0.46085711041666666 0.011694684375000009 0.012474329166666662
0 0.592920394140625 0.4615501305555556 0.02728759296874994 0.05821352500000003
0 0.6166995820312501 0.45531296527777776 0.00935574531250003 0.023562616666666734
7 0.7737981480468751 0.43590845763888886 0.024169010156249993 0.01524640416666669
6 0.635411073828125 0.35482532499999997 0.009355746093750028 0.03880901944444442
7 0.5827850027343751 0.38185303333333326 0.007016810156249953 0.023562616666666654
7 0.582785004296875 0.40610867152777774 0.008576102343750058 0.011088287499999992
0 0.487668253515625 0.4740244576388889 0.010135391406249994 0.008316218055555583