6 0.56944633046875 0.25377521875000003 0.011700703125 0.06656399305555555
6 0.59986815390625 0.33698020763888886 0.00936056093750004 0.033281995833333355
6 0.500997225390625 0.32657958541666665 0.00819049140625001 0.03744224583333333
6 0.5829021378906251 0.25793546805555556 0.015210911718749998 0.058243494444444446
6 0.555405487109375 0.25793546805555556 0.011700700781250007 0.058243494444444446
6 0.602793329296875 0.47738862777777774 0.005850350781250046 0.01872112222222218
0 0.6156641023437499 0.5293917451388889 0.054993298437500025 0.08112486527777776
0 0.746711959765625 0.48570912847222225 0.052653157031249974 0.02704162083333333
0 0.78532427578125 0.5106706243055555 0.038612315624999914 0.052003118055555575
0 0.888290450390625 0.5949156756944445 0.22114326171875004 0.29121746527777786
0 0.697569015234375 0.5772346159722223 0.18136087578125 0.2808168402777778
0 0.081757696484375 0.47140125833333335 0.16193093359375002 0.6630537805555555
0 0.4454188914062501 0.6011560506944444 0.3346400671875 0.6032361763888889
7 0.35883370000000003 0.17265035347222224 0.053823228125 0.10816648749999999
6 0.33777243749999997 0.28393702847222224 0.02574154218750002 0.04784286805555556
6 0.3635139796875 0.2860171527777778 0.011700701562500004 0.05200311666666665