6 0.6438864925781249 0.2521874111111111 0.013710930468749983 0.016874994444444465
7 0.024257803906249997 0.2906248986111111 0.0400781109375 0.014999994444444435
7 0.124453081640625 0.35531237430555557 0.014765619531249996 0.02812499027777776
7 0.48726545429687496 0.28312490069444446 0.021093742968750016 0.041249984722222244
7 0.562675584375 0.26249991041666665 0.04324217187499997 0.04124999027777779
7 0.7140231874999999 0.27437489375 0.02742186562500004 0.029999990277777756
7 0.6233200953125 0.2828123923611111 0.023203117187499966 0.013124993055555558
7 0.66761695390625 0.2940623854166667 0.014765620312499995 0.024374987500000007
0 0.8096173890625 0.3275623798611111 0.028476551562499973 0.07312497361111106
0 0.7015119582031251 0.3200623819444444 0.05695310546875003 0.054374980555555535
0 0.18722795195312503 0.3840818965277778 0.05484373359375001 0.048749981944444444
0 0.7688879046875 0.34095691180555554 0.08332028281249997 0.08999996805555553
0 0.6143762390624999 0.4047068902777778 0.1560936953125 0.20999992777777782
0 0.33963024140625 0.5462693402777777 0.40183579687500004 0.4818748305555556
0 0.051600051562500006 0.3881248638888889 0.10320010312500001 0.08249996944444449
7 0.074455405859375 0.28139295486111116 0.040328383593749996 0.018305081944444426
7 0.136664080078125 0.28596922569444444 0.018877114843750008 0.00915254027777779