7 0.09016972578125 0.314538 0.026319814062500002 0.012130941666666652
7 0.13403607968750003 0.28247765208333336 0.045815968750000005 0.013863931944444415
7 0.361653710546875 0.32926842777777776 0.029244235156249986 0.013863933333333299
7 0.490328346875 0.25041730416666663 0.01754654218749998 0.022528891666666696
7 0.490328346875 0.29200910555555554 0.01754654218749998 0.03639282777777776
7 0.48935353945312504 0.3336009090277778 0.017546541406249984 0.015596926388888871
7 0.39674679414062497 0.3240694520833333 0.013647310156249981 0.034659834722222234
7 0.397234197265625 0.35439680763888887 0.012672502343749947 0.008664956944444432
6 0.190574934765625 0.2790116673611111 0.00682365546874999 0.0311938513888889
6 0.32509841640625 0.3214699659722222 0.006823654687500014 0.025994873611111104
6 0.075060204296875 0.3656612541666667 0.011697694531250002 0.017329916666666712
6 0.06141289414062499 0.36652774930555554 0.009748078906250002 0.019062906944444475
6 0.181314259375 0.2790116673611111 0.007798462500000003 0.0311938513888889
6 0.31827476171875 0.3188704784722222 0.0068236546874999695 0.027727868055555563
6 0.404057852734375 0.3951221145833333 0.00877327109374999 0.017329918055555598
6 0.068076731640625 0.40921846805555556 0.014501942968750004 0.028124980555555606
0 0.564901147265625 0.4384469069444445 0.15499444765624998 0.12130942222222221
2 0.6852899156250001 0.40465356875 0.18911272187499995 0.17849814861111107
2 0.53321989140625 0.4098525430555556 0.120876171875 0.1299743777777778
0 0.28659350703125 0.44884485625 0.042891545312500015 0.03812581805555561
0 0.262710713671875 0.4627087902777778 0.01462211796874997 0.010397950000000043
0 0.3158377421875 0.4523108402777778 0.019496156249999962 0.024261883333333303
0 0.24662638476562498 0.46184229583333336 0.011697692968750006 0.012130944444444462
0 0.23492868984374998 0.46617477361111115 0.009748078125000026 0.017329916666666712