0 0.9795359769531249 0.5431534076388889 0.039765858593750106 0.13187310138888894
0 0.9172106417968748 0.5560688159722222 0.10629719921875011 0.12779455416666663
0 0.14789422265625 0.524120176388889 0.042824771875 0.042145011111111096
0 0.10239290390625 0.52955824375 0.034412762500000006 0.04486404583333336
0 0.06071522460937499 0.5404343743055555 0.058119332031250005 0.0530211430555555
0 0.0171257265625 0.5485914770833333 0.033648034375000004 0.05845921250000004
0 0.19316113124999998 0.5372060284722222 0.05629396874999999 0.06559768194444442
0 0.26719179921874997 0.5560688166666666 0.08717899843750003 0.12507551944444445
0 0.81779599453125 0.5812198722222222 0.11088556718750012 0.1373111694444444
6 0.53025824765625 0.40312320625000003 0.03594221718749999 0.039425981944444445
7 0.536376071875 0.2515371125 0.04053058749999998 0.035347427777777794