7 0.950348028515625 0.14301754583333334 0.024377989843750038 0.030337055555555558
1 0.458522065625 0.31637214513888884 0.04266148437500004 0.06934183749999999
1 0.040026880078125 0.3976321131944444 0.08005376015625 0.1495183430555556
0 0.793719437109375 0.3358745388888889 0.09629306484375011 0.09534503055555557
1 0.630996350390625 0.34020840208333336 0.09019856640624999 0.1343498152777778
0 0.49630795195312505 0.3261233423611111 0.03291028671875003 0.032503987500000005
0 0.2915328296875 0.34887613333333334 0.05241268125 0.060674111111111116
0 0.11201686757812501 0.39546518125 0.10360646015625001 0.10617969027777774
0 0.18088469140625002 0.3792131888888889 0.07069617343750001 0.07367570555555558
0 0.23207847148437502 0.3694619923611111 0.051193780468749985 0.058507176388888894
0 0.32471483554687497 0.3477926673611111 0.019502391406249986 0.04550558194444447
0 0.350311725390625 0.3434588034722222 0.031691388281249996 0.03683785416666668
0 0.37225191796874996 0.3380414701388889 0.017064593750000023 0.03467091805555553
0 0.759088028125 0.29360956944444444 0.032581303125 0.03681828333333333
0 0.69217246171875 0.32761964652777775 0.03770471718749997 0.05616336805555555
0 0.676367352734375 0.3001201520833333 0.028034689843750016 0.02383625694444444
0 0.58251208828125 0.3239564104166667 0.020721292187500052 0.03683785416666668
0 0.519738760546875 0.3272068083333334 0.026815789843749993 0.030337055555555558
0 0.539241154296875 0.32070601041666663 0.021940191406249986 0.03467091805555557
0 0.555086848046875 0.3207060097222222 0.014626792968749936 0.02600318888888889
0 0.566056944140625 0.31962254444444443 0.0073133976562500536 0.028170122222222222
0 0.3850503625 0.3358745368055555 0.008532295312499993 0.026003190277777775
0 0.40211495546875 0.3326241402777778 0.020721292187499962 0.028170124999999994
0 0.42526705195312503 0.3272068083333334 0.015859686718749978 0.021669324999999993