7 0.007444858203125 0.4182355798611111 0.01191177265625 0.021176484722222236
7 0.397555418359375 0.25676488125 0.026801488281250042 0.02647060694444446
7 0.40276681875 0.29117666875 0.016378687500000044 0.0370588486111111
7 0.40648924765625 0.37588260902777776 0.01786765937500001 0.02117648472222216
7 0.70785709140625 0.3639708368055556 0.032757375 0.018529423611111144
7 0.69147840390625 0.4023532152777778 0.023823545312500017 0.01588236388888886
7 0.66616588671875 0.41558851874999997 0.011911773437500005 0.02647060694444442
7 0.8951697464843751 0.20250013819444443 0.056580921093750014 0.03970590972222219
7 0.883257973828125 0.030441197222222223 0.06253680703125006 0.060882394444444446
7 0.164084672265625 0.4539708979166666 0.029779432031249997 0.03441178750000004
7 0.16706261484375 0.48573562569444445 0.01786765937500001 0.034411787499999964
7 0.309259403515625 0.4460297159722222 0.013400744531250019 0.018529423611111106
7 0.3100038890625 0.46323560972222216 0.011911773437500005 0.015882363888888938
7 0.385196955078125 0.45264736736111105 0.010422800781249996 0.02647060694444442
6 0.252380687109375 0.31235315416666665 0.013400744531250019 0.05823533333333333
6 0.41572087890625 0.33485316944444443 0.008933829687499983 0.05029415277777779
6 0.5489838375 0.32691198819444445 0.010422801562499995 0.039705909722222224
6 0.23674648515625002 0.3044119722222222 0.011911773437500005 0.03176472777777776
6 0.7060703531250001 0.4314708826388889 0.017867659375000056 0.021176484722222236
6 0.922715721484375 0.29779432083333335 0.031268403906249985 0.039705908333333345
6 0.88176900234375 0.3163237451388889 0.014889715625000122 0.055588273611111086
6 0.738827728125 0.16147069791666668 0.017867659375000056 0.05294121249999997
0 0.409169401171875 0.48441209583333333 0.011911772656250008 0.01588236388888886
0 0.39427968515625 0.48573562569444445 0.017867659374999966 0.02382354583333337
0 0.35184399453125004 0.49897092847222224 0.019356631250000023 0.02382354583333337
0 0.29377410234375 0.52147094375 0.034246346875000014 0.037058848611111174
0 0.213071833984375 0.5598533229166667 0.022334574218750004 0.0502941513888889
0 0.620603391796875 0.5029415201388888 0.014889716406249942 0.021176484722222236
0 0.65038282421875 0.5201474138888889 0.05062503437499997 0.06617651666666664
0 0.12209567148437499 0.58367686875 0.10422801171875 0.09794124305555556
0 0.25997443984375 0.5505886111111111 0.08933829687500001 0.11117654722222226
0 0.3321895625 0.5095591715277779 0.040202232812500016 0.039705909722222224
0 0.373136281640625 0.50426505 0.04169120546874998 0.04500003055555553
0 0.55315295078125 0.5757356868055555 0.1652758484375 0.2832354875
0 0.00818934375 0.62735336875 0.0163786875 0.0370588486111111
0 0.8966587179687501 0.5360297777777778 0.20547808125000006 0.4473532472222222