7 0.047010000390624994 0.07488449236111111 0.01755105234375 0.01664099861111112
7 0.049350141406250006 0.10192611388888889 0.026911612500000005 0.037442244444444446
0 0.08152707031249999 0.1352081076388889 0.009360560937500007 0.020801245833333325
0 0.0932277734375 0.13104785833333332 0.014040840625000005 0.024961497222222226
0 0.10258833359375 0.13728823125 0.007020420312500009 0.0166409986111111
0 0.21667017460937502 0.14144848194444443 0.026911613281250003 0.05408324444444445
0 0.235976331640625 0.13624817083333332 0.011700700781250007 0.03536212222222223
0 0.445418891796875 0.1144068611111111 0.08190491171875003 0.05408324444444444
0 0.67124243515625 0.11128667291666668 0.05148308750000004 0.06864411527777776
0 0.757242591015625 0.06760405416666668 0.043292596093749934 0.022881372222222227
0 0.857283591015625 0.054083243055555556 0.06318378828124996 0.03328199444444444
0 0.891215625390625 0.06240374097222222 0.05616336796874997 0.033281995833333335
0 0.715120066796875 0.12064723472222223 0.11583694609375002 0.08320498888888889
0 0.925732695703125 0.06968417708333333 0.09477568359375006 0.05616336805555555
0 0.7882494511718751 0.1227273611111111 0.18487108671875002 0.1123267361111111
0 0.039404545703125 0.15184910416666667 0.01872112265625 0.02080124722222223
0 0.025363703125000005 0.15600935416666667 0.01638098125 0.02080124722222223
0 0.009171640625 0.16120966805555556 0.01834328125 0.03536212222222221
0 0.00215121953125 0.17057022777777778 0.0043024390625 0.02912174444444443
0 0.0709964390625 0.14664879583333332 0.025741543750000005 0.039522369444444434
0 0.15992177265625002 0.15704941805555556 0.10998659531250002 0.15600935555555553
0 0.27107843750000005 0.14768885624999997 0.06084364843750003 0.07904474027777778
0 0.5349292605468751 0.12376742222222223 0.05733343671875 0.07280436666666666
0 0.6027933296875 0.11856711180555557 0.05265315781250006 0.07072424027777778
0 0.9356782921875 0.10920654791666667 0.12636757812500007 0.15184910416666664
9 0.33835747187500004 0.12584754791666666 0.008190490624999968 0.02704162361111112