7 0.024779594140625 0.3899013173611111 0.01598684140625 0.023092104166666634
7 0.026278360156250003 0.4174342138888889 0.02098273125 0.024868422222222207
7 0.028776303125000003 0.4414144770833333 0.0159868421875 0.01953947361111111
0 0.149676798046875 0.4796052659722222 0.019983553906249996 0.03907894861111111
0 0.123198591015625 0.4840460555555555 0.03696957109375001 0.062171052777777826
0 0.10171627070312501 0.4938157923611111 0.03996710546875001 0.06750000138888891
0 0.0847302515625 0.5044736868055556 0.0399671046875 0.08526315972222223
0 0.009891852734375001 0.5693092152777778 0.019783705468750003 0.12611842222222225
0 0.039458228515625006 0.5222368451388888 0.07855391640625001 0.11013157916666666
0 0.172158295703125 0.48404605694444447 0.04096628359375001 0.05151315833333333
0 0.27507359140625 0.5142434243055555 0.17085937812500002 0.2398026347222222
2 0.368496700390625 0.4254276333333334 0.06994243515625001 0.09059210555555564