0 0.43183987578125 0.3136715027777778 0.00974807812500007 0.017329916666666674
0 0.421116989453125 0.32146996527777777 0.011697694531249959 0.012130941666666652
0 0.41283112265625005 0.32580244444444445 0.010722885937499971 0.013863933333333339
0 0.40552006406249996 0.33360090694444444 0.01169769374999996 0.01906290833333332
0 0.397234197265625 0.33966637847222225 0.00877327109374999 0.020795901388888854
0 0.389435734375 0.34486535347222225 0.012672501562499994 0.038125818055555524
0 0.371401789453125 0.3413993701388889 0.025345003906249986 0.031193851388888857
0 0.369939577734375 0.3595957826388889 0.028269427343749997 0.04679077638888892
0 0.34800640078125 0.3812581791666667 0.05069000781249997 0.07278565000000002
0 0.332896879296875 0.3362003951388889 0.024370196093749998 0.01732991805555556
0 0.351418228515625 0.33100141944444444 0.010722886718750014 0.02079590000000001
0 0.180826855078125 0.37952518749999997 0.024370196093749998 0.07278565277777777
1 0.1662047375 0.35093082430555556 0.05361443124999998 0.04679077638888892
0 0.016571733203125 0.40985254374999996 0.03314346640625 0.03985880972222217
0 0.012672501953125002 0.47050725416666667 0.025345003906250003 0.09184856388888889
0 0.103329631640625 0.43584741944444444 0.15596925546875 0.17849814722222226
0 0.26319811875 0.42804895625 0.14037233124999998 0.2148909736111111
0 0.19886080039062498 0.39078963333333333 0.019496157031250006 0.06758667500000004
0 0.318274761328125 0.3578627909722223 0.016571732031250043 0.032926843055555585