7 0.5283651218750001 0.42809210694444444 0.06394736874999998 0.10657894722222226
7 0.4269485921875 0.4485197388888889 0.04895970468749997 0.06927631666666671
7 0.622787408984375 0.5435526347222221 0.036969572656250005 0.06039473611111114
7 0.570830172265625 0.5257894770833333 0.022981086718749922 0.03907894861111111
7 0.5478490859375 0.5337828972222222 0.02098272968749999 0.033750000000000016
7 0.52486800078125 0.5364473715277778 0.016986020312500027 0.028421051388888844
0 0.311043986328125 0.6075000034722222 0.02697779609374997 0.042631579166666635
0 0.48839801601562505 0.5941776354166666 0.023980263281250025 0.04085526527777772
0 0.531862244140625 0.5906250027777777 0.012989307031249986 0.02309210555555552
0 0.5458507296875 0.5941776354166666 0.01298930937499998 0.019539476388888883
0 0.57732482578125 0.5977302652777777 0.019983553125000064 0.01953947222222215
1 0.3809864203125 0.547993423611111 0.11890213750000003 0.1758552638888889
0 0.0638474453125 0.6412500034722222 0.127694890625 0.11013157916666666
0 0.8326147128906249 0.5968421090277778 0.058951480468750005 0.04263157916666671
6 0.6512639714843751 0.5124671069444444 0.009991775781249945 0.037302630555555535
0 0.660256569921875 0.5977302666666666 0.05395559140625004 0.03374999999999994
0 0.7042203859375 0.5941776340277778 0.04796052656249996 0.030197368055555528
0 0.9445888027343748 0.5926831701388888 0.10722886328124996 0.05545573472222224