7 0.055315325000000005 0.31790028541666665 0.041295314062500005 0.020392745833333316
7 0.05340350546875 0.3484894083333333 0.03594221874999999 0.01903323055555559
7 0.43194388984375004 0.4205437847222222 0.013000376562500016 0.0271903305555555
7 0.08513971875 0.3749999798611111 0.024471296874999993 0.03670694583333337
7 0.11496411328125 0.3299093472222222 0.0382364015625 0.06525679444444445
7 0.272115727734375 0.39108758888888895 0.02523602578124997 0.04078549444444448
7 0.8205956730468751 0.36014442708333333 0.052766236718750026 0.06525679305555553
1 0.018395946875000003 0.42970635347222225 0.03594221875 0.08836857361111107
0 0.5342050183593751 0.4711716076388889 0.030589121093750025 0.04350452916666667
0 0.662509409765625 0.48126885208333336 0.02600075390624994 0.04350452916666667
0 0.5978898890625001 0.4826283694444445 0.09712046249999995 0.1495468194444444
1 0.9133870019531252 0.4568241076388889 0.17206381171875 0.25830814027777776
0 0.697285429296875 0.4751473833333334 0.031268403906250075 0.029117666666666667