7 0.03834068671875 0.5597277138888889 0.030406173437499996 0.045739205555555565
7 0.23364188242187503 0.5479464041666666 0.024948655468750004 0.04435316944444452
7 0.130728678515625 0.6726896819444446 0.028067238281249997 0.05544145555555555
7 0.5267885863281251 0.5694299708333334 0.015592910156250018 0.026334694444444452
7 0.533805395703125 0.6269504805555555 0.01091503671874996 0.024948655555555553
7 0.5930584523437499 0.6144761520833334 0.0062371640624999895 0.016632437499999972
0 0.5860595246093749 0.636467942361111 0.00857610234374997 0.02217658194444449
0 0.573585195703125 0.6399330361111111 0.021050427343750046 0.020790550000000015
0 0.5603312230468751 0.6399330340277778 0.008576100781249974 0.0180184736111111
0 0.5517551218750001 0.6406260534722222 0.011694681249999927 0.01386036250000002
0 0.54200955390625 0.6447841618055555 0.012474328124999979 0.016632437500000048
0 0.5283657578125001 0.6461701986111111 0.011694682812500013 0.013860363888888906
0 0.5201794800781251 0.6350819083333333 0.012474325781249984 0.008316222222222239
0 0.5162812531250001 0.6461701986111111 0.01559290937500002 0.022176583333333295
0 0.469112700390625 0.6510213256944444 0.02260971953124997 0.029106765277777828
0 0.37321629375 0.6475562354166666 0.03664333749999997 0.04158109027777775
0 0.879838055859375 0.7108056840277778 0.23831163828125002 0.2425563708333333
2 0.146321587890625 0.6428898993055556 0.25260513984375 0.15939418750000003