7 0.6032049749999999 0.29845740625000006 0.054659350000000016 0.09717217916666665
7 0.600276794921875 0.21516696666666665 0.031233914843750023 0.052056524999999985
6 0.387007722265625 0.31407436319444443 0.01268877734374998 0.0520565236111111
6 0.30306657734375003 0.38001262777777783 0.006832420312499999 0.03470434722222227
7 0.38700772265625 0.2793700145833333 0.010736657812500017 0.02082260972222222
7 0.471924928125 0.4207902388888889 0.012688778124999977 0.029498697222222207
7 0.459236149609375 0.4233930631944445 0.008784538281250054 0.02082260972222222
6 0.51633564921875 0.45896502222222224 0.011712718749999951 0.019087391666666696
9 0.7379012312500001 0.4789200229166667 0.0507551125 0.17352175138888895
0 0.401160590234375 0.5170948083333333 0.040994513281249964 0.05552696111111115
2 0.37480697421875 0.49019893611111104 0.04685087187499999 0.08155521944444447
2 0.42751420625000003 0.4841256749999999 0.023425435937499996 0.034704350000000043
2 0.28988976953125 0.4815228479166666 0.11907929999999997 0.08502565694444439
0 0.24499101640624996 0.5162271993055556 0.04880299218749999 0.05726217916666666
0 0.326980041796875 0.5136243715277777 0.07222842734374998 0.10411304583333332
0 0.14884912421875002 0.5301089381944444 0.040018453125000006 0.08502565694444439
1 0.07027630781250001 0.47024393611111115 0.14055261562500002 0.21863739999999998
0 0.4878676164062499 0.5669427402777778 0.1559536875 0.2239335