6 0.526409097265625 0.45342819305555554 0.007362364843750057 0.02617729722222227
6 0.48854550703124994 0.45903761388888886 0.0052588312500000175 0.022437683333333385
0 0.550599725390625 0.5403742180555555 0.03470829296874998 0.05609420833333335
0 0.567427987890625 0.5525279625 0.032604758593750026 0.06918285833333329
0 0.614757478515625 0.5525279638888889 0.07677894921875002 0.11779784166666664
0 0.6252751417968749 0.5805750694444445 0.055743619531250045 0.09162054166666667
0 0.675234046875 0.5833797798611111 0.09676251249999997 0.14958455972222226
0 0.285028701953125 0.5553326743055556 0.06520951796875 0.08601112083333338
0 0.257156890625 0.5796401638888888 0.057847153124999995 0.07479228055555553
0 0.20456857070312498 0.5933392826388888 0.07677894921874999 0.1021905180555555
0 0.11121935078125 0.6139741986111111 0.1078159578125 0.1322415027777778
0 0.48644197343749995 0.5796401652777777 0.08308954843749997 0.14210533055555555
0 0.763056544921875 0.6301249534722222 0.18195559140625006 0.18324108472222214
0 0.041544773828125 0.6385390875 0.08308954765625 0.1514543666666666
0 0.43543130234375005 0.5263506673611111 0.02524239374999997 0.03178671805555556