9 0.4552352640624999 0.4930361465277778 0.007798462500000003 0.05372274583333336
0 0.5678255703125 0.46444178263888886 0.032168659375 0.02426188472222219
0 0.54443018203125 0.4696407576388889 0.008773270312500081 0.02426188472222227
0 0.530295468359375 0.4705072534722222 0.01949615703124996 0.0329268430555555
0 0.619490386328125 0.4817716993055556 0.026319811718749975 0.0415918013888889
0 0.646297601953125 0.48957016249999996 0.035093082031249966 0.06412069444444445
0 0.50397565625 0.48610417916666665 0.04094192968750008 0.07105266111111111
0 0.5712373976562499 0.53549444375 0.08578309062500003 0.13170737083333336
0 0.672617413671875 0.5060335840277778 0.07408539609375006 0.11784343749999995
2 0.599019421484375 0.44191289027777775 0.03411827421874998 0.05892171944444442
2 0.574649225390625 0.45491032847222224 0.018521349218749972 0.0329268430555555
2 0.877327061328125 0.4289154520833333 0.23980273046874992 0.28594363472222223
0 0.876839657421875 0.5935496659722221 0.24272715390624997 0.30327355138888884
6 0.72184521015625 0.36739424583333335 0.004874039062499946 0.02079590000000001
6 0.7340303078125 0.4384469069444445 0.005848846875000024 0.017329916666666712
6 0.380175059765625 0.3344674034722222 0.015596925781250003 0.05198975138888891
7 0.720382998046875 0.33360090694444444 0.015596925781250003 0.005198974999999982
7 0.667255970703125 0.42025049375 0.012672502343749947 0.025994876388888914
7 0.46498334257812496 0.43151493958333337 0.009748078906250068 0.02426188472222219
7 0.717458574609375 0.3977216013888889 0.01949615703125005 0.022528891666666655
7 0.295854180859375 0.3786586923611111 0.014622116406250019 0.025994876388888914
6 0.39187275390625 0.33533389930555557 0.011697693750000005 0.04332479305555555
6 0.6268014449218751 0.4185175020833333 0.005848847656250022 0.02252889305555554