6 0.728724330078125 0.47908153263888886 0.016530608593749996 0.07163263749999997
7 0.12948976406249998 0.4080611333333333 0.012397956249999998 0.023877547222222184
7 0.728207748046875 0.42551010902777775 0.01343111953124998 0.018367343055555492
6 0.370733334765625 0.5139794826388889 0.009298467968750002 0.03857142083333337
7 0.012126754296875 0.2325305638888889 0.01239795703125 0.025714280555555566
6 0.011093590625 0.27918361319444446 0.018596934375000002 0.06979590416666667
7 0.641766445703125 0.5051019326388888 0.009298467968749956 0.01469387361111111
6 0.692908016796875 0.5354080493055556 0.008265303906249955 0.023877545833333378
6 0.64228302734375 0.5326529479166667 0.008265304687499952 0.029387748611111104
7 0.646932261328125 0.5546937597222222 0.009298467968750047 0.014693874999999995
7 0.72493607109375 0.5583672284722222 0.014464282812499984 0.02204081249999995
7 0.21411013007812496 0.42153052361111115 0.009298467968750002 0.01653060833333334
6 0.05448643906249999 0.4077550152777778 0.014464282812499996 0.0551020305555556
6 0.128874179296875 0.4536733743055556 0.014464283593750005 0.062448968055555554
6 0.215659875390625 0.4384916159722222 0.008265303906249999 0.03208545138888886
0 0.24570496718749996 0.5702486034722223 0.02272958749999998 0.036734684722222175
0 0.22142563554687503 0.5693302368055556 0.04029335859374998 0.05693876527777775
0 0.11449326015625001 0.5610649326388889 0.020663260937499994 0.029387751388888876
0 0.07523306562500001 0.5720853375 0.088852021875 0.08081630833333335
0 0.036066787890625 0.5977996173611111 0.07213357578125 0.14693874305555552
0 0.33663895390625 0.5709182479166667 0.015497445312499991 0.023877545833333378
7 0.416610087109375 0.5721427368055556 0.011364794531250055 0.016530609722222225
0 0.3592695375 0.57122436875 0.024795912499999996 0.033061218055555563
0 0.38441045 0.5701748104166667 0.027895401562500012 0.025714281944444414
0 0.46396400546875 0.570174811111111 0.013431120312499979 0.018367344444444454
0 0.4525992109375 0.5720115437500001 0.015497446874999987 0.018367343055555572
0 0.43141936875 0.5710931763888889 0.012397956249999975 0.01653060833333334
0 0.44020125546875005 0.5710931770833333 0.01549744531250008 0.020204076388888915
0 0.55377539296875 0.5730611020833334 0.00826530468750004 0.01469387361111111
1 0.565828958984375 0.5693876354166666 0.019974480468749965 0.03673468472222226
9 0.5227313 0.5693876347222223 0.009052470312499939 0.018367344444444454
0 0.7914029089843749 0.6032360270833333 0.07232141328125001 0.04775509305555556
7 0.7531758769531249 0.5462972652777778 0.008265303906250044 0.018367344444444454
0 0.75059296875 0.5867054180555555 0.015497445312499991 0.018367344444444454
0 0.814132495703125 0.6096645979166666 0.09298467421875004 0.05693876527777775
9 0.8273757617187499 0.5967142708333333 0.018596935937499913 0.04959182499999994
0 0.8712851921875 0.6279387583333333 0.04855866406250016 0.04959182499999994
0 0.163756343359375 0.5868366097222223 0.11571426015625001 0.10836732222222223
0 0.29560732109375004 0.5960202833333332 0.08963980624999998 0.10469385555555553
0 0.54688763359375 0.5748978368055556 0.012397956250000064 0.018367343055555572
6 0.7164587625000001 0.41750379305555557 0.009536889062500008 0.04238617222222227