0 0.36342903125000003 0.46756951388888884 0.030604548437500025 0.03570531111111113
0 0.338562834375 0.46331888125 0.013389489062500015 0.02040303194444443
0 0.30843648085937503 0.4633188826388889 0.02964815859375003 0.040806068055555596
0 0.28787404882812495 0.4633188819444445 0.030604550781250017 0.044206572222222226
0 0.25153114531250004 0.47522064999999997 0.04208125624999996 0.05100758333333333
0 0.09181365 0.4667193881944444 0.1319821234375 0.1700252791666666
0 0.42511632734375004 0.4650191333333333 0.027735373437499967 0.030604550000000015
0 0.444244172265625 0.4726702729166667 0.02008423671874997 0.03570530972222225
0 0.48584723203125 0.48287178819444443 0.057383531249999994 0.04930732916666661
0 0.56522778359375 0.5134763395833334 0.09659561093749999 0.13431996805555554
0 0.7243149332031249 0.5219510375 0.23879374609374998 0.2635923138888888
7 0.43255011093749995 0.4392303631944444 0.011476706250000034 0.018702779166666676
0 0.021692718359375 0.49472042569444447 0.04112486328125 0.18532755138888887
0 0.9259615332031249 0.6315907743055555 0.12624376796874995 0.3094460041666668