7 0.339673669140625 0.4920429305555556 0.018711491406250013 0.0360369472222222
7 0.621125690625 0.5107544243055555 0.010915037500000047 0.0180184736111111
7 0.45541041015624995 0.5112494423611111 0.01949113593749994 0.011088293055555533
7 0.39069983359375 0.5209516972222222 0.008576101562500016 0.013860363888888906
7 0.3903100109375 0.53827715 0.007796456250000005 0.015246399999999957
7 0.8752495292968749 0.5112494409722221 0.020270783593750074 0.05821353194444446
6 0.3905244328125 0.48691460138888887 0.0070168093749999995 0.009702255555555596
6 0.412744330078125 0.5042400555555555 0.0077964554687500074 0.013860363888888906
6 0.472777032421875 0.5264166395833333 0.006237163281249991 0.008316220833333353
7 0.4115748625 0.5340398375000001 0.010135390624999996 0.015246400000000035
0 0.520121008203125 0.5590676979166667 0.008576100781250063 0.015246398611111149
0 0.499850225390625 0.5694629715277778 0.02105042890625004 0.03880901805555549
0 0.463986533984375 0.5812442812499999 0.06471057578125006 0.09563651527777779
0 0.43124142265625 0.5562956263888889 0.014813264062500053 0.03187883611111112
0 0.544679842578125 0.5361980979166667 0.031185819531250037 0.027720729166666697
0 0.5431205511718751 0.5805512638888889 0.05769376640625001 0.07761803888888892
0 0.6787788671875 0.5867884270833333 0.09667604062499997 0.10118065972222223
0 0.79380906484375 0.5703539895833334 0.11928575937499994 0.11504102361111114
6 0.450603048046875 0.49787379305555557 0.011597939843750016 0.024742272222222222