7 0.5973414484375 0.1863615048611111 0.08573589843749999 0.04226755694444443
7 0.597341448828125 0.28178371736111113 0.14481441640624998 0.1716319013888889
7 0.668667953125 0.4066651381944444 0.03674395625000004 0.05507590972222221
7 0.668667952734375 0.4482922777777778 0.015129864843749985 0.010246680555555561
7 0.668667951953125 0.4745493972222222 0.02089362265624999 0.032020877777777755
7 0.43811763710937496 0.2676945319444444 0.17651508359374998 0.23823532499999997
7 0.35886596718749997 0.5353890618055556 0.043948653125 0.023055031944444457
7 0.28970087265625 0.5706120284722223 0.012247984374999988 0.01921252638888886
0 0.248329405078125 0.5981499819444445 0.012968455468750006 0.017931691666666676
0 0.23103813125 0.5975095645833334 0.011527515625000007 0.011527515277777746
0 0.21915038124999997 0.5987903993055556 0.009366107812500024 0.014089184722222193
0 0.2386030640625 0.6039137402777778 0.013688925000000029 0.014089186111111079
0 0.25445339765624997 0.6160816736111111 0.013688924999999985 0.012808350000000008
0 0.24040423789062498 0.6423387923611111 0.03458254609375002 0.04995256805555554
0 0.27210490546875 0.6404175409722221 0.051873820312499985 0.04867173472222224
0 0.33298459882812503 0.6224858486111111 0.036743957031249996 0.030740041666666683
0 0.301644165234375 0.6205645965277777 0.02161409140624997 0.04226755694444443
0 0.306327218359375 0.6333729465277778 0.019452682031250036 0.024335865277777754
0 0.36216362304687505 0.6301708597222222 0.015850335156250006 0.020493361111111122
0 0.36942085507812494 0.6340133652777777 0.013688924218749987 0.026897538888888857
0 0.37374367421875 0.6333729472222223 0.015129865624999983 0.025616702777777788
0 0.38310978046875 0.6327325284722223 0.013688925000000029 0.047390898611111176
0 0.39139518203124996 0.6378558701388889 0.017291273437499966 0.0601992486111111
0 0.49226094531250003 0.6288900243055555 0.025936910937500012 0.05507590972222221
0 0.43966665429687507 0.6314516951388889 0.09222012578125005 0.1549810458333334
0 0.529725370703125 0.6404175409722221 0.08069261015624996 0.09606263194444445
0 0.11509503984375 0.6577088131944444 0.08285401875 0.08709678472222228
0 0.91723001015625 0.5508871708333333 0.16210569062500008 0.40346304999999993
0 0.9676628902343751 0.7948862541666668 0.06268086640624997 0.27666037777777774