6 0.54170618046875 0.53702040625 0.015497445312499991 0.02204081249999995
7 0.614027592578125 0.47106495 0.017563771093750003 0.02938774722222222
7 0.6930645660156249 0.4380037333333333 0.02066326015625002 0.022040811111111065
7 0.7612533265625 0.4545343416666667 0.02272958593750003 0.04040815277777783
7 0.98219367421875 0.4463264361111111 0.03306121718749999 0.055102030555555515
7 0.83083528828125 0.5041835666666666 0.017563771875000002 0.02755101388888895
6 0.495954851953125 0.48948969236111106 0.01178237265625004 0.023877545833333378
6 0.34842132617187505 0.4922447944444444 0.013431119531250025 0.022040813888888917
6 0.28539837929687495 0.5289794791666667 0.013431119531250025 0.022040811111111065
0 0.44812156054687496 0.5574488597222222 0.012397957031250063 0.02020407777777772
0 0.46051951640625005 0.5556121263888889 0.012397956249999975 0.01653061111111111
0 0.473434054296875 0.5583672277777778 0.015497446093749988 0.022040813888888837
0 0.49048124531250004 0.5583672291666667 0.018596935937500003 0.018367341666666606
0 0.41919299374999996 0.5583672277777778 0.024795912500000038 0.022040813888888837
0 0.403695548828125 0.5629590625 0.02066326015625002 0.031224483333333334
0 0.37425040234375 0.5675509006944444 0.03409438125000004 0.036734684722222175
0 0.32982439062499996 0.5767345729166666 0.038227031249999974 0.0440816236111111
0 0.26886777031250003 0.5868366111111111 0.050624989062500035 0.06428570000000002
0 0.22960757578125 0.5923468125 0.040293359375000025 0.05693876111111109
0 0.206361407421875 0.5987753840277777 0.03926019453125003 0.05510202916666671
0 0.1836318203125 0.5996937513888889 0.045459173437500014 0.05693876388888886
0 0.13765606484375 0.5987753840277777 0.05889029375000001 0.08816324583333339
0 0.09684612421875 0.6006121166666667 0.05372447812499999 0.09551018611111112
0 0.043257246875 0.6052039548611111 0.08651449375 0.14510200972222217
0 0.50270761953125 0.5683380756944445 0.018596935937500003 0.029387748611111104
0 0.5166553203124999 0.5683380756944445 0.02169642500000002 0.029387748611111104
0 0.976511276953125 0.5629590638888888 0.04442601171875005 0.07897957500000001
0 0.9463773492187499 0.5721427347222222 0.0712882500000001 0.0973469166666667
0 0.876122262890625 0.6052039548611111 0.1188137507812499 0.1561224152777778