6 0.40095622578125 0.4035441993055555 0.01170070156249996 0.016640995833333328
7 0.450099172265625 0.45346719375 0.007020421093749984 0.0166409986111111
6 0.45828966445312497 0.44722682013888887 0.009360560156250041 0.020801245833333346
6 0.398031050390625 0.45346719375 0.010530632031249976 0.0166409986111111
6 0.498657083984375 0.40874451319444444 0.010530632031249976 0.018721123611111147
7 0.38047999960937495 0.4264255708333333 0.010530630468750024 0.02080124722222223
7 0.533759190234375 0.4191451347222222 0.010530630468749979 0.0228813722222222
7 0.612153891015625 0.4118646972222223 0.01755105234375005 0.016640997222222214
0 0.4688202960937501 0.46282775486111105 0.01872112187499999 0.02704162083333333
0 0.45419441875000005 0.4617876916666666 0.010530632812500062 0.024961494444444475
0 0.44190868125 0.46282775486111105 0.014040840624999973 0.022881368055555542
0 0.43488825976562495 0.4617876923611111 0.021061263281249954 0.0166409986111111
0 0.41148685703125 0.4680280666666667 0.014040842187499968 0.024961497222222167
0 0.38047999804687505 0.49610975 0.043292596093750024 0.06032361666666664
0 0.34596292812499996 0.4877892513888889 0.02808168437499998 0.06032361666666664
0 0.32256152460937504 0.48882931319444445 0.051483086718749994 0.07072424027777775
0 0.29272473515624997 0.5054703118055556 0.06435385937499997 0.0790447402777777
0 0.24533689296874997 0.5179510604166666 0.09360561249999999 0.0956857375
0 0.48871148789062496 0.46698800416666664 0.025741542968750065 0.0228813722222222
0 0.5308340152343749 0.49298956180555553 0.02340140234375001 0.03744224583333333
0 0.560085768359375 0.510670623611111 0.05382322734375 0.06864411666666667
0 0.598113048828125 0.5075504368055556 0.02223133359375007 0.07488449027777777
0 0.62326955859375 0.5106706236111112 0.06318378906250004 0.08528511388888889
0 0.68060299453125 0.5158709361111111 0.09360561250000003 0.10816648611111108
0 0.757242590625 0.5470728069444445 0.1649798937499999 0.14144848333333337
0 0.916957169921875 0.5033901881944445 0.16380982265625016 0.06656399305555559
0 0.85143323984375 0.6854011034722223 0.2948576828125001 0.35154108194444444
0 0.4822761019531249 0.5481128687500001 0.12051722578125004 0.15600935416666672
0 0.08288606132812501 0.5345920590277777 0.16577212265625002 0.19969197638888886
0 0.42084741953125004 0.4992299375 0.046802806250000016 0.058243491666666675
7 0.942113677734375 0.38690320069444445 0.02457147265624986 0.04160249305555557
7 0.940358573046875 0.4233053826388889 0.018721122656249988 0.03536211805555559
7 0.609228715625 0.3775426395833334 0.01638098281250002 0.014560870833333281