0 0.017152201171875 0.5395146777777777 0.03430440234375 0.0582135277777778
0 0.074066321484375 0.5566322375 0.14813264296875 0.12751535000000003
0 0.175030412890625 0.5401384118055556 0.05535482890625001 0.0540554208333333
0 0.22102949609375 0.5297431381944444 0.03820262812499999 0.027720726388888846
0 0.247927265625 0.5283571034722223 0.01559290937500002 0.02217658472222226
0 0.6155301140624999 0.4823406777777777 0.005457518750000024 0.011088291666666647
0 0.620597809765625 0.48580576805555553 0.0077964554687500074 0.006930183333333339
0 0.643987174609375 0.4906568951388889 0.00935574609374994 0.01940450972222215
0 0.6560716796875 0.4927359506944444 0.014813264062500053 0.02079054861111113
0 0.671664589453125 0.4975870784722222 0.017931846093750002 0.030492804166666727
0 0.7035521089843749 0.48317230625000007 0.01715220078124995 0.016632437499999972
0 0.7218737785156251 0.5004977631944444 0.02728759296875003 0.05682749583333333
0 0.7366870417968749 0.5046558708333333 0.030406172656249987 0.062371638888888886
0 0.766313571484375 0.5108930347222223 0.05847341171874998 0.07484596666666667
0 0.804906021875 0.5275254722222222 0.06393092968749992 0.07761803888888884
0 0.608435359375 0.4859443798611111 0.007796454687499921 0.013860368055555562
0 0.5874628765625 0.48622158333333326 0.007016809374999955 0.008316219444444467
0 0.5999372046875 0.48968667361111107 0.010135392187500081 0.015246400000000035
0 0.628394264453125 0.4910727097222223 0.015592910156250018 0.020790547222222164
0 0.8667708738281249 0.5398611881944444 0.11148930703124993 0.10395273194444449
6 0.34694224296875 0.24914004722222222 0.01559290937500002 0.056827491666666674
6 0.8443560660156251 0.12786186041666667 0.0202707820312499 0.08870633194444445
6 0.8683301632812501 0.12474327847222223 0.026507946875000066 0.09009236805555554
6 0.548090779296875 0.4338294034722222 0.004677872656249971 0.013860368055555562
6 0.5707004984375 0.45323391041666666 0.003118581249999952 0.011088293055555533
6 0.334857738671875 0.2765142666666667 0.011694682031250014 0.03742298333333333
7 0.348501534375 0.30617545902777776 0.038982273437500006 0.02356262083333335
7 0.952336965625 0.35676578888888894 0.02105042812500013 0.022176583333333333
7 0.6523293914062499 0.4647380388888889 0.005457518750000024 0.012474327777777777
7 0.638295772265625 0.46889615 0.0054575195312500215 0.012474327777777777
7 0.15164104765625 0.3731903076388889 0.014033618749999999 0.06098560416666668
7 0.577327485546875 0.44734325625000004 0.006237164843749987 0.0180184736111111
7 0.58434429453125 0.4625896569444444 0.0046778734374999685 0.015246399999999957