0 0.134947978515625 0.4099337145833333 0.26942791484375 0.8198674291666666
0 0.29626150703125004 0.5292742631944445 0.08752117031249998 0.12966099027777775
0 0.878019870703125 0.5681725631944444 0.24025418984375008 0.22881351527777774
0 0.727002951171875 0.5193590111111112 0.1544491242187501 0.18610165833333336
0 0.45455235078125 0.5064405826388889 0.007722457812499961 0.019830504166666665
0 0.45798455234375 0.5049151583333333 0.0077224546874999685 0.01677965555555553
0 0.467423110546875 0.5079660048611111 0.016302963281249916 0.028983048611111114
0 0.508609542578125 0.5072032944444445 0.02316736640624999 0.027457627777777795
0 0.523196404296875 0.5072032951388888 0.023167367968749984 0.04271185694444439
0 0.425807651171875 0.50796600625 0.006864403906249983 0.02288135138888884
0 0.42151739921875003 0.5072032944444445 0.013728812500000043 0.027457627777777795
0 0.411220790625 0.50720329375 0.013728810937499957 0.03355931527777779
0 0.399637106640625 0.5125422743055555 0.012870761718750012 0.04118642916666665
0 0.581114826171875 0.5003388881944444 0.034322027343750075 0.02593219861111109
0 0.610288549609375 0.49652532986111103 0.030889825781250036 0.03355931527777779
0 0.43653328554687504 0.5094914284722222 0.024883469531250046 0.03203389583333337
0 0.44125256484375 0.5033897361111112 0.013728810937500047 0.0320338944444444
0 0.48544217539062495 0.5087287180555555 0.03346397734374999 0.04271185833333335
0 0.545934747265625 0.5072032930555556 0.04805083671874995 0.045762702777777754
1 0.35413896835937503 0.4972117763888889 0.08147191171874998 0.11761013333333337
7 0.5974177890625001 0.09305082847222222 0.18190674375000002 0.1845762375
7 0.512470772265625 0.07932201736111111 0.03260592578125001 0.1571186152777778
1 0.817078765234375 0.4538134715277778 0.09352752421875002 0.06406778194444437
6 0.489432105078125 0.46372872430555556 0.005148303906250007 0.012203384722222191
6 0.49887066250000006 0.47288126319444446 0.005148304687500005 0.012203381944444421
0 0.644996709375 0.49499990763888885 0.03689617812500003 0.03203389583333337