7 0.534776322265625 0.40973400138888894 0.011018741406250055 0.006529624999999978
7 0.6123666378906251 0.40483678194444445 0.013773430468749926 0.009794438888888932
6 0.4649909515625 0.43356714305555555 0.0036729156249999837 0.013059249999999956
0 0.031595415234375 0.5442081090277778 0.06319083046875 0.06529625416666668
0 0.08476920273437501 0.54272410625 0.10559628828125 0.09794438194444449
0 0.45948157968750003 0.4740508277777778 0.00550937343750002 0.016324066666666682
0 0.46361360703124993 0.4805804513888889 0.01193697187499998 0.029383313888888866
0 0.44846283593749997 0.4805804513888889 0.012855201562499996 0.02285368888888889
0 0.434230291796875 0.48955868472222225 0.024792171093750072 0.05060460000000001
0 0.40897900624999994 0.50098553125 0.04407497343749998 0.08978235416666662
1 0.50649489375 0.4642563875 0.03305622968750006 0.06203144166666661
0 0.606122696484375 0.4740508263888889 0.06519423046875002 0.04570737777777778
0 0.919789586328125 0.43830111041666664 0.022955713281249856 0.04733978472222226
0 0.5520084359374999 0.49380292847222224 0.04682965625 0.05713422083333334
0 0.479009264453125 0.49870014583333333 0.040402057031250035 0.060399033333333324
2 0.26561849453124997 0.47965386041666674 0.26812274843750006 0.46686822361111113