0 0.162544252734375 0.6434938611111111 0.05585221328125001 0.08019804722222222
0 0.508040316796875 0.5998486652777777 0.010740810156249924 0.015275819444444415
0 0.49676246640625 0.6084413131944444 0.016111215625000064 0.02864215972222218
0 0.48441053242187504 0.6125330541666667 0.021481624218750016 0.04009902500000003
0 0.57033701015625 0.6068046236111111 0.021481618750000032 0.03628006666666666
0 0.8060210734375002 0.6182614854166666 0.04511140156250004 0.07446961527777782
0 0.840928705078125 0.6471764284722222 0.07196342734374994 0.1393918458333334
0 0.051632606640625 0.6591788555555556 0.09988953359375 0.1279349805555556
0 0.93383671171875 0.6489495194444445 0.12674155781250002 0.26350786944444443
0 0.45349234257812493 0.6193526201388888 0.04833364453125002 0.07065065972222229
0 0.53673361953125 0.6222168347222222 0.04940772656250001 0.08019804999999999
0 0.6975388921875 0.7536979958333333 0.27496473593750004 0.4009902416666667