7 0.080909051171875 0.36046227777777773 0.04874039296875001 0.08318360277777773
6 0.442562761328125 0.36826074166666667 0.005848847656250022 0.022528891666666655
6 0.388948330078125 0.3751927083333333 0.005848847656250022 0.01906290833333336
6 0.6809032800781251 0.32840193055555555 0.00877327109374999 0.01906290833333332
6 0.67164260546875 0.3275354354166667 0.00974807812500007 0.017329918055555518
6 0.10722886210937499 0.030327355555555553 0.023395388281249995 0.060654711111111106
7 0.6662811632812501 0.2244224284722222 0.02047096562500004 0.015596926388888871
0 0.393334966015625 0.40292057777777773 0.018521349218749972 0.022528891666666655
0 0.43232728007812504 0.4020540805555555 0.04776558359375001 0.0589217194444445
0 0.484479498828125 0.4020540805555555 0.03899231484375001 0.048523769444444455
0 0.35288043984375 0.40032108888888884 0.04289154374999997 0.05198975277777775
0 0.239315326171875 0.40552006319444445 0.14719598515625 0.1629012208333333
2 0.468395169921875 0.38125817847222215 0.04191673671874998 0.07625163750000002
1 0.9577487093750001 0.4098525430555556 0.08285866718749997 0.14730429722222224