6 0.518075709765625 0.19705426180555555 0.021998119531249926 0.06726535972222221
6 0.54007382890625 0.18766839861111112 0.023757968750000025 0.06100811666666666
6 0.67648617421875 0.43409621597222225 0.02463789375000003 0.03285052361111111
0 0.45527307421874996 0.5243569513888889 0.008799248437499952 0.015643108333333326
0 0.4442740140625 0.5259212618055555 0.013198871874999973 0.018771729166666674
0 0.43283499218750005 0.5313963486111111 0.009679171875000048 0.020336038888888908
0 0.42667551875000004 0.5360892805555556 0.011439021874999965 0.023464661111111063
0 0.41523649687499997 0.5360892805555556 0.0184784203125 0.032850525
0 0.39499822734375 0.5486037659722223 0.03255721562499998 0.04536500972222228
0 0.37783969453125 0.5517323868055556 0.01583864531249999 0.029721901388888878
0 0.36552074765625 0.5517323875 0.019358343750000007 0.039107766666666696
0 0.34748228984375 0.5540788534722222 0.029037517187499962 0.05318656250000002
0 0.317124885546875 0.5611182520833333 0.04927578671875001 0.06726535972222222
0 0.27488849726562503 0.5775435125 0.07039398046874998 0.08760139722222225
0 0.18821590703125 0.6135226590277778 0.11527014375 0.10950174583333332
0 0.48431059765624995 0.5227926409722221 0.010559096874999962 0.01564310694444444
0 0.471551688671875 0.53608928125 0.023757969531249933 0.03910776805555558
0 0.49319782929687506 0.5213065375 0.00791932265624995 0.010950175000000052
0 0.497597453515625 0.5220886930555556 0.007919322656250038 0.01877172777777779
0 0.5156359109374999 0.526781625 0.007039398437500033 0.03128621388888896
0 0.52971470703125 0.5275637805555555 0.04751593593749996 0.05162225277777779
0 0.5574323367187499 0.5494641298611112 0.05015571093750006 0.07977984583333332
0 0.58910962890625 0.5674537027777777 0.08183300312500004 0.10950174722222228