0 0.56519359296875 0.4810785027777778 0.02144577187500003 0.01386393611111111
0 0.506705121875 0.4810785 0.009748078124999981 0.020795902777777778
0 0.5710424390625001 0.49840842013888886 0.02339538750000001 0.031193851388888857
0 0.591513404296875 0.5166048305555555 0.027294619531250053 0.06412069444444445
0 0.6071103296875 0.5235367972222222 0.03509308281249997 0.08491659444444437
0 0.6426908156250001 0.5322017555555555 0.07700982031249995 0.14730429444444448
0 0.49110819570312503 0.49580893125 0.03314346640625008 0.04679077638888892
0 0.46868761484375004 0.5131388472222222 0.02339538750000001 0.06412069444444445
0 0.451141073828125 0.5235367972222222 0.056538855468749996 0.07798462777777779
0 0.765516619921875 0.5718872749999999 0.2232309960937501 0.3965084972222222
0 0.08519820624999999 0.6540310909722222 0.169616565625 0.4367139152777778
0 0.889317215234375 0.5708474840277779 0.21933176640625004 0.8110401402777777
0 0.394699698046875 0.5354944444444444 0.10235482421875002 0.11091147222222225
0 0.532635005859375 0.5207640118055555 0.06628693359375007 0.0987805263888889
7 0.42979277890625 0.43931340347222214 0.012672503124999946 0.03292684583333336
7 0.46391105390625 0.4393134041666667 0.010722884375000064 0.0259948777777778
6 0.5579800117187499 0.4384469076388888 0.007798462500000003 0.017329918055555598
6 0.51703808203125 0.43844690763888894 0.007798464062499999 0.013863934722222224