7 0.6460859265625001 0.35778145624999996 0.04095245625000006 0.016640998611111138
0 0.5015822605468749 0.4316258840277778 0.03510210546875001 0.03536212083333328
0 0.5864123476562499 0.4326659451388889 0.04095245624999997 0.049922993055555524
0 0.616249137109375 0.44410663055555555 0.04446266640624996 0.06864411666666667
0 0.667732224609375 0.45138706944444446 0.09126547265625007 0.12064723611111114
0 0.4758407171875 0.4368261944444444 0.023401404687500005 0.0582434916666666
0 0.45302434882812503 0.4451466951388888 0.033932035156249984 0.07904474027777779
0 0.4038814015625 0.4493069451388889 0.07839470156249999 0.14144848194444448
0 0.326071735546875 0.4805088159722222 0.10764645546875 0.22881372083333334
0 0.148221069921875 0.5304318104166666 0.29251754140624997 0.39522370138888885
0 0.0068315 0.6188371104166667 0.013663 0.3640218291666667
0 0.76952832890625 0.5044302486111111 0.18019080468749998 0.21009259999999996
0 0.5378544359375 0.42954575763888886 0.0421225265625 0.0395223708333333