6 0.31494087187500003 0.3673422006944444 0.011190792187500031 0.02131579583333334
6 0.38208562617187497 0.36663167291666665 0.006394738281250012 0.01989474027777776
6 0.41805602929687496 0.3716053611111111 0.0047960523437500235 0.012789477777777829
6 0.352909630859375 0.3687632527777778 0.003996711718750001 0.012789477777777749
6 0.37169417617187495 0.37018430763888893 0.004796052343749979 0.012789479166666635
0 0.358105357421875 0.3936316812500001 0.01758553046875 0.025578954166666692
0 0.37169417656250003 0.3893685222222222 0.00639473906250001 0.01421052777777771
0 0.383284640234375 0.3900790493055556 0.005595396093749994 0.015631581944444407
0 0.38927970703125003 0.3922106291666667 0.007993423437500003 0.017052636111111102
0 0.397273130859375 0.4014474743055555 0.011190792968749941 0.02131579583333334
7 0.286564219140625 0.3566843027777778 0.018384872656249975 0.03978948333333333
7 0.4512287367187501 0.390789575 0.01199013437500005 0.022736847222222266
7 0.47400999140625 0.38013167847222223 0.015986845312500008 0.02131579583333334