7 0.507922034375 0.2190567986111111 0.041550743749999966 0.01783020277777779
7 0.479266351171875 0.13882087847222221 0.021491764843749993 0.03820758194444444
6 0.684512701953125 0.051580235416666675 0.04584909765624996 0.08660384861111112
6 0.7565101140625 0.05030665138888889 0.06304250781250005 0.09424536666666666
0 0.15259152890625 0.36764184097222224 0.018626196875 0.015283031944444442
0 0.318078116015625 0.3723116548611111 0.01719341015625 0.028018893055555497
0 0.34243545078125004 0.37805502569444444 0.025790117187499996 0.042003881944444446
0 0.37395670390625 0.37805502569444444 0.025790117187499996 0.042003881944444446
0 0.254319213671875 0.37995317430555553 0.024357332031249967 0.03820758194444444
0 0.406194351171875 0.3990569625 0.047281882031249986 0.07132081388888893
0 0.290138822265625 0.38377392916666664 0.05587858671875003 0.05603778888888892
0 0.565472214453125 0.4139154638888889 0.27796015546874997 0.1910379027777778
6 0.49240021328125005 0.2784908111111111 0.017193412499999994 0.030566063888888884
6 0.47496799765625 0.2776417583333333 0.004298353124999999 0.020377374999999986
0 0.8708940746093751 0.41900981458333336 0.25646839140625 0.28952856805555555
6 0.25870408671875 0.013602022222222223 0.02582258906249999 0.027204044444444447
6 0.2883522453125 0.31624701666666666 0.010520314062500003 0.017002527777777762
6 0.36677640507812503 0.30604549999999997 0.00860753046874998 0.01360201944444444
6 0.38733883671875 0.3460014402777778 0.0076511375000000385 0.015302274999999968
6 0.338084639453125 0.3451513125 0.008607530468750024 0.010201516666666658