7 0.4315718421875 0.32950215069444444 0.02279323281250001 0.038388598611111116
7 0.45016631875 0.33376755 0.016795012499999994 0.042654000000000004
7 0.293912720703125 0.3149998 0.019194302343750014 0.014928897222222225
7 0.31250719648437497 0.35658745000000003 0.010796792968749979 0.02132699999999998
7 0.29751165234375004 0.3491230013888889 0.011996439062499985 0.01919429722222219
6 0.055183612890625 0.35367274861111114 0.014395725781249997 0.0191943
0 0.43187175195312494 0.40393338333333334 0.031190738281250054 0.05971559999999998
0 0.45526480546875003 0.4092651340277778 0.049185393750000014 0.0746444986111111
0 0.4702603515625 0.41566323402777783 0.035989312500000016 0.08317530138888887
0 0.5128477046875 0.4177959333333333 0.07317826875 0.15995249999999994
0 0.6139776769531251 0.42376749166666666 0.19434228671874995 0.2665875
0 0.292113253515625 0.39135045 0.01799465390624997 0.023459700000000003
0 0.276517885546875 0.3934831520833333 0.01319608203125 0.023459698611111118
0 0.26092251601562505 0.3892177506944445 0.01799465546875001 0.05331749861111111
0 0.22553302656250002 0.39135045 0.052784326562500004 0.06611370000000005
0 0.15415422265625 0.41267745 0.0803761328125 0.08744069722222227
0 0.08277541796875 0.4233409527777777 0.0887736375 0.11303310000000005
0 0.03359002421875 0.4228077791666667 0.0647807625 0.13649280277777778
0 0.8256548140625 0.5747626527777778 0.3478966906250001 0.5672982
0 0.34999606562499996 0.40947839999999996 0.0563832578125 0.07890990000000002