6 0.34771803203124996 0.35223444444444446 0.012870770312499991 0.0540832416666667
6 0.259962771484375 0.5155242354166667 0.017551052343750005 0.0270416236111111
6 0.719800345703125 0.4791220555555556 0.022231332031249985 0.024961494444444475
6 0.7320860828125 0.014907556944444443 0.030421824999999993 0.029815113888888887
6 0.7905895917968749 0.007627119444444445 0.03510210546874992 0.01525423888888889
6 0.335432297265625 0.35327450833333335 0.011700702343750003 0.05200311944444446
6 0.36117383945312503 0.3543145701388889 0.011700700781249962 0.04576274583333332
7 0.27458864765625 0.4926428659722223 0.02808168437499998 0.04368262083333331
7 0.25937773515625 0.4406397479166667 0.018721121875000035 0.01456087361111113
7 0.63555529375 0.48952267916666664 0.010530631249999978 0.02080125
0 0.41499706875 0.5727276666666666 0.025741543749999974 0.05408324444444443
0 0.40622154140625 0.58104816875 0.0269116140625 0.049922993055555524
0 0.399201121484375 0.5914487944444444 0.024571472656249992 0.049922991666666645
0 0.38633034921875 0.5966491027777778 0.02457147343749999 0.05616336944444448
0 0.43898350703125005 0.5841683527777778 0.03393203437500007 0.06448386666666665
1 0.46004476875 0.5394456708333334 0.029251754687500055 0.029121744444444413
0 0.5460449269531249 0.5498462965277778 0.02340140234375001 0.02496149583333336
0 0.5542354171875 0.5654472291666667 0.021061264062499953 0.03952236944444441
0 0.5706164003906251 0.5748077923611111 0.03744224609374998 0.049922993055555524
0 0.5916776625000001 0.5872885381944444 0.04914294687499998 0.06656399027777782
0 0.359418734765625 0.6060096625 0.06201371796874997 0.07072423888888887
0 0.493391768359375 0.6028894777777778 0.10764645546875 0.16016960555555554
0 0.05246423671875 0.6143301659722222 0.1049284734375 0.1164869875
9 0.930412976171875 0.6330512847222222 0.13689820859374996 0.3827429527777778