7 0.653442768359375 0.4431048965277778 0.015922380468750053 0.015241937500000012
7 0.32519676015625 0.4267742479166666 0.013472784374999991 0.008709679166666639
7 0.33744474531249996 0.4376613465277777 0.01592237968750001 0.013064518055555554
7 0.18067053164062502 0.40173392291666665 0.008573589843749984 0.05879032916666663
7 0.53586210859375 0.47903231874999996 0.013472784374999946 0.008709679166666639
7 0.476459380859375 0.47794361041666666 0.00979838828124997 0.010887098611111097
6 0.49238176093749997 0.4757661902777777 0.007348790624999957 0.019596777777777734
0 0.502180148828125 0.5073387756944445 0.012247985156250075 0.01741935694444447
0 0.47707177890625 0.5127823243055556 0.018371978124999976 0.028306454166666682
1 0.488707366796875 0.5040726458333334 0.019596778906249935 0.03266129444444448
0 0.46421139531249994 0.5204032930555555 0.01959677656250003 0.03919355277777778
0 0.44400221875 0.518225873611111 0.03796875625 0.0696774277777778
0 0.38459948984375003 0.5214920027777777 0.09063509218750002 0.11540324166666664
0 0.527900919921875 0.5193145826388889 0.05879033046875 0.09798388194444449
0 0.267018828125 0.5280242631944445 0.07593750937499996 0.10233872361111108
0 0.20822849804687502 0.5465323270833333 0.10043348046875 0.10887098194444439
0 0.085104717578125 0.5312136125 0.15071327890625 0.17839484999999994
1 0.053897509375 0.25584680694444445 0.10779501875 0.5073387749999999
0 0.568319271484375 0.5204032930555555 0.017147180468750012 0.03919355277777778
0 0.5934276406250001 0.5258468430555556 0.05266633750000001 0.04572581388888884
0 0.642419583203125 0.5345565208333334 0.05511593359375002 0.06750000833333335
0 0.688349529296875 0.5334678104166667 0.061239927343750014 0.10887098194444439
0 0.8420617464843749 0.5356452305555556 0.30987403203125 0.3745161777777778
7 0.337283514453125 0.39858809652777777 0.015596925781250003 0.03812581805555561