7 0.5532327226562501 0.21330109583333332 0.03948382812500002 0.02285368888888889
7 0.54955980859375 0.2516626458333333 0.05233902968750002 0.060399036111111096
7 0.45957340703125 0.2581922701388889 0.07621297343749997 0.0963119736111111
7 0.22297650390625004 0.2696191145833333 0.12763377343750001 0.0799879125
7 0.119881070703125 0.27646089930555556 0.04917377578125 0.04998027916666668
0 0.177742819140625 0.4127656097222222 0.06978537265625 0.042908972222222196
0 0.08178793125 0.4170798291666666 0.0890681734375 0.034280533333333335
0 0.432944778125 0.4249153840277778 0.015609885937499967 0.02122128472222218
0 0.55782386640625 0.4371584326388889 0.006427599999999955 0.013059248611111072
0 0.550784122265625 0.4320435618055555 0.010100513281249945 0.0195888763888889
0 0.40815260625 0.43367595694444444 0.046829657812499946 0.06203144444444446
0 0.346172175390625 0.5014208208333333 0.009182285156250015 0.0016324055555555913
0 0.5357863796875 0.43177148541666666 0.01193697187499998 0.01958887916666667
0 0.29566960429687505 0.44428660277777776 0.11753326015624999 0.15181379166666664
0 0.47564240781250006 0.4728537138888889 0.10651451562499999 0.1534462
0 0.039776002734374996 0.5988195263888889 0.07804943046875 0.3199516500000001
7 0.11390632773437499 0.23558839583333335 0.04020223359374999 0.03176472777777776