0 0.521070786328125 0.4949522361111111 0.23853808984375 0.3905084000000001
0 0.8505622492187499 0.47893528958333326 0.29173723281249997 0.6238981847222221
0 0.04742680859375 0.46520648125 0.09266947343750001 0.056440668055555594
0 0.11778696484375 0.44766410972222226 0.03775422968750001 0.024406775000000006
0 0.18171174101562498 0.4530030909722222 0.11240463984374997 0.06559320694444443
1 0.11864501640625 0.4301217409722222 0.0806567640625 0.019830506944444437
7 0.168840980859375 0.4003759854166666 0.012870760156250017 0.033559318055555565
7 0.2396301625 0.2951217659722222 0.0223093171875 0.015254234722222215
6 0.23319478242187497 0.35690141597222225 0.009438557031249984 0.032033893055555554
7 0.1675539046875 0.20588449652777774 0.030889824999999992 0.032033893055555554
7 0.9397995210937499 0.16164721458333334 0.03432202812499998 0.03508473750000001
6 0.69310995 0.3744437833333333 0.01287076093749997 0.021355927777777832
6 0.6261819945312499 0.2226641527777778 0.011154659374999997 0.03508473888888892
6 0.49189706289062496 0.29283363055555556 0.005148305468750003 0.025932197222222206
6 0.6347625015625 0.22647770972222223 0.006006354687499993 0.03966100555555556
6 0.614598312109375 0.22647771249999998 0.00858050703125004 0.03355931944444445
6 0.486748759375 0.2913082076388889 0.006864406250000066 0.022881351388888877
6 0.499619519140625 0.29664718819444447 0.005148303906250007 0.03050846805555558
7 0.24263333945312499 0.3271556583333333 0.026599571093750017 0.027457622222222217
6 0.385927804296875 0.39579971319444446 0.011154660156249996 0.018305081944444464
7 0.6901067703124999 0.3088505770833333 0.013728810937500047 0.009152540277777751