0 0.314300901171875 0.4842244263888889 0.13521256328124998 0.21852535555555555
0 0.8496880234375 0.5716345680555556 0.29910658125000006 0.3107916166666666
0 0.027742466796874997 0.43080711666666666 0.055484933593749994 0.05827342777777776
0 0.161333151953125 0.4259509979166667 0.05326555546875 0.048561190277777735
0 0.2016237640625 0.4259509979166667 0.02731566875 0.029136715277777843
0 0.45292792382812497 0.4866524861111111 0.06828917421874996 0.10197850000000004
0 0.616887999609375 0.4708700986111111 0.05476345703124998 0.06070148611111108
0 0.5130223968750001 0.4647999506944444 0.04916820468749998 0.07769790416666669
0 0.38259007421874996 0.4380912958333333 0.020486751562500016 0.02913671388888888
0 0.417417553515625 0.43809129513888884 0.02458410234374995 0.04370507083333332
2 0.443367439453125 0.41623876041666663 0.021852535156249964 0.0388489513888889
0 0.586091812890625 0.4684420395833333 0.025949886718749936 0.041277012499999995
0 0.5710681953125001 0.4587298013888888 0.034144587500000066 0.04127701111111111
0 0.556044576171875 0.45144562361111107 0.017755185156249985 0.04127701111111111
0 0.537606499609375 0.4514456229166666 0.02458410234374995 0.05584536805555555
7 0.299960175 0.35917936041666665 0.019120968749999977 0.021852534722222178
7 0.648917852734375 0.39560025416666666 0.017755185156249985 0.012140297222222231
7 0.6550638777343749 0.3798178666666667 0.013657833593749924 0.014568355555555555
7 0.90605426875 0.24957236944444447 0.019983553124999887 0.015986841666666664
7 0.912049334765625 0.27000000208333336 0.023980263281250025 0.014210526388888903