6 0.40824748984375 0.4072165631944445 0.013917528125 0.026804129166666652
6 0.45347945625 0.43608254513888894 0.011597940625000015 0.026804129166666652
6 0.24239694765625003 0.45876296111111114 0.016237117187500028 0.02268041666666668
0 0.44362120742187494 0.4649485305555556 0.012757733593749964 0.024742272222222222
0 0.43318306093750003 0.4659794583333334 0.012757734375000052 0.026804127777777766
0 0.42158512109375 0.47628873819444445 0.015077321875000039 0.04329897638888885
0 0.389690785546875 0.4721650263888889 0.01623711640625003 0.03505155277777779
0 0.37171397890625 0.47628873819444445 0.02667526250000001 0.04742268750000002
0 0.40766759296875 0.4783505944444444 0.026675262500000053 0.047422688888888904
0 0.33518046718749994 0.4876289465277777 0.05103093593749999 0.0618556763888889
0 0.5990336035156251 0.48659801874999997 0.07306702109374993 0.10927836805555557
0 0.508569671484375 0.47628873888888895 0.11018043046874997 0.1752577611111111
0 0.1861469375 0.48718711666666664 0.03363402500000001 0.028865986111111082
0 0.21224230312499998 0.4902799013888889 0.030154643749999988 0.030927838888888934
0 0.14106784765625 0.5032748222222222 0.03729929531249998 0.027204044444444422