7 0.198860800390625 0.3764057979166667 0.027294619531249988 0.05892171805555557
0 0.483017287109375 0.5315085569444444 0.057513661718749984 0.08145061111111107
0 0.751089444921875 0.5176446229166667 0.03606788984374996 0.053722743055555515
0 0.72769405703125 0.5237100944444445 0.047765584375 0.0589217194444445
0 0.922168222265625 0.4543904243055555 0.015596925781250093 0.017329915277777826
0 0.9104705281249998 0.4621888881944445 0.015596925000000006 0.015596926388888871
0 0.9026720644531249 0.4708538465277778 0.015596925781249915 0.019062909722222167
0 0.8904869671875002 0.4821182923611111 0.016571732812499997 0.02772786527777771
0 0.680903280078125 0.5228435986111111 0.07311058828125008 0.08491659444444445
0 0.864167155078125 0.49078325208333334 0.04581596953124993 0.03812581805555561
0 0.94848803359375 0.4509244430555556 0.033143467187499984 0.03465983611111112
0 0.227130228125 0.5782993333333334 0.28659350625 0.23395388333333333
0 0.9826063082031251 0.5323750534722222 0.03119385234374992 0.09358155138888888
0 0.7900696761718751 0.5138293520833334 0.030031774218749963 0.03966100972222222