6 0.054233967187499996 0.4457809361111111 0.013183584375000001 0.05624996111111113
6 0.46292509335937504 0.4153122076388889 0.013183583593750025 0.04218747083333333
7 0.5070901015625 0.4457809368055556 0.03823239531250007 0.018749987499999954
7 0.5387307035156249 0.37664035902777776 0.017138658593750033 0.044531218055555516
7 0.602671090625 0.32742164305555554 0.021093735937500035 0.04453121944444444
7 0.615854675 0.3989059694444445 0.023730451562500043 0.07499994722222228
7 0.5941017609375 0.3895309743055555 0.011865225000000024 0.06562495416666671
7 0.66067886328125 0.40945283611111116 0.018457018750000033 0.03984372222222221
0 0.3007670015625 0.6274214368055556 0.10019524375 0.25546857361111114
2 0.47083524375 0.5957808340277778 0.440331728125 0.2765623125
0 0.1490651421875 0.7551557243055556 0.298130284375 0.41249971805555563
0 0.465561809375 0.7340619868055555 0.3137693140625 0.48281216805555555