0 0.06289865781250001 0.5395103055555555 0.031219771875000003 0.04733978333333329
7 0.005279814453125 0.47911127222222216 0.01055962890625 0.05060459722222224
7 0.00849361484375 0.5223700416666667 0.0169872296875 0.03264812777777782
6 0.170331403125 0.21302903125 0.018364571875000003 0.0701934736111111
6 0.28373263203125 0.2856711152777778 0.011936970312499984 0.04570737777777778
6 0.319543548046875 0.19996978194444442 0.013773428906250018 0.05713422499999999
6 0.38381954765625004 0.21058042083333334 0.015609885937500012 0.07182588055555555
6 0.5311952375 0.1877267326388889 0.016528114062499988 0.05550181527777778
6 0.6730615531249999 0.42932287777777783 0.015609885937499967 0.029383313888888946
6 0.65745166796875 0.4317714847222222 0.013773429687500015 0.02448609444444448
7 0.871398926953125 0.3452539472222222 0.02295571484375003 0.053869408333333306
0 0.509834946875 0.5003325541666667 0.021119257812499993 0.0179564694444445
0 0.529117747265625 0.49788394374999995 0.01560988515624997 0.016324062499999945
0 0.49055214609375 0.5161488090277777 0.041320285937499965 0.049588979166666686
1 0.47356491835937503 0.4848246944444444 0.03672914453125005 0.03591293888888884
0 0.443337466015625 0.5017655465277777 0.027546857031250038 0.029383315277777752
0 0.46032469335937504 0.5319650645833333 0.04315674453125 0.057134223611111104
0 0.5522571050781251 0.5026179215277777 0.02111925703125008 0.031015720833333343
0 0.58485421953125 0.49527209375000003 0.011018743749999959 0.029383315277777752
0 0.59908676328125 0.5091475486111111 0.022955714062499945 0.03101572222222223
0 0.5699789203125001 0.4970677416666667 0.02203748593750001 0.03101572222222223
0 0.53003597734375 0.5346130868055555 0.05233902968750002 0.07345828472222217
7 0.18347877539062502 0.3819320777777777 0.012855200781249998 0.024486097222222173
7 0.19403840468749997 0.4129478 0.017446343749999982 0.014691658333333397
0 0.26474200546875004 0.6575861562499999 0.4012658921875 0.4831922875