6 0.44418160234375004 0.008162034027777779 0.014691657812499948 0.016324068055555557
7 0.15034845624999998 0.02366989236111111 0.038565601562499996 0.04407497083333334
7 0.15034845625 0.15915962152777777 0.0293833171875 0.024486095833333325
7 0.1526440265625 0.19588876458333332 0.01744634218750001 0.04244256527777777
7 0.15631694140625002 0.2595526152777778 0.02846508593749999 0.04570738055555555
7 0.37325991875 0.24649336180555556 0.01744634062500001 0.01142684305555556
7 0.2727138890625 0.26118502083333334 0.053257257812500035 0.0963119777777778
6 0.370046120703125 0.2685308486111111 0.005509372656249978 0.019588877777777784
6 0.44855466406249994 0.2886638645833334 0.004591142187500008 0.01795647083333335
6 0.51604446484375 0.28648731944444444 0.006427599999999955 0.019588875000000013
0 0.120287944140625 0.3525997763888889 0.04958434296875001 0.0636638472222222
0 0.10238248750000001 0.34688635347222224 0.0835588015625 0.07182587916666669
0 0.40356146289062506 0.35096736944444445 0.04132028515624997 0.07998791111111116
0 0.35856826328125 0.37137244861111113 0.08355880156250003 0.12079806944444446
0 0.600980608984375 0.3615780138888889 0.026628630468750015 0.05550181944444444
0 0.631282152734375 0.3681076368055556 0.06152131484375003 0.07509069583333335
0 0.568842608984375 0.3191354458333333 0.05417548515624997 0.0522370027777778
0 0.514208007421875 0.3428053395833333 0.02387394296874996 0.07672309861111108
0 0.22588423164062502 0.39585854513888896 0.19650091640625 0.24159614583333336
0 0.4641645499999999 0.3974909513888889 0.10743274375 0.17956470277777775
0 0.56011943671875 0.3632104166666667 0.06243954062499997 0.10120919444444448
0 0.783248983203125 0.45299276875 0.29658783359375 0.3166868375