7 0.41039410273437493 0.23915285833333333 0.017546539843749986 0.013863933333333339
7 0.395771985546875 0.2079590083333333 0.031193850781249966 0.03465983611111108
6 0.39967121679687506 0.2504173048611111 0.009748078906250023 0.046790776388888886
6 0.414780738671875 0.3587292875 0.016571733593749992 0.02426188333333334
6 0.25978629140625 0.39165613055555554 0.006823656250000009 0.01386393611111111
0 0.227617632421875 0.4193839986111111 0.00877327109374999 0.01386393611111111
0 0.19983560859375 0.42284998124999995 0.009748078125000004 0.017329918055555598
0 0.215432533984375 0.42631596388888887 0.017546541406249984 0.027727866666666677
0 0.13159905859375 0.42631596388888887 0.025345003125000008 0.027727866666666677
0 0.108691074609375 0.43064844375000005 0.020470964843749995 0.025994876388888834
0 0.08968232148437501 0.4349809229166667 0.021445772656249994 0.031193851388888857
0 0.0419167375 0.45888581041666665 0.083833475 0.10122751527777783
0 0.16864175742187498 0.45924280625 0.07018616484375 0.09358155138888888
0 0.270996580859375 0.42198348541666664 0.015596924218750008 0.02252889305555554
0 0.24857600078125 0.41418502152777775 0.013647309375000027 0.010397948611111159
0 0.2968289890625 0.4323814354166667 0.032168659375 0.05372274305555559
0 0.25003821249999997 0.4514443444444445 0.04191673750000002 0.06065471111111115
0 0.9548242851562498 0.4271824604166667 0.08870751406249991 0.12304241250000006
0 0.873915234375 0.4367139145833333 0.10625405468749989 0.09358155138888888
0 0.737442135546875 0.44537887361111117 0.1686417570312499 0.10051351944444444
9 0.731105884765625 0.44451237777777775 0.02534500546874998 0.10224651111111116