0 0.04516017421875 0.46490064513888885 0.0903203484375 0.17880794027777785
0 0.54946561328125 0.42377481805555556 0.06537665312500004 0.07867549166666662
0 0.45492091484374997 0.3996357465277777 0.031179635937500016 0.0375496680555556
0 0.4167007175781251 0.3978476673611111 0.02313327734374999 0.026821190277777796
0 0.31058938046874995 0.4032119055555555 0.02413907187500004 0.0339735083333333
0 0.1109391390625 0.44165561180555557 0.10963161875 0.12874171527777784
0 0.16726364023437498 0.4237748180555556 0.08348095703124998 0.10728476388888887
0 0.515771491796875 0.4139403819444444 0.04224337578124997 0.059006619444444415
0 0.492135317578125 0.4148344208333334 0.04123758203124996 0.06794701666666667
6 0.397590619140625 0.30397349861111117 0.007040563281250023 0.03218543055555555
6 0.328693683984375 0.30218541875000005 0.008046357031250029 0.028609270833333315
6 0.24571562460937502 0.34867548402777776 0.007040563281249979 0.028609270833333353
7 0.2824271296875 0.3218542930555556 0.024139071874999994 0.017880794444444466
7 0.426255766015625 0.31380793541666663 0.02212748203124999 0.016092715277777794
7 0.5876858105468751 0.27715230763888893 0.02313327734374999 0.042913906944444476
7 0.5917089890625 0.32364237222222225 0.015086920312499964 0.046490063888888856
7 0.6158480613281251 0.23870860138888889 0.01709851015624997 0.019668874999999985
7 0.61785965 0.2699999895833333 0.027156456250000006 0.03218542916666666
7 0.3327168625 0.3522516423611111 0.012069535937499997 0.014304634722222194
0 0.390212567578125 0.3929413263888889 0.019491136718750024 0.023562619444444502
6 0.3102989046875 0.3700717256944444 0.00779645468750001 0.013860365277777792
6 0.352399761328125 0.34858816111111113 0.004677872656250015 0.015246399999999957
7 0.39839884492187505 0.3569043791666666 0.010915036718750003 0.012474327777777777