7 0.248691841796875 0.28124980555555557 0.01713866015625003 0.04218747222222225
0 0.414145829296875 0.32109353055555556 0.013183585156250021 0.023437483333333335
0 0.4029397828125 0.32109353055555556 0.009228509375000016 0.023437483333333335
0 0.38843783867187504 0.3199216555555556 0.011865225781249978 0.021093733333333337
0 0.36470738671875 0.33632789375000005 0.0250488109375 0.03046872916666668
0 0.294175208203125 0.33749976805555554 0.018457019531250028 0.03281247777777775
0 0.335703500390625 0.35507788055555556 0.04877926328125004 0.05390621111111113
0 0.23353071953125 0.3410153902777778 0.044824187500000036 0.03984372222222221
0 0.24078169140625 0.37968723750000005 0.080419865625 0.09374993611111115
0 0.019956647265625002 0.4136715909722222 0.03427731953125 0.1476561486111111
0 0.441172178125 0.31171853680555556 0.009228509375000016 0.03281247916666668
0 0.504453384375 0.31523415833333335 0.019775376562500037 0.021093736111111108
0 0.520273686328125 0.32812477500000004 0.03559567890624997 0.04687496944444444
0 0.47149442343750003 0.33867164166666663 0.06459956562500002 0.10078118055555553
0 0.629070559765625 0.3860858881944444 0.13176807734375 0.14749348472222223