0 0.25074111796875 0.42164147430555554 0.010517665624999983 0.013088648611111055
0 0.241275219921875 0.4216414770833333 0.008414130468749993 0.01682826527777779
0 0.23212485312500003 0.4216414770833334 0.011148721875000022 0.020567879166666674
0 0.27524727421875 0.4244461854166666 0.011990137499999998 0.014958454166666652
0 0.291234125390625 0.43005560694444445 0.022087094531249997 0.03739613888888885
0 0.30280355703125006 0.4384697388888889 0.015776495312500007 0.06918286111111113
0 0.113590773046875 0.4524932888888889 0.06731305234374999 0.09349034999999996
0 0.26346749140625 0.4244461861111112 0.011569431250000007 0.01869807222222219
0 0.054691854296874995 0.46558193819444443 0.10938370859374999 0.13088649027777777
0 0.020509445703125 0.4917592381944444 0.03891535703125 0.1271468736111111
1 0.20614622031250002 0.4150971513888889 0.04207065624999997 0.08227150555555554
0 0.3665406 0.40481321249999996 0.12305667343749996 0.28982008333333337
0 0.174067344140625 0.44220935208333334 0.041018891406249994 0.050484787499999975
0 0.50537376875 0.5618769972222222 0.23244038125 0.28234085277777776
7 0.514313783984375 0.2814059506944444 0.02734592734375001 0.035526334722222254