7 0.666365757421875 0.18890302222222222 0.009560483593749947 0.024280594444444463
7 0.6779749164062501 0.20832749374999998 0.02731567031250002 0.019424481944444436
7 0.434182565625 0.17797675277777777 0.02321831562500005 0.04127701111111111
7 0.24707023007812498 0.24232032708333334 0.020486750781250018 0.03399283749999999
7 0.06610392148437501 0.26781494652777776 0.02185253515625 0.012140290277777806
7 0.626075144140625 0.36372330347222226 0.01638940234374999 0.03399283472222222
7 0.744898305859375 0.34551285625 0.021852533593750056 0.041277012499999995
7 0.4759755390625 0.4096136513888889 0.006828915624999965 0.02185253333333337
7 0.661039202734375 0.24329156388888887 0.03824193984374995 0.01942447500000001
6 0.39402853242187497 0.18696057986111111 0.009560483593749992 0.058273426388888876
6 0.40905214999999995 0.18696058402777777 0.015023617187500005 0.05341731249999998
6 0.293643448046875 0.24644804097222223 0.01365783515625001 0.050989251388888907
6 0.2793027203125 0.24037789027777778 0.009560484374999989 0.0485611916666667
2 0.745717777734375 0.3824193736111111 0.046436639843749995 0.11411879999999996
0 0.41724685195312505 0.4528330986111112 0.012292052343750016 0.016996416666666646
0 0.43090468671875 0.45526115624999997 0.017755184375000076 0.026708659722222212
0 0.4452454109374999 0.45404713124999996 0.01365783437500001 0.03399283472222226
0 0.390614073828125 0.4661874222222222 0.008194700781249998 0.024280597222222235
2 0.37285888749999996 0.4504050402777778 0.04097350312499999 0.031564774999999975
0 0.32710514062499996 0.4722575708333333 0.01229205624999996 0.03156477500000005
0 0.3154959828125 0.4710435444444444 0.021852535937499962 0.03884895000000002
0 0.30320393203125 0.4783277215277778 0.027315670312499974 0.03884894861111105
0 0.28408296328125 0.48682593055555556 0.03824193906250004 0.0364208916666667
0 0.40358901640625 0.4710435458333333 0.034144585937499985 0.04370506944444443
0 0.45548878828125006 0.45404713124999996 0.03141301875 0.03399283472222226
1 0.048825554296875004 0.5242353395833333 0.08399327890625 0.1598008986111111