7 0.3331023265625 0.4172049236111111 0.012609551562499988 0.04981551388888887
0 0.40840937148437495 0.5074955409722222 0.021015919531250038 0.017435429166666693
0 0.47916296796874996 0.5211948069444444 0.011208490624999979 0.02490775555555555
0 0.468655008203125 0.522440195138889 0.015411674218750004 0.027398531944444453
0 0.46305076328125 0.5261763583333333 0.015411675000000003 0.02490775555555555
0 0.448339619140625 0.5224401944444443 0.028021225781249992 0.032380083333333295
0 0.4287247609375 0.5199494194444445 0.016812735937499924 0.02739853333333334
0 0.49177251953124995 0.5224401944444443 0.019614857812500032 0.032380083333333295
0 0.50858525546875 0.5249309701388889 0.019614857812500032 0.03736163472222221
0 0.525397990625 0.5386302368055556 0.014010612499999997 0.02988930694444439
0 0.5506170953125 0.5610472180555555 0.05604245312499998 0.08468637222222218
0 0.63187865078125 0.5959180777777777 0.15972098906249999 0.2042436055555555
0 0.716993125 0.5672741569444445 0.01821379687500002 0.062269391666666646
0 0.757623903125 0.5722557083333333 0.06865200468749996 0.062269391666666646
0 0.8150674167968749 0.5772372597222222 0.07986049453124995 0.08219559722222217