7 0.841792337890625 0.2679198902777778 0.05361327578124993 0.037499994444444455
7 0.858491555078125 0.35698237777777775 0.043066400781249924 0.04687499444444446
7 0.841792337890625 0.2007323979166667 0.05888671015624993 0.09062499027777776
0 0.17865765585937501 0.6562010902777777 0.050976557031250015 0.04531249166666669
0 0.106587351953125 0.6694823388888889 0.09843748828125 0.12499998611111114
0 0.03363814296874999 0.6757323375000001 0.06679686562500001 0.13437498333333336
0 0.47704628906249996 0.6562010902777777 0.014941403125000008 0.04531249166666669
0 0.49594277148437504 0.6530760902777778 0.03339843359375001 0.07343749166666669
0 0.512641987890625 0.6671385902777778 0.04394530703125001 0.07031249166666668
0 0.55614784296875 0.6694823381944445 0.07646483437500003 0.10937498750000003
0 0.6189896308593751 0.6866698381944445 0.12304685859375004 0.11874998750000003
0 0.82421421640625 0.6702635868055555 0.3489257359374999 0.15781247638888896
2 0.404536533984375 0.5882323486111111 0.13710935703124996 0.2687499666666667
0 0.340815837890625 0.6257323409722222 0.21357419140624997 0.2374999708333334