6 0.877814465234375 0.21489097499999998 0.014622117968750103 0.07625163333333332
6 0.436713914453125 0.23308738541666665 0.011697692968749961 0.04332479305555555
6 0.146708579296875 0.20083520138888886 0.012672500781249995 0.042317594444444454
6 0.312425915234375 0.33620039444444444 0.0068236554687500115 0.04159180277777775
6 0.2997534125 0.33706688888888886 0.006823654687500014 0.043324791666666626
6 0.034118274999999997 0.32493594791666663 0.0097480796875 0.02252889027777777
6 0.523959217578125 0.36652774652777775 0.0068236554687500115 0.015596923611111101
2 0.47999538320312496 0.41505151874999996 0.05458923984374993 0.0987805263888889
0 0.29721891328125 0.41418502013888897 0.010722884375000019 0.03812581249999999
0 0.28308419960937503 0.4185175034722222 0.023395389843750003 0.0329268430555555
0 0.240680058203125 0.41158553472222226 0.0068236554687500115 0.015596922222222215
0 0.22459572734375 0.42111699027777777 0.031193851562500007 0.04505778333333331
0 0.180241969921875 0.3899231375 0.04386635078124999 0.027727866666666677
0 0.15197254375 0.41765100555555557 0.02631981093750002 0.04505778333333331
0 0.13491340742187502 0.3951221145833333 0.02729462109374998 0.020795904166666664
0 0.25871400039062503 0.42718246319444453 0.044841163281249985 0.05025676249999999
0 0.185116011328125 0.4185175034722222 0.049715200781250024 0.060654709722222186
0 0.113955037890625 0.41678451111111114 0.059463280468750004 0.057188725
0 0.35619478749999994 0.4843711881944444 0.12477540312499999 0.18196413194444447
0 0.41175883281250003 0.4263159659722222 0.019496157812500046 0.0415918013888889
0 0.42248172070312495 0.43324793125 0.005848847656250022 0.020795901388888892
0 0.43222979921875 0.43411442638888886 0.01949615781249996 0.02599487500000003
2 0.5194751 0.42804895763888895 0.02437019375 0.051989751388888866
0 0.5657784738281251 0.4497113534722222 0.06628693359374997 0.039858809722222256
0 0.611107045703125 0.46184229583333336 0.024370192968750003 0.04332479166666666
0 0.684705039453125 0.5242299993055555 0.15401963828124998 0.22355593472222218
0 0.9531671289062501 0.46357528680555554 0.044841159375000036 0.039858809722222256
0 0.902964525 0.49823512152777777 0.1686417578124999 0.13344036249999994
0 0.9682766515625 0.4999681131944444 0.06141289531250003 0.09878052916666667
0 0.005263962109375 0.4011875833333333 0.00974807890625 0.022528891666666655
7 0.06092548984375 0.39338912291666667 0.014622117187499995 0.02426188472222219
7 0.345081976953125 0.3769256993055556 0.015596924218750008 0.02946085972222221
7 0.48740392304687497 0.32349179166666664 0.025345003906249986 0.031193852777777784
2 0.906246381640625 0.45462150138888885 0.18521349140624999 0.14210532222222222
7 0.14426085859375 0.16857668958333336 0.010926267187500005 0.019424476388888893