0 0.09683404882812499 0.6775042222222223 0.12701786328125 0.12805030277777785
0 0.20162376484375 0.65921815625 0.08194700937499999 0.08498208194444443
0 0.270595830078125 0.6397936805555555 0.058728689843750015 0.07526984444444448
0 0.307614936328125 0.6276533826388889 0.028395549218750028 0.0364208930555555
0 0.9022706875000001 0.5701542777777777 0.19394125468749995 0.13863933888888894
0 0.54170385 0.6203692041666667 0.09833641093750005 0.11411879722222228
0 0.46149823593750006 0.615270279861111 0.03141301875 0.05341730972222223
0 0.486765230859375 0.6213404277777778 0.019120969531249976 0.04613313055555553
0 0.43691413359375 0.6128422208333333 0.023218318750000043 0.0485611916666667
0 0.419158948828125 0.6152702791666667 0.017755185156249985 0.03399283333333329
0 0.40823268125 0.6140562493055556 0.015023617187500005 0.026708654166666672
0 0.360566837109375 0.6223925902777777 0.02458410234374999 0.024280594444444463
0 0.38873610078125004 0.6141256104166667 0.013657834374999966 0.026708654166666672
0 0.333871687109375 0.6256100131944444 0.020470964843749995 0.03812581805555561