6 0.560909626953125 0.3485149659722222 0.006094497656250031 0.03250398749999997
6 0.44877086914062503 0.33334644027777777 0.010970096093750038 0.04117171666666665
6 0.53653163515625 0.4146064076388889 0.008532295312500082 0.017335459722222248
6 0.455474816796875 0.41785680625 0.0073133976562500536 0.02383625694444444
6 0.35430615546875 0.4167733409722222 0.017064593750000023 0.026003187499999966
0 0.47132051171875 0.4492773298611111 0.007313396874999966 0.017335462500000016
0 0.46522601289062493 0.4525277256944444 0.009751196093750015 0.019502393055555543
0 0.45120866835937506 0.4514442631944445 0.015845694531250044 0.026003187500000042
0 0.44389527109374993 0.46769625555555555 0.028034689062500017 0.041171716666666684
0 0.474367758203125 0.47311358472222226 0.018283492968750002 0.03467091944444441
0 0.552986779296875 0.46227892430555556 0.014626794531249931 0.030337054166666634
6 0.579802569140625 0.44277653194444444 0.009751196093750015 0.013001594444444386
0 0.509106396484375 0.5012837069444445 0.08044736953125006 0.11701435555555556
0 0.6047900097656249 0.4741970513888889 0.030472488281249977 0.03683785277777779
0 0.6236829523437499 0.48828211458333337 0.036566985937500004 0.0390047847222222
0 0.713272068359375 0.4806978486111111 0.035348086718750074 0.09317809722222224
0 0.6754861820312501 0.48611518263888887 0.09873086093749998 0.11268049305555555
7 0.892450299609375 0.3658504284722222 0.020721291406249877 0.032503990277777776
0 0.8772140558593751 0.52620343125 0.0731339726562501 0.1408506125
6 0.42073618046874994 0.43844266944444443 0.008532295312499993 0.02166932499999995
7 0.301893475390625 0.36693389444444446 0.019502392968749983 0.013001594444444464
7 0.28665723007812505 0.34093070416666665 0.01584569453125 0.013001594444444424
7 0.6529365421875 0.3929370819444445 0.014626793750000023 0.013001594444444464
7 0.64684204375 0.34743149930555556 0.017064593749999978 0.01300159583333335
7 0.13002864140625 0.25316993541666666 0.03656698749999998 0.07150877361111109
2 0.948084992578125 0.43735920277777784 0.10203803203125013 0.5439000583333333