0 0.389840559375 0.5730743659722222 0.00819049218750001 0.0395223708333333
0 0.38165006796875 0.5741144284722223 0.015210912499999996 0.04992299305555561
0 0.36468405078125 0.5761945534722221 0.02808168437499998 0.05408324305555554
0 0.360588805078125 0.5803548034722222 0.015210911718749998 0.04992299583333338
0 0.340697612109375 0.5782746784722222 0.033932035156249984 0.07488449027777777
0 0.31495606992187497 0.5803548020833333 0.04329259609374998 0.08736523749999997
0 0.269323331640625 0.5824349277777778 0.07839470078124999 0.10816648611111117
0 0.216085139453125 0.6105166111111111 0.11232673671875 0.11024661111111113
0 0.544289821484375 0.5595535555555555 0.00819049140625001 0.02080124722222223
0 0.09381280703125 0.6240374222222222 0.18604115625 0.18305097777777773
0 0.44424882304687496 0.6125967361111111 0.12636757734374998 0.18929135000000002
0 0.991841660546875 0.5803548027777777 0.014040842968750055 0.19553172499999993
6 0.29799005234375003 0.5231513722222222 0.009360560937499995 0.0228813722222222
0 0.147636034765625 0.55331318125 0.017551052343749984 0.01664099861111118
7 0.14295575390624998 0.4784286902777778 0.02925175468750001 0.04160249444444446
0 0.219595349609375 0.5387523083333333 0.018721122656249988 0.024961497222222247