6 0.70692890234375 0.40775501597222225 0.034094379687499995 0.14693874583333333
6 0.74456616953125 0.5562243722222222 0.008265304687499952 0.031224480555555562
6 0.830391887109375 0.536877438888889 0.010331630468749964 0.038571419444444484
6 0.369183589453125 0.5491835576388889 0.008265303906249999 0.04775509305555556
6 0.16098559765625 0.3985139465277778 0.028928565625000013 0.10836732361111111
6 0.10674453671874999 0.4003506791666666 0.034094379687499995 0.09734691944444443
6 0.812661009765625 0.5169833090277778 0.019097877343750014 0.06612243472222225
6 0.75610315078125 0.5479590680555556 0.013431120312499979 0.047755091666666596
7 0.12999070546875 0.4931057631944444 0.04752550000000002 0.06979590416666663
0 0.46113510078125 0.6229590611111111 0.014464282812500073 0.01653060833333334
0 0.43272311640625 0.6303059965277777 0.03822703281250002 0.060612231944444435
0 0.812238354296875 0.6523468104166666 0.0898851851562501 0.07163263750000005
0 0.870095483984375 0.6477549756944444 0.04029335859375003 0.05510202916666663
0 0.698073837109375 0.6431631381944445 0.06818876171874999 0.10102038472222219
0 0.63780598984375 0.6425508875 0.05647958593749998 0.10959181944444446
0 0.54034427265625 0.6446937381944445 0.14877547812500005 0.27918361250000007
0 0.9681125160156249 0.5732447798611111 0.058890292968750126 0.04591835694444445
0 0.39276154570312494 0.6419386451388889 0.06526085390624999 0.08999998194444443