7 0.354387082421875 0.5285800465277778 0.04091152109374998 0.03317581527777773
7 0.387223960546875 0.5250710645833334 0.02727434765625003 0.045935743055555554
7 0.41370878320312504 0.53783099375 0.024403363281250014 0.024243865277777842
0 0.355714915625 0.5956334951388889 0.015790412499999996 0.017863901388888888
0 0.37186420078125 0.6064794340277777 0.016508157812500014 0.037003793055555595
0 0.384783628515625 0.6096694166666667 0.019379141406250033 0.04593574444444444
0 0.439691197265625 0.6039274479166666 0.02440336484374992 0.037003793055555595
0 0.45440498984375 0.5981854798611111 0.016508157812500014 0.022967870833333296
0 0.5028528437500001 0.6083934229166666 0.010048443749999959 0.02807184305555555
1 0.39913854843749996 0.5771315979166667 0.023685617187500042 0.024243862499999994
1 0.37660832695312496 0.5789992083333333 0.017670574218750002 0.021018994444444418
0 0.406603103125 0.6220465229166666 0.05239545781249997 0.07017960694444443
0 0.48483741484375004 0.6054586152777778 0.03229857031250001 0.04721173611111106
0 0.527902174609375 0.6099245909722222 0.05383094921875005 0.06890361527777782
0 0.6961418515625001 0.6169425527777778 0.08684726406249998 0.0905954944444445
0 0.5996050171875 0.6131145729166666 0.05311320312499994 0.05997166527777777