6 0.246714304296875 0.30515603472222225 0.007910150781250014 0.028124980555555526
6 0.407554037109375 0.31101540555555557 0.010546867968750017 0.03984372222222221
6 0.13926808867187498 0.288535425 0.011865225781249999 0.042616211111111114
7 0.24341840742187504 0.24773419791666668 0.022412094531249992 0.01640624027777776
7 0.059507401171874995 0.02601560347222222 0.06591792421875001 0.05203120694444444
0 0.0845562125 0.37078098819444444 0.021093735937500004 0.03281247638888891
0 0.10037651367187501 0.36257786875 0.03691403671875 0.035156226388888906
0 0.122129428515625 0.36257786875 0.017138660156250006 0.02578123194444445
0 0.134653833984375 0.37195286180555553 0.029003886718750004 0.02578123194444449
0 0.18211473828125002 0.3461716298611111 0.04218747031250001 0.02109373472222218
0 0.172227051171875 0.3883591006944444 0.05141598046875 0.06328120694444447
0 0.35350133906250003 0.3824997305555556 0.04746090468749999 0.037499974999999984
0 0.4108499332031251 0.3731247368055556 0.02768552734375005 0.02343748194444449
0 0.37657261328125 0.41179658541666664 0.07250971562500004 0.08671869027777777
0 0.25132855859375003 0.4199997034722222 0.12788077187499997 0.18749987083333333
0 0.48665554531250005 0.48093716319444446 0.18193346875000005 0.25781232083333333
0 0.0805105015625 0.5606246083333334 0.161021003125 0.39843722500000006