6 0.23768003945312496 0.33101689027777775 0.006864407031250019 0.015254236111111139
6 0.22009000078125 0.3661016270833334 0.007722456250000009 0.015254234722222215
6 0.3998516203125 0.32720332847222217 0.008580507812499994 0.013728806944444432
7 0.07250528320312499 0.4149151736111111 0.00772245546875 0.012203386111111077
7 0.8181513292968748 0.2799152013888889 0.01458686328124994 0.03813558888888886
7 0.18147771953124997 0.3607626423611111 0.012870759374999995 0.007627115277777818
7 0.458199066796875 0.3325423097222222 0.020593216406249937 0.04271185555555558
0 0.047192786328125 0.44466093402777773 0.015444911718750004 0.022881354166666687
0 0.186626023828125 0.4309321229166667 0.03689617734375002 0.053389820833333344
0 0.23081563515625003 0.42940669930555553 0.051483042187500015 0.06559321250000004
0 0.369390820703125 0.41033890069444445 0.016302963281250006 0.033559318055555565
0 0.35308785625 0.41491517638888886 0.03174787812500002 0.04576269999999998
0 0.79103694609375 0.3706778972222222 0.07293430781249999 0.09457625000000003
0 0.49226368828124994 0.39661009513888895 0.012870759374999974 0.021355926388888946
0 0.524869616015625 0.3882202638888889 0.016302963281250006 0.025932194444444435
0 0.54160160234375 0.39127111111111107 0.01887711562500005 0.028983044444444456
0 0.592655620703125 0.38135586180555553 0.024883471093750043 0.033559318055555565
0 0.629551797265625 0.388982975 0.016302963281249916 0.027457616666666716
0 0.679747762890625 0.37906772361111113 0.048050839843749936 0.05033897500000002
0 0.7359500835937499 0.36686433541666663 0.07636651093750002 0.07169490138888893
0 0.1481707921875 0.44711186875000003 0.06238770312500001 0.05892172083333331
0 0.29634158359375 0.4072530597222222 0.083833475 0.13863934166666667
0 0.40698227460937497 0.43758041458333335 0.06726174140625 0.0987805263888889
2 0.40308304531250005 0.36912724027777777 0.05361443281250002 0.04159180000000002
0 0.013647309375 0.45439042638888893 0.02729461875 0.04505778611111108
0 0.942541730078125 0.3252825416666667 0.11210290390624991 0.1715661805555556