0 0.3640907296875 0.5060335840277778 0.022420579687500018 0.034659834722222234
0 0.401620832421875 0.5129655506944445 0.02144577265625003 0.034659834722222234
0 0.41819256601562493 0.5043005923611111 0.013647310156250026 0.020795901388888892
0 0.022405173437500002 0.5264825347222222 0.044810346875000004 0.06515978611111113
0 0.26807215703125 0.5086330715277777 0.017546540624999985 0.029460859722222288
0 0.1954489734375 0.5710207729166668 0.18228906718750001 0.19236207916666667
0 0.450361224609375 0.5017011048611112 0.023395388281250006 0.029460859722222288
1 0.482529883203125 0.49216965 0.05263962265625004 0.13170736944444442
1 0.560027107421875 0.48523768333333334 0.11990136484375 0.1732991722222222
1 0.653121256640625 0.48957016319444446 0.08188385859375007 0.09878052916666667
1 0.44170199453125003 0.4914912694444444 0.019204434375000013 0.03840886944444443