0 0.297803796484375 0.44451237777777775 0.016571732031249998 0.01906290833333336
0 0.282694275390625 0.4427793847222222 0.011697694531250002 0.012130941666666692
0 0.328510244140625 0.4575098159722223 0.019496157031250006 0.04852376805555557
0 0.425503624609375 0.44104639444444443 0.010722886718750057 0.022528891666666735
0 0.49617719335937505 0.45057784930555556 0.021445772656249938 0.034659834722222234
0 0.47716844140625003 0.44364588194444443 0.010722887499999967 0.02079590000000001
1 0.451336033203125 0.4644417833333334 0.05458923828125002 0.09011557222222225
0 0.3650655390625 0.45491032708333334 0.05751366406249998 0.08145061250000005
0 0.20958368671875 0.48177170069444436 0.109178478125 0.10744548472222222
0 0.60291865234375 0.44797836041666667 0.047765584375 0.04332479305555555
0 0.956773901171875 0.4748397333333333 0.08480828203124986 0.1490372888888889
0 0.022420580859375 0.7434534493055556 0.04484116171875 0.2980745763888889
9 0.39723419843749996 0.4384469076388888 0.006823656250000009 0.017329918055555598
0 0.40795708359375 0.4401798986111111 0.01072288593750006 0.017329916666666632
7 0.5307828718750001 0.42891545277777776 0.010722885937499971 0.019062911111111133