0 0.180142333203125 0.6456615895833333 0.15426677421875 0.17645674027777772
0 0.2817909828125 0.6105828375 0.06338092343750001 0.080787425
0 0.314079377734375 0.5967639388888889 0.032288394531249986 0.061653558333333316
0 0.337398773046875 0.5957009451388889 0.019133864843750015 0.042519695833333294
0 0.351151237890625 0.574441098611111 0.013154530468750014 0.01700787777777772
0 0.35713056992187503 0.5659371583333334 0.013154532031249966 0.017007877777777795
0 0.38642929921875 0.5638111736111111 0.023917328125000026 0.021259847222222246
0 0.381645833203125 0.5914489777777777 0.023917328906250025 0.034015761111111056
0 0.40257349570312506 0.5850710215277778 0.013154530468750014 0.0340157569444444
0 0.41632595937500005 0.58826 0.021525595312500024 0.04889764999999997
0 0.42290322539062497 0.5871970076388889 0.020329728906249935 0.04677166527777775
0 0.44263502382812503 0.5935749625 0.03826772734374995 0.080787425
0 0.461170953125 0.5988899222222221 0.04903052500000005 0.07440946944444443
0 0.4958510828125 0.5967639388888889 0.02272146406250002 0.061653558333333316
0 0.5741803347656249 0.6020789013888889 0.12915358046874995 0.19559060277777782
0 0.24950258828125 0.5916615875000001 0.02511319687500002 0.036141744444444394
7 0.26744058359375 0.5119371569444444 0.020329729687499975 0.03826772499999996