6 0.184357746875 0.11907574027777777 0.014395724999999993 0.061848302777777774
6 0.174160775390625 0.12334114027777777 0.01319608203125 0.05331750277777777
6 0.199953116015625 0.11694304027777777 0.011996438281249988 0.05758290277777777
7 0.087186601953125 0.19585293750000002 0.03119073671875 0.0191943
7 0.11477840937499999 0.2086491388888889 0.019194299999999997 0.014928899999999995
7 0.6174291425781251 0.2481040875 0.011996438281250032 0.0383886
7 0.57724107578125 0.28009458819444444 0.008397506249999954 0.021327001388888867
6 0.940038926953125 0.06659408263888889 0.033401255468749905 0.07205078749999999
0 0.43568311406250004 0.3355447902777778 0.02279323125000001 0.0383886
0 0.45847634375 0.3419428902777778 0.02279323125000001 0.038388602777777774
0 0.322916601953125 0.3749997402777778 0.08277541953125 0.08744069722222218
0 0.39669469140625 0.3547390888888889 0.0743779125 0.11090040000000004
0 0.20775079999999999 0.40165848958333333 0.16435119375 0.23033160138888892
0 0.49266619140624995 0.3376774909722222 0.04558646406249993 0.06824640138888892
0 0.5256563957031251 0.3259476402777778 0.010796792968749979 0.02772510000000001
0 0.531654614453125 0.32808034027777777 0.010796792968749979 0.036255900000000015
0 0.550249090625 0.3312793902777778 0.02639216093750001 0.04691940000000001
0 0.5664442824218751 0.3398101895833333 0.039588244531250004 0.05118479861111109
0 0.757787461328125 0.34194288958333335 0.20154015078125004 0.17914680138888892
0 0.958070218359375 0.30995238888888893 0.08385956328125008 0.08957340277777778
6 0.10038268359375 0.31101874027777776 0.014395725000000003 0.01919430277777781
0 0.994766835546875 0.31583226180555557 0.00819049140625001 0.039522370833333334
6 0.970780396875 0.07037754305555555 0.023401403125000008 0.06448386666666665