6 0.174516641015625 0.36440408611111114 0.013785021093749994 0.02983425277777777
6 0.07412571210937499 0.12786108333333332 0.025172650781250007 0.0809786861111111
6 0.53132273671875 0.17207970833333333 0.014983721875000012 0.05327545277777777
6 0.5097461796875 0.1763417451388889 0.011387626562499965 0.0511444347222222
6 0.814021851171875 0.20351222430555554 0.034162882031250064 0.0660615597222222
6 0.777461571875 0.21523282361111107 0.028169393750000004 0.04688239722222222
6 0.049352630078125 0.12573006597222222 0.02277525546875 0.08310970416666669
6 0.5193357609375 0.17421072708333335 0.014983721874999922 0.05327545138888888
6 0.716761280078125 0.2983425277777778 0.014983721093750013 0.02557221666666669
6 0.53088392890625 0.3411912125 0.008390884375000063 0.015982633333333336
0 0.936782219921875 0.38400946388888885 0.05274269765625004 0.061799522222222215
0 0.6494544125 0.3882714993055556 0.016781767187499953 0.04262036250000002
2 0.599348829296875 0.34948696180555555 0.025172650781250017 0.021310179166666682
0 0.199358395703125 0.4574078131944444 0.029967441406250007 0.05966850694444443
0 0.43656569218749997 0.42183503333333333 0.09589581250000001 0.11400946666666667
0 0.5929357894531251 0.45380030625 0.14204567265624995 0.1992501875