6 0.3686624625 0.1844529909722222 0.022412093749999994 0.11015617361111113
6 0.38580112265625 0.29812478819444443 0.027685528125000004 0.0374999736111111
6 0.54927757265625 0.2641404361111111 0.014501943750000024 0.03984372222222221
6 0.520932865234375 0.12585928124999998 0.029003885156249964 0.11484367083333334
7 0.59344258125 0.2149217208333333 0.06328120625000003 0.025781233333333337
0 0.261216248046875 0.4610153013888889 0.010546867968749974 0.011718741666666688
0 0.24012251171875 0.4574996784722222 0.013183584374999979 0.02343748472222226
0 0.227598105859375 0.45984342638888887 0.017138660156249985 0.028124980555555606
0 0.21045944609375003 0.4586715520833333 0.027685528125000004 0.03046872916666672
0 0.18211473828125002 0.4633590486111111 0.04218747031250001 0.04453121666666667
1 0.9184179433593751 0.3578903715277778 0.16215809140625 0.23671858750000002
0 0.004704890234375 0.4961715270833333 0.00940978046875 0.05859370972222225