6 0.7267192484375 0.3907896340277778 0.016571732812499997 0.03639282638888888
6 0.4571848796875 0.40552006319444445 0.011697693750000049 0.03119384861111109
6 0.39138535 0.4046535680555556 0.008773270312499993 0.02599487500000003
6 0.46400853515625 0.4323814340277778 0.0058488484374999315 0.02946085972222221
6 0.598532018359375 0.4306484444444444 0.007798463281250001 0.019062911111111133
6 0.40113342851562506 0.43411442777777776 0.006823655468750056 0.015596924999999985
0 0.5465016406250001 0.47904841805555554 0.06238770312500001 0.07625163611111113
0 0.51468113359375 0.4712499541666667 0.02826942812499995 0.06758667499999997
0 0.4971345906250001 0.46431798888888887 0.0243701953125 0.046790777777777806
0 0.478613241796875 0.46345149166666666 0.022420578906249933 0.04505778333333331
0 0.252109664453125 0.4695169631944444 0.07213578046875 0.10224651249999997
0 0.316934387109375 0.4651844833333333 0.04191673828124998 0.07625163611111113
0 0.362262951171875 0.45825251736111106 0.023395388281250006 0.038125818055555524
0 0.389070166796875 0.46171850138888887 0.028269427343750042 0.027727866666666677
0 0.43878536640625 0.45911901458333326 0.01852134999999997 0.02252889305555554
6 0.44902084999999997 0.4396847472222222 0.005848848437500021 0.01386393611111111
6 0.442684597265625 0.44315072986111104 0.00877327109374999 0.017329918055555598
6 0.42806248125 0.4422842340277777 0.004874040624999942 0.015596926388888951
7 0.6293603003906251 0.30055027013888885 0.02534500234375008 0.01732991805555556
7 0.617662605859375 0.3256786479166667 0.035093082031250056 0.019062909722222205