6 0.35061891484375 0.5155011180555555 0.005024223437500019 0.021691877777777792
6 0.36533270859375 0.558884875 0.0028709828125000223 0.014035922222222217
6 0.344518075 0.5678168270833333 0.004306475000000009 0.011483934722222245
6 0.433518576953125 0.5422969680555555 0.007177460156249982 0.02424386388888888
6 0.086129518359375 0.5901467006944444 0.005741967968749995 0.020415884722222208
6 0.26532676523437504 0.47190469513888883 0.01004844453125 0.034451809722222275
7 0.264609019140625 0.4480861597222222 0.005741967968750039 0.011483936111111129
7 0.350738537890625 0.49976387083333335 0.005741967968749995 0.007655955555555573
7 0.7839324289062499 0.38480300833333336 0.00933069843750003 0.05359170000000001
7 0.7839324289062499 0.43903270624999996 0.00933069843750003 0.049763720833333344
0 0.2960189515625 0.598258375 0.01722590468749998 0.010207941666666661
0 0.37712424765625 0.6008103625 0.022967870312499982 0.035727802777777776
0 0.356309615234375 0.6025420625 0.020096888281250003 0.03955578055555549
7 0.085360503125 0.6360824638888889 0.009330698437500007 0.021691877777777792