7 0.9612645941406249 0.5582808569444444 0.055371055468750006 0.08906243611111112
7 0.95928705625 0.47273404305555555 0.03823239531249989 0.06796870277777774
7 0.30472207695312503 0.4821090368055556 0.06064448984375002 0.0914061875
7 0.31065468984375 0.38718722708333336 0.056689414062499964 0.09374993472222228
6 0.36075231132812496 0.5582808590277778 0.006591791406249969 0.01874998750000003
6 0.3066996140625 0.5535933618055555 0.006591792187500012 0.01874998750000003
6 0.3343851421875 0.5676558527777777 0.006591792187499968 0.018749986111111068
0 0.212436983984375 0.6016402041666666 0.021093735156249994 0.021093736111111146
0 0.18936571015624998 0.6063277027777778 0.019775376562500013 0.021093736111111146
0 0.304062896875 0.6039839527777778 0.009228507812500019 0.021093736111111146
0 0.411509113671875 0.6145308215277778 0.02373045390625004 0.0374999736111111
0 0.449741508203125 0.6192183180555555 0.007910150781250014 0.028124980555555526
0 0.36668492460937496 0.6074995756944445 0.010546867968749974 0.014062490277777803
1 0.29219767109375 0.5992964555555556 0.014501943749999979 0.03515622500000006
1 0.186069813671875 0.5711714763888889 0.08173822421875002 0.09140618888888888
0 0.319883199609375 0.607499575 0.014501942968750025 0.028124980555555526
0 0.391733735546875 0.6145308208333333 0.01845701796874999 0.028124980555555526
0 0.432602848046875 0.6239058152777778 0.03164060390624997 0.05624996111111113
0 0.46819852734374995 0.6203901923611111 0.023730451562499956 0.03046872916666664
0 0.49654323359374997 0.6250776895833334 0.027685528125000046 0.0398437236111111
1 0.619150571484375 0.5489058652777777 0.19379869453124998 0.33749976666666665
0 0.026457804687499996 0.6121870722222221 0.05291560937499999 0.06562495555555559