7 0.7130547003906249 0.41510195347222223 0.015497446093749988 0.029387751388888876
0 0.9492890027343751 0.37279966388888885 0.018596935156250004 0.03857141944444445
0 0.714776644921875 0.4717346131944445 0.021696424218749934 0.027551015277777837
0 0.6868812417968749 0.47081624375 0.011364792968749971 0.018367343055555572
0 0.6755164484375 0.4726529784722222 0.011364793749999968 0.02204081250000003
0 0.64917079140625 0.47632644999999996 0.020663260937500018 0.025714280555555528
0 0.635223088671875 0.47816318333333335 0.017563771093750003 0.025714277777777756
0 0.6166261546875 0.48183665208333337 0.029961728125000066 0.03673468472222226
0 0.562385095703125 0.4836733840277778 0.026862239843750045 0.0440816236111111
0 0.5360394375 0.4799999152777777 0.01963009843750001 0.04775509166666667
0 0.530357040625 0.4873468541666666 0.024795912500000038 0.03306121944444437
0 0.46165169804687495 0.4901019548611111 0.03409438046875 0.05693876527777775
0 0.495746079296875 0.48459175138888894 0.058890292968750035 0.05693876388888894
0 0.39380731875 0.4983672590277778 0.03616070625000001 0.06244896527777778
0 0.34111600273437503 0.5066325666666667 0.10641579453125001 0.08265304444444446
0 0.233667042578125 0.502040729861111 0.04442601015625001 0.06612243472222216
0 0.1525637453125 0.5259182729166667 0.1446428265625 0.09183671527777777
0 0.7705674800781249 0.46255094027777777 0.015497444531249993 0.038571419444444484
0 0.849087871875 0.48183665208333337 0.025829076562500042 0.03673468472222226
0 0.8568365941406249 0.4855101222222222 0.014464282031249987 0.04040815555555552
0 0.8707842953124999 0.4836733840277778 0.025829076562500042 0.04775509305555556
0 0.8940304652343751 0.49010195763888886 0.05165815234375 0.053265295833333365
0 0.944138872265625 0.49561215833333333 0.06095661953124996 0.08265304166666662
0 0.9660074484374999 0.5060203020833334 0.05062499062499999 0.0844897791666667
0 0.9794385679687501 0.5060203020833334 0.040293359375000115 0.11755099583333338
1 0.80431743125 0.43255092777777776 0.05372447812499992 0.04408162222222229
0 0.809999828125 0.48948969236111106 0.06715559843750007 0.09183671527777777