0 0.041846904296875 0.46968733541666663 0.06749997578125 0.13687495138888886
0 0.01143126796875 0.4987498270833333 0.0228625359375 0.10499996249999997
0 0.23801871015625 0.4640623381944445 0.012656245312500003 0.020624990277777755
0 0.252256987109375 0.46593733888888883 0.011601558593749983 0.024374991666666703
0 0.268604637109375 0.47156233541666664 0.016874994531249986 0.0431249847222222
0 0.29708118984375 0.47062483611111106 0.0379687375 0.04124998611111113
0 0.3329405515625 0.47812483333333333 0.05062498281250001 0.05249998333333331
0 0.381983503515625 0.48093733333333333 0.028476552343750017 0.05437498055555557
0 0.40782333828125 0.49124982847222215 0.06539060156250005 0.0674999763888889
0 0.538604542578125 0.5203123180555556 0.09914058984374999 0.13687495277777775
0 0.6957529253906249 0.5184373180555555 0.12234370859374995 0.13687495
0 0.8370810007812499 0.5437498097222222 0.22781242031249996 0.2699999055555556