0 0.135132911328125 0.53185055 0.06696852265625 0.061653558333333316
0 0.11001971562500001 0.5403544902777778 0.07892718750000001 0.07866143888888888
0 0.25890509140624995 0.5477954375 0.10882384843749997 0.06377954722222227
0 0.40460150156249997 0.5361025215277777 0.028700795312499982 0.04889765138888886
0 0.47655278945312496 0.5173229840277778 0.04903052734375004 0.02551181805555558
0 0.48133625546875003 0.5120080201388889 0.02032972968750002 0.02338583194444447
0 0.4950887203125 0.5364568465277778 0.03348426250000003 0.055275606944444416
0 0.45024372851562494 0.5417718097222222 0.02032972890625002 0.04464568055555552
7 0.221434614453125 0.46488203055555555 0.010762799218750008 0.025511819444444465
7 0.19871315234374998 0.41917335555555557 0.022721464062499995 0.023385833333333356
6 0.190740703125 0.45354343750000004 0.010762798437500009 0.04251969444444441
6 0.20449316640625 0.4581497340277778 0.009566931250000011 0.044645681944444404
7 0.46080722695312504 0.1700787875 0.023917328906250025 0.038267727777777795
7 0.521796416796875 0.4549607555555555 0.011958664843750012 0.05527560555555553
7 0.36972205625 0.4677166652777777 0.013154531250000013 0.021259849999999938
7 0.38068417382812497 0.4659450222222222 0.009566932031250008 0.03188977222222225
7 0.37051930859375004 0.4393702118055556 0.010762798437499966 0.021259848611111052
6 0.46399619101562506 0.23562998333333335 0.021525596093750023 0.08716537777777775
0 0.42971469804687495 0.5428348 0.04305119296875004 0.06803151388888888