7 0.5269043109375 0.30361667152777777 0.01969771250000001 0.012450598611111098
7 0.53506435234375 0.2769368229166667 0.014006920312499994 0.012450598611111138
0 0.309953127734375 0.4023321111111111 0.028013841406249983 0.028458505555555527
0 0.25842767265625 0.4041107694444444 0.05902916562499998 0.039130447222222225
0 0.19789776523437502 0.40766808125 0.058028671093750005 0.03913044583333335
0 0.03241601015625 0.44324121180555554 0.0648320203125 0.12450595972222224
0 0.38549045 0.41033606597222216 0.11105487031249997 0.1689723763888889
0 0.4755349394531249 0.4014427833333334 0.05502718828124999 0.08003954722222227
0 0.59759524765625 0.41122539583333334 0.10104992656250004 0.16719371666666663
0 0.7861884269531251 0.41211472430555557 0.32816213828125 0.35395265972222223
7 0.952036084765625 0.13265615833333336 0.042187471093749984 0.05624996111111111