1 0.579921794921875 0.5124165826388889 0.02018271015624995 0.038122895833333344
0 0.5893824410156251 0.5281142472222222 0.021444128906250005 0.042607944444444476
0 0.591905278515625 0.5382056 0.023966969531250014 0.058305605555555536
0 0.607042311328125 0.5426906472222222 0.03658116171875001 0.08073084166666662
0 0.625332892578125 0.5382056000000001 0.040365421093749985 0.0807308416666667
0 0.558477665234375 0.5269929847222221 0.017659871093750022 0.03139532499999997
0 0.47143972890625 0.5303567694444444 0.015137032812500006 0.033637849999999976
0 0.451887728125 0.5337205534722222 0.03153548437500007 0.0493355125
0 0.43107430898437504 0.5370843409722222 0.025228386718749985 0.05157803750000001
0 0.415306565625 0.5449331715277778 0.034058321875 0.06279065416666667
0 0.38503250078125 0.5539032638888889 0.06685522656250002 0.07624579444444438
0 0.53955637421875 0.5348418173611111 0.030274065625000013 0.05606308472222226
0 0.5017137941406251 0.5426906465277779 0.06054813046875003 0.08970093472222224
0 0.749582700390625 0.6379978888888889 0.2762508445312501 0.3655313055555556
7 0.27718114453125003 0.42720069444444453 0.027751226562500043 0.024667752777777788
7 0.37557185585937497 0.4821425180555555 0.020182710156249995 0.02242523333333332
7 0.469547599609375 0.48662756319444445 0.011352774218750028 0.022425231944444433
7 0.9816838667968749 0.3498336402777778 0.029012644531250055 0.05830560555555557
6 0.564154051953125 0.4485046673611111 0.008829935156249923 0.026910279166666683
6 0.532618568359375 0.45186845277777776 0.011352774218750028 0.029152802777777806
6 0.566046182421875 0.4866275638888889 0.010091355468749974 0.02691028055555557
6 0.5540626968750001 0.48550630277777773 0.011352775000000027 0.024667758333333328