7 0.07175198789062501 0.4882678659722222 0.02391732890625 0.02551181805555558
7 0.11061764843750002 0.5226379472222222 0.01315453124999999 0.019133863888888904
7 0.803821605859375 0.10417325763888889 0.10404038359375009 0.07228348472222221
0 0.10942178320312501 0.6585238034722222 0.08012305390625 0.0786614375
0 0.03587599375 0.6563978194444445 0.0717519875 0.08716537777777779
6 0.32168808125 0.5543505465277777 0.011958664062500013 0.01913386527777779
6 0.35397647578124997 0.5724214159722222 0.011958665624999965 0.01700787916666668
6 0.42632639765625 0.5830513402777778 0.013154531249999924 0.017007877777777795
6 0.462800325 0.5660434638888888 0.009566931250000011 0.021259847222222246
6 0.47774865703125 0.5830513402777778 0.008371067187500003 0.017007877777777795
6 0.444862328125 0.6000592208333333 0.011958664062500013 0.017007877777777795
0 0.47535692265625 0.6383269486111112 0.017937996875000018 0.029763788888888833
0 0.4622023921875 0.6351379708333333 0.010762796875000013 0.027637802777777724
0 0.421542931640625 0.6245080486111111 0.015546263281249927 0.014881894444444457
0 0.4358933300781249 0.6276970236111111 0.013154530468750014 0.01700787777777772
0 0.4891093875 0.6500198645833333 0.021525596875000018 0.031889770833333365
0 0.428120196875 0.6447049027777777 0.019133860937499934 0.025511819444444465
0 0.449645794140625 0.6308860020833333 0.011958664843750012 0.02763780138888884
0 0.37968760546875 0.6319489951388888 0.013154531250000013 0.021259851388888824
0 0.40898633398437506 0.6276970236111111 0.011958664843750012 0.01700787777777772
0 0.393440069921875 0.6191930854166667 0.014350397656250014 0.012755909722222233
0 0.3934400703125 0.6457678951388889 0.026309062500000025 0.044645681944444404
0 0.33663641171875003 0.6606497888888889 0.08490652031249998 0.09992128611111113
7 0.5548820437499999 0.5330907 0.011958665625000009 0.019133863888888904
7 0.558469643359375 0.5628544861111111 0.009566932031250008 0.027637802777777803
6 0.8629820882812499 0.37629931736111105 0.056205723437499876 0.0807874236111111
6 0.778673501953125 0.39755916527777785 0.021525596093750023 0.05952757499999998