0 0.5083996234375 0.6418873694444445 0.024357332812499966 0.06113213055555554
0 0.5413536625 0.6168401701388889 0.07020643125 0.14009446527777772
0 0.5993814269531249 0.5854250506944444 0.06017694140624998 0.06028306527777782
0 0.463266919140625 0.6690571979166666 0.10316046953125006 0.17830204583333326
0 0.615858445703125 0.6724534340277778 0.11605553046874997 0.15283032638888885
0 0.842954759765625 0.7335855645833333 0.3123469804687501 0.4686796652777778
7 0.42386534960937505 0.5947646881944444 0.015760627343750055 0.022924548611111106
7 0.602246995703125 0.5565571006944444 0.020058980468749966 0.017830204166666717
7 0.5169963292968751 0.4763211826388889 0.012895058593749998 0.0254717208333333
7 0.49192260273437505 0.5081608340277778 0.011462274218750058 0.017830204166666638
6 0.4926389957031249 0.5272646243055555 0.012895060156249994 0.03566040972222224
6 0.516279937109375 0.4996702534722222 0.014327842968750027 0.043301926388888905
7 0.356524488671875 0.6193873423611111 0.01862619609374998 0.09424536805555558