6 0.037757076953125 0.15969394097222223 0.021524244531249997 0.04897961527777779
6 0.386779910546875 0.11096943680555554 0.011192605468750028 0.0443877763888889
6 0.66573411875 0.03750001527777778 0.009470668750000045 0.06581635555555555
6 0.697590001171875 0.0459183875 0.011192607031250024 0.06428574166666667
6 0.41002609453125005 0.11326535555555556 0.007748728124999982 0.0489796138888889
6 0.40012494296875 0.10484698611111111 0.013775515625000035 0.05663267777777778
6 0.683383998828125 0.03979593680555556 0.017219397656250024 0.07346942083333334
6 0.29508663046874994 0.24413276319444444 0.015497456250000008 0.02908164583333333
6 0.011827575 0.15765313055555555 0.022385212499999998 0.03979593611111112
6 0.28045014453125 0.11479596875 0.015497456250000008 0.05204084027777778
7 0.279158690234375 0.2142858111111111 0.012914547656249997 0.018367355555555537
7 0.955364351953125 0.18443885902777776 0.03357782109374998 0.03826532361111112
6 0.956655806640625 0.23494908333333334 0.024107153906249935 0.038265325000000024
6 0.9260913789062499 0.2357143923611111 0.030133940624999946 0.04897961527777777
0 0.5850289617187501 0.35714301944444443 0.038743640625 0.06734696944444442
0 0.45114816210937503 0.3387756645833333 0.020663275781250066 0.030612259722222233
0 0.42015325 0.3510205666666667 0.041326548437499964 0.061224516666666694
0 0.056940034375000004 0.5587036159722223 0.11388006875000001 0.34285729583333335
0 0.151216224609375 0.4232443715277778 0.30243244921875 0.3198981041666667
0 0.5107871335937499 0.4530913222222222 0.1876914109375 0.2724491
0 0.872824925 0.3956933361111111 0.1300064359375 0.0841837111111111
0 0.985684798046875 0.3793368979166667 0.0266900617187499 0.07500003472222218
6 0.721823262109375 0.2776294256944445 0.01907377734375002 0.0339089375