6 0.0941330953125 0.17389205069444447 0.022087095312500006 0.07105266527777779
6 0.055743621093749994 0.1682826284722222 0.029449459374999997 0.06731305138888886
6 0.0767789484375 0.16921753194444444 0.02103532812500001 0.0691828583333333
6 0.408085374609375 0.2729918194444444 0.012621197656249982 0.03739613888888888
6 0.392308878515625 0.2748616263888889 0.01472473046874998 0.03739613888888888
6 0.6915364273437501 0.18885050555555555 0.007362365625000056 0.048614980555555555
6 0.8661296539062502 0.15332417291666667 0.02419062656249995 0.07853189305555555
6 0.919243858984375 0.33282564374999996 0.025242394531250056 0.041135754166666656
6 0.80670485078125 0.26270788194444444 0.018931796874999927 0.07666208611111114
6 0.703105858203125 0.18698069791666666 0.007362366406249965 0.05609420972222223
6 0.86770730390625 0.38985475555555554 0.014724729687499938 0.02056787499999994
6 0.8082825 0.36741707222222225 0.022087095312499992 0.03178671944444448
7 0.393360644921875 0.33002093125 0.016828263281249978 0.020567876388888903
7 0.392834761328125 0.36087274861111107 0.01788002890625 0.022437686111111077
7 0.395990060546875 0.38518024027777775 0.015776496093750002 0.022437683333333305
7 0.393886527734375 0.4122924395833333 0.01788002890625 0.02430749305555556
7 0.8850614499999999 0.2533588472222222 0.01998356250000004 0.06918285833333332
7 0.9129332601562499 0.1551939798611111 0.04207065624999995 0.018698070833333347
7 0.8829579175781251 0.08788092777777777 0.013672964843750001 0.04861498333333333
7 0.8850614499999999 0.3057134409722222 0.01998356250000004 0.020567876388888903
7 0.81880016484375 0.3262813173611111 0.009465898437500009 0.03552633194444444
7 0.6899587765625 0.39733398402777775 0.012621196874999985 0.03178671805555556
7 0.6668199160156251 0.40855282777777774 0.008414132031249988 0.024307491666666674
7 0.41649950546875003 0.3197369944444445 0.01682826249999998 0.033656525
7 0.41755127226562505 0.35619823125000005 0.01893179609375002 0.03552633472222221
7 0.41702538906250003 0.38518024027777775 0.01156943125000005 0.022437683333333305
0 0.458044280078125 0.4506234840277778 0.013672963281250006 0.018698068055555538
0 0.48118314062499995 0.4478187729166666 0.009465898437500009 0.024307490277777788
0 0.41334420625 0.45436309722222223 0.01262119843749998 0.041135752777777805
0 0.401774776171875 0.45436309722222223 0.008414132031249988 0.041135752777777805
0 0.32289229375 0.4926941388888889 0.069416584375 0.09909976944444444
0 0.297649899609375 0.5067176930555555 0.07362364921875 0.09722996388888884
0 0.258208658203125 0.4655819402777778 0.013672963281250006 0.033656527777777806
0 0.147247299609375 0.5562675763888889 0.07993424765625001 0.15519398055555556
0 0.8982085308593749 0.46371213125 0.13041903671875002 0.06731305138888888
0 0.9807721953125 0.4646470361111111 0.03681182500000002 0.057964016666666715
0 0.35549705234375 0.4646470347222223 0.048381256249999983 0.09162054166666667
2 0.306064030859375 0.4188367652777778 0.05889891953125002 0.04861498333333335
1 0.230336848046875 0.46090742013888886 0.04417418984374999 0.14771475138888882
1 0.1393590515625 0.44594896666666667 0.14409199999999997 0.21128819166666662
1 0.556384441015625 0.44220935138888884 0.014724730468750025 0.043005558333333326
1 0.5811009531250001 0.4328603180555555 0.038915357812499975 0.07292247222222224
0 0.470665476953125 0.45529800138888893 0.019983561718750043 0.03178671666666667
0 0.269252205859375 0.5684213229166667 0.12831550390625002 0.16454301527777773
0 0.5390302945312501 0.4637121340277777 0.011569429687499966 0.048614981944444385
0 0.511158484765625 0.47586587708333333 0.05889891953125002 0.11031860972222221
0 0.0721183078125 0.60394765625 0.144236615625 0.26551259305555547
6 0.83536843125 0.28593728541666663 0.019775376562500037 0.07031245138888889