0 0.015596925390624999 0.45491032847222224 0.031193850781249997 0.039858809722222256
0 0.9460510140625 0.3829911715277778 0.045815968750000026 0.03812581805555561
0 0.152557427734375 0.42458297291666663 0.026319811718749996 0.017329918055555598
2 0.226155419921875 0.41505151875000007 0.06238770078125 0.05025675972222222
0 0.25345003984375003 0.42978194791666663 0.042891545312500015 0.027727868055555563
0 0.277332832421875 0.4211169895833333 0.024370196093749998 0.02426188472222227
0 0.327048032421875 0.42458297361111114 0.00877327109374999 0.01386393611111111
0 0.345081976953125 0.41765100555555557 0.015596924218750008 0.013863933333333339
0 0.38358688750000003 0.4167845097222222 0.008773270312499993 0.012130941666666612
0 0.396259389453125 0.4141850222222222 0.016571733593750037 0.017329916666666632
0 0.444024973828125 0.4107190395833333 0.012672502343749947 0.038125818055555524
0 0.4571848796875 0.4141850222222222 0.013647309375000027 0.02079590000000001
0 0.48740392343749994 0.40898604722222226 0.007798464062499999 0.01386393333333326
0 0.5380939308593751 0.40378707222222227 0.02144577265625003 0.017329916666666632
0 0.4971520015625 0.41158553472222226 0.007798462500000003 0.015596924999999985
0 0.473269208984375 0.41331852708333333 0.016571733593749992 0.02946085972222221
1 0.4230666046875 0.41245203055555557 0.03704269687499995 0.05892171944444442
7 0.612179326953125 0.33966637847222225 0.01949615703125005 0.020795901388888854
7 0.5512538367187501 0.34919783263888887 0.012672501562500039 0.025994876388888914
7 0.554665664453125 0.36739424583333335 0.013647310156250026 0.02079590000000001
7 0.385536503125 0.38732365069444447 0.010722885937500015 0.019062909722222247
6 0.48447949921875005 0.34486535347222225 0.007798462500000003 0.020795901388888892