2 0.794909828515625 0.35703947569444444 0.40919138515625 0.7140789513888889
1 0.37422983515624997 0.45323391041666666 0.056134474999999996 0.08316218472222216
1 0.44244881484375 0.45115485555555557 0.05691412187499996 0.10395273333333337
0 0.392941327734375 0.4989731131944445 0.07328667578125003 0.09425047638888889
0 0.5083288574218751 0.4788755833333334 0.04989730703125002 0.062371638888888886
0 0.56524298046875 0.47125238402777775 0.037422982812500026 0.04989731249999999
0 0.48260055781250005 0.4726384215277777 0.014033618749999999 0.030492801388888876
1 0.530548755859375 0.45600598125 0.03664333828124997 0.058213523611111144
0 0.587985755078125 0.4676980256944444 0.015326791406249995 0.034472373611111114
0 0.6034456089843749 0.4705593680555556 0.018711491406249968 0.04573920833333334
6 0.5773274855468751 0.38739718194444445 0.003898227343750005 0.026334697222222224
6 0.571869966015625 0.3894762361111111 0.007016808593750046 0.022176583333333295