0 0.80512935859375 0.6136920409722222 0.03687615468750005 0.05584536805555555
0 0.789422848046875 0.60155174375 0.010926267968750025 0.026708654166666672
0 0.7764479046874999 0.5991236840277778 0.01775518437499999 0.03156477361111109
0 0.7402546433593751 0.5991236833333333 0.01638940234374999 0.02185253333333337
0 0.75483721953125 0.6048903256944445 0.024584101562500037 0.03338581805555552
0 0.717719215625 0.602765773611111 0.042339287500000024 0.053417308333333344
0 0.689037762890625 0.6003377138888889 0.02048675234374997 0.024280594444444463
0 0.6699167945312501 0.602765773611111 0.028681453125000013 0.04370507222222228
0 0.6385037742187499 0.6100499513888888 0.06419182343750007 0.0679856638888889
0 0.5804579765625 0.6064078631944445 0.04097350468750003 0.041277012499999995
0 0.3824193734375 0.602765773611111 0.0300472375 0.053417308333333344
0 0.41110082578125 0.6039798041666666 0.060094473437500004 0.06555760833333335
0 0.2793027203125 0.6039798027777777 0.0396077203125 0.05098925000000002
0 0.241060783203125 0.6039798027777777 0.03414458671875002 0.05098925000000002
0 0.2014530625 0.5942675652777778 0.04507085468749998 0.070413725
0 0.14818750742187498 0.5979096541666666 0.04233928828125 0.06312954722222225
0 0.040973504296875005 0.5979096541666666 0.08194700859375001 0.11654685555555559
0 0.501242534765625 0.6185481604166666 0.12838364609375005 0.1578238680555556
7 0.25164560546875 0.5778781631944444 0.021852535937500008 0.05341730972222223
7 0.406662029296875 0.5839483124999999 0.015023617968750003 0.04127701111111111
7 0.835518040625 0.58880443125 0.012292051562500106 0.021852534722222258
6 0.7979671585937501 0.53293100625 0.005457518750000024 0.0180184736111111