0 0.220306573046875 0.6654688236111111 0.05458923984375001 0.09011557222222225
0 0.266609945703125 0.6646023270833333 0.03606788984375 0.05718872638888889
0 0.295854181640625 0.6628693354166667 0.02826942890625004 0.05372274305555559
0 0.32071178164062497 0.6524713854166666 0.025345003906249986 0.04679077638888892
0 0.34313236132812497 0.6481389048611111 0.01949615546875001 0.03465983194444438
0 0.359216691015625 0.6524713847222222 0.012672502343749992 0.01906290833333336
0 0.371401789453125 0.6481389048611111 0.017546541406249984 0.03119384861111109
0 0.381637271484375 0.6446729222222222 0.010722886718750014 0.02079590000000001
0 0.39187275390625 0.6446729222222222 0.007798462500000003 0.02079590000000001
0 0.40210823632812503 0.6342749722222222 0.010722886718750014 0.01386393611111111
0 0.4084444875 0.6212775333333334 0.011697693750000049 0.008664958333333316
0 0.7413413664062499 0.7096601125 0.17449060312499992 0.17156618333333332
0 0.6404487546875 0.6949296826388889 0.09163193750000005 0.13170737083333328
0 0.49374017382812496 0.6594033520833333 0.012672502343749947 0.025994876388888914
0 0.4908157503906249 0.6559373673611111 0.018521349218749972 0.025994873611111143
0 0.48204247929687494 0.6507383923611111 0.014622116406250019 0.02946085694444444
0 0.473269208984375 0.6464059138888889 0.016571733593749992 0.024261883333333383
0 0.46790776640625004 0.6368744597222222 0.003899232812500042 0.015596925000000065
0 0.46010930312500004 0.6342749722222222 0.013647309374999939 0.01386393611111111
0 0.45231084062499993 0.6204110381944444 0.005848846875000024 0.017329918055555518
0 0.125750212109375 0.67933275625 0.12477540390625 0.1282413875
0 0.8948736027343749 0.755584392361111 0.20276003203124998 0.3812581791666666
7 0.551253837109375 0.5926831701388888 0.018521349218749972 0.031193851388888857
0 0.511286715234375 0.65853685625 0.03411827421874998 0.04852376805555557