6 0.45148660234375004 0.3516101006944444 0.006006356250000078 0.038135584722222206
6 0.460067108203125 0.3500846777777778 0.01115465859375 0.03508473888888892
6 0.44333511953125004 0.35084738958333334 0.01201271093750007 0.03661016250000001
6 0.138727128125 0.23110165138888888 0.017161014062500014 0.07169490277777778
6 0.17219110390624998 0.24635588680555556 0.005148303124999987 0.032033893055555596
6 0.09754069296874998 0.4705931298611112 0.008580503124999994 0.0350847375
7 0.178197458203125 0.2112711465277778 0.03775423046875 0.07474574861111112
7 0.159749369921875 0.21966097430555556 0.02145126796875001 0.0854237125
7 0.263144477734375 0.23262707430555554 0.039470332031249986 0.022881351388888877
7 0.229680500390625 0.19220335277777778 0.010296608593750011 0.030508469444444446
7 0.23397075234375003 0.2936440125 0.037754229687499974 0.09915252222222222
7 0.25885422265624997 0.28830503055555556 0.008580503125000005 0.09152540555555559
7 0.338652936328125 0.41720330972222225 0.015444908593749983 0.007627119444444395
7 0.341227089453125 0.40576263402777785 0.006864405468750024 0.012203387500000041
7 0.35109467421875 0.36228806736111113 0.012870759374999974 0.02593219861111109
7 0.549733406640625 0.48279652083333335 0.012012710156249985 0.0320338944444444
7 0.378552294140625 0.4606778777777778 0.011154660156249996 0.0061016916666666535
7 0.379410344140625 0.45076262638888887 0.009438558593750025 0.013728811111111128
7 0.379410344921875 0.43169483124999997 0.007722457031249963 0.015254229166666673
9 0.840326574609375 0.6086439493055555 0.039470330468749995 0.15864403749999997
0 0.420659347265625 0.5369490513888889 0.01887711640624996 0.010677969444444418
0 0.4494040468750001 0.5476270159722222 0.009438557812500026 0.010677965277777762
0 0.529202759765625 0.5522032826388888 0.018019064843749977 0.0350847375
0 0.46227480624999995 0.5445761659722222 0.009438557812500026 0.013728812500000014
0 0.45712650234374996 0.54228803125 0.009438557812500026 0.009152543055555561
0 0.38075999140625 0.5415253208333334 0.011154659374999997 0.016779658333333378
0 0.363598977734375 0.5468643006944445 0.012870760156250017 0.018305081944444464
0 0.343005762109375 0.5476270131944444 0.01115465859375 0.02593219861111117
0 0.33785745507812504 0.56669480625 0.01458685703125 0.03661016250000004
0 0.32026741796875 0.5621185388888889 0.030889825000000037 0.057966094444444456
0 0.283800264453125 0.5445761666666666 0.04547668515624999 0.025932199999999975
0 0.273932680859375 0.5872880270833333 0.06177964765624999 0.08084744305555552
0 0.21944646210937496 0.5819490416666666 0.019735164843749996 0.042711858333333276
0 0.180834181640625 0.5712710777777777 0.060921599218750025 0.09762710000000002
0 0.08044225078125 0.5621185375 0.160455478125 0.09457625555555561
0 0.059849033984375 0.5880507381944444 0.11926904453125 0.0976271013888889
0 0.4961678078125001 0.5659320965277778 0.051483042187499974 0.07474574861111109
0 0.936776834765625 0.5727965013888888 0.12527539921875003 0.10067794722222219
2 0.30310640468749994 0.5155931208333333 0.058347443750000005 0.03203389166666671
0 0.4206593492187499 0.6010168361111111 0.08237286406250002 0.11745760555555557
0 0.6158658796875 0.6132202222222223 0.19306140625 0.23338978611111116