0 0.041992524609375005 0.5253681097222223 0.08211354296875 0.17093341388888886
6 0.00935765390625 0.3974799694444444 0.0056145984375 0.022458402777777782
6 0.162004625 0.40621379583333334 0.0077200765625 0.024953783333333333
6 0.26833113476562503 0.21157428680555554 0.01263285234375 0.04242142916666667
6 0.437821908203125 0.26522491875 0.013334677343750023 0.03243991805555556
6 0.50309164765625 0.38500307708333337 0.010527376562500024 0.024953781944444448
6 0.36553391796875 0.38375538819444444 0.006316426562499977 0.01247689305555555
6 0.4083452515625 0.3812600104166667 0.006316424999999981 0.009981515277777773
6 0.5936270921875 0.2627295423611111 0.014738328124999978 0.0474121875
7 0.183761203515625 0.22030810902777778 0.021756580468749998 0.04242142916666667
7 0.46764947773437504 0.3032794381944445 0.04070585859375005 0.0187153375
7 0.5887143140625 0.22841808819444445 0.02596752968749998 0.01621995972222222
7 0.613629108203125 0.3001602145833333 0.023862055468750042 0.01247689027777778
6 0.2564001078125 0.241518825 0.0070182515625000445 0.02495378055555556
6 0.63503477421875 0.35193931458333333 0.01473832656250007 0.023706093055555558
7 0.177795690234375 0.3675354319444445 0.02105475390625 0.009981513888888887
0 0.59538165390625 0.5322304006944445 0.129135828125 0.1896487513888889
0 0.79575273671875 0.6108348145833334 0.40776041406249997 0.3743067458333334
0 0.256212956640625 0.46886468888888894 0.05156076015625004 0.06291732777777778
0 0.43712008359375004 0.4386537104166667 0.032985782812499934 0.03992605138888889
0 0.35779045234374995 0.4391865833333333 0.015440153125 0.017467647222222223
0 0.38445980859375 0.4223427798611111 0.011229201562500003 0.01621995972222226
0 0.4153401152343751 0.43481966944444445 0.00982555390625004 0.018715336111111074
0 0.283396987109375 0.4547826979166667 0.015440153906249999 0.01621995972222226
0 0.4083218640625 0.4260858465277778 0.011229201562500003 0.01372458194444448