7 0.5025451359374999 0.4368261958333333 0.00585034999999996 0.016640997222222214
7 0.54291255859375 0.4222653256944444 0.009360560937499951 0.020801254166666658
7 0.54583773046875 0.37026220624999995 0.01989119062500002 0.0291217458333333
7 0.6142868375000001 0.37858270208333333 0.018721120312499995 0.008320501388888917
7 0.591470471875 0.3796227631944445 0.010530631250000066 0.006240373611111099
7 0.40835448867187496 0.4372422243055556 0.014040842968749967 0.004992301388888857
7 0.2837420171875 0.45416057291666667 0.015210914062499992 0.00970725694444449
0 0.3995789625 0.4808555118055556 0.017551053125000004 0.018721123611111147
0 0.361551680859375 0.4933362611111111 0.018721119531249997 0.02288137777777782
0 0.34868090976562505 0.5058170138888889 0.02106126328125 0.03120187222222223
0 0.32820468007812503 0.5089371958333334 0.02457146953125 0.02912174166666664
0 0.135143104296875 0.5619803784722223 0.033932035156250005 0.06032361805555553
0 0.099455963671875 0.5630204409722221 0.056163366406250005 0.05824349305555556
0 0.4750484859375 0.4746151381944445 0.014040840624999973 0.031201873611111115
0 0.4305858214843751 0.4853624375 0.023401405468750004 0.03328199444444443
0 0.305388313671875 0.5255781902777777 0.042122525781249996 0.04992300000000004
0 0.200119887109375 0.55711243125 0.10523054296875003 0.12408548472222221
0 0.688976328125 0.49472300555555554 0.12285736875 0.15184910833333337
0 0.80715341640625 0.42815901666666667 0.11349680781249996 0.0644838722222222
0 0.78843229375 0.5176043805555556 0.18136087656249994 0.15184911111111105
0 0.9604326078124998 0.5692608159722222 0.05733344062499999 0.19137147361111112
6 0.33256827578125 0.4487863375 0.012292050000000021 0.012140297222222231
6 0.3906140734375 0.44554891875 0.01365783437500001 0.016996415277777763
6 0.42680733593750003 0.4346226513888889 0.009560484375000034 0.01942447777777782
6 0.44183095390625005 0.44919100972222226 0.009560484375000034 0.01942447777777782
0 0.44934276406250007 0.4702341916666667 0.01365783437500001 0.01942447777777774
7 0.8381357992187499 0.32171788472222224 0.03277880312499999 0.02185253611111114