0 0.015359107421875 0.5911015833333333 0.030031775781250002 0.06254236111111106
0 0.068558249609375 0.5819490423611111 0.07121820703125001 0.07169490138888884
0 0.241026437890625 0.5987287 0.16388768203124998 0.11745760555555548
2 0.40877534570312496 0.5361863375 0.06864405546874996 0.14186438055555556
0 0.36973403984375 0.549152438888889 0.016302962500000007 0.03355931666666668
0 0.317392948046875 0.5590676902777777 0.03003177421875001 0.04423728333333333
0 0.28864824921875 0.5583049777777779 0.024025418750000017 0.03661016111111108
0 0.16380187578125 0.5827117541666667 0.10210803124999998 0.1311864166666667
0 0.347853747265625 0.5506778604166667 0.036038127343750004 0.051864395833333375
6 0.06855825 0.1266101451388889 0.0180190640625 0.08237286527777778
6 0.246174741796875 0.2608474097222222 0.01115465859375 0.054915244444444435
7 0.02007838515625 0.21355927916666664 0.039470331250000004 0.0549152416666667
7 0.49157723671875003 0.3866948409722222 0.02145126718750001 0.016779659722222187
7 0.666447976171875 0.2867796076388889 0.026599571093750017 0.14338980138888893
7 0.6419935324218751 0.3134745180555556 0.02402541953124997 0.1296609916666667
6 0.006875885546875 0.4442902201388889 0.012479453906250002 0.04326210694444449