7 0.436062367578125 0.3505888090277778 0.008414132031250077 0.013088648611111095
7 0.42817411992187504 0.34965390555555553 0.00946589765625001 0.014958455555555538
7 0.41292350664062505 0.34871900069444445 0.01893179609375002 0.013088645833333325
7 0.45899087890625 0.3683519770833333 0.007993431249999983 0.011218843055555539
7 0.604134630078125 0.33656525625 0.03576005703125 0.0299169125
7 0.560486323046875 0.33469545069444445 0.03470829296874998 0.0299169125
7 0.61938524453125 0.3833104319444445 0.007362365625000056 0.014958455555555538
7 0.99013294296875 0.28795027500000003 0.018931796875000018 0.09722996388888888
7 0.412502789453125 0.3599378451388888 0.016828263281249978 0.009349034722222212
1 0.19825797148437502 0.34030486944444444 0.10202134296875003 0.08227150555555557
6 0.143040234375 0.32534641527777775 0.00841413124999999 0.03365652777777777
0 0.046277723046875 0.3636774576388889 0.023138860156249996 0.00934902916666663
0 0.35244693671875 0.3823755284722222 0.011569431250000007 0.013088648611111055
0 0.36349048476562495 0.38424533750000006 0.016828261718750025 0.013088652777777791
0 0.37874109765624997 0.3833104319444445 0.015776496875 0.014958455555555538
0 0.45183886484375 0.39172456250000004 0.01262119843750007 0.016828261111111055
1 0.361912834765625 0.37489629930555557 0.011569430468750008 0.01682826250000002
0 0.532404179296875 0.4051871819444445 0.03365652734374995 0.054224402777777826
7 0.5429218437500001 0.3715306569444444 0.00841413124999999 0.013088649999999941
1 0.496644120703125 0.40705698888888886 0.05889891953124993 0.07666208333333328
0 0.43501060078125003 0.3851802375000001 0.00841413124999999 0.011218841666666653
0 0.42659647109375004 0.38611514305555555 0.010517665625000028 0.013088652777777711
0 0.44552826562500003 0.4001386930555556 0.021035328124999975 0.02617729444444442
6 0.401879958984375 0.34965390555555553 0.007362364843749969 0.014958455555555538