7 0.49682201914062496 0.49283721875000003 0.0049127757812500224 0.014972273611111102
7 0.47787274062500007 0.5084333291666667 0.030178482812500018 0.016219958333333295
0 0.455063433984375 0.5202863784722223 0.012632852343750046 0.01247689027777778
0 0.484540089453125 0.5165433104166667 0.014036503906249997 0.019963026388888888
0 0.49998024374999994 0.5134240881944444 0.012632854687500038 0.01871533750000004
0 0.41435757539062495 0.5128002430555556 0.014036502343750002 0.019963030555555546
0 0.376459016796875 0.5084333305555556 0.018247455468749996 0.013724580555555595
0 0.3427714046875 0.5009471958333334 0.022458406249999997 0.013724580555555595
0 0.29820550703125 0.4922133708333334 0.03298578124999998 0.016219961111111146
0 0.23609398164062503 0.4865987708333333 0.02947665703125 0.019963025000000002
0 0.084850659765625 0.49096568472222224 0.04982958359374999 0.021210713888888854