6 0.21906206640625 0.13714568541666666 0.022127482812499988 0.09119205138888886
6 0.78884474296875 0.23996025069444446 0.013075331249999956 0.028609270833333315
6 0.8019200738281249 0.23727813263888892 0.02313327734374999 0.03397350972222222
6 0.562038045703125 0.06741058888888889 0.012069535156249955 0.06258278055555556
6 0.183356355078125 0.16217879652777778 0.02514486640625 0.08761589027777777
6 0.17530999765625 0.06472846874999999 0.025144865625000002 0.07867549305555555
7 0.20850122187499998 0.28466223611111113 0.02715645624999998 0.060794700000000014
7 0.210009913671875 0.33294037986111114 0.024139072656249972 0.042913906944444434
0 0.276895259765625 0.3669138881944444 0.05129552734375 0.05364238194444448
0 0.178830279296875 0.3865827611111111 0.058336091406250026 0.05006622222222224
6 0.568072813671875 0.2667814395833333 0.010057946093750037 0.03218542916666666
0 0.48559765234374996 0.35171521180555554 0.15690396875 0.28072846527777773
7 0.14765064453125 0.29986091111111113 0.012069535937499997 0.01251655555555552
7 0.704860889453125 0.2560529659722222 0.024139072656249993 0.04649006527777778
7 0.787336051171875 0.1916821076388889 0.020115892968749983 0.039337748611111105
7 0.631437877734375 0.2435364090277778 0.014081124218749963 0.03576158749999997
0 0.09943040039062499 0.39685510486111103 0.058488471093749994 0.051989751388888866
0 0.314375530078125 0.3647947583333334 0.02437019609375004 0.0329268416666667