0 0.15024567109375 0.3316536347222222 0.03707186093749999 0.025511819444444465
0 0.44417897460937505 0.4683240916666667 0.023917328906250025 0.03401575555555551
0 0.46032317031250003 0.4630091291666667 0.010762798437500009 0.027637802777777803
0 0.48663223437500003 0.4630091229166666 0.020329731250000017 0.02763780138888884
0 0.51054956328125 0.48426897569444444 0.04424705937499995 0.06165355694444443
0 0.52131236171875 0.4493420791666667 0.010762798437500009 0.01245220555555559
0 0.534466892578125 0.4654388208333333 0.02272146328125002 0.027637802777777803
0 0.62535274453125 0.49626560069444436 0.07773132031249999 0.09354333194444446
0 0.5045702328124999 0.4441789736111111 0.013154531249999924 0.014881891666666687
0 0.664816338671875 0.4800170076388888 0.03468012890625003 0.05314962083333331
0 0.7736401878906249 0.47789102222222224 0.05381399140625005 0.04889764999999997
7 0.860340505859375 0.4066705319444444 0.021525596093749932 0.04677166666666663
6 0.041656396484375004 0.3047214694444444 0.0068289164062500015 0.02185253333333333
6 0.015023619140625 0.29743728888888893 0.008194700781250001 0.021852536111111102