7 0.36129891015625004 0.5811212291666666 0.0208762921875 0.02886598333333331
7 0.361298909765625 0.60689443125 0.011597939843750016 0.01855670416666671
7 0.559043788671875 0.5326676138888888 0.01739691171874993 0.02268041666666668
7 0.61819328203125 0.5316366847222223 0.017396909375000026 0.03298969722222217
7 0.6500876175781249 0.5295748284722223 0.013917528906249999 0.028865984722222196
7 0.7086572144531249 0.5924614375 0.015077322656250036 0.026804127777777766
7 0.646005261328125 0.6126657847222222 0.009278352343750029 0.0164948472222222
0 0.617010412109375 0.6274915013888889 0.018556703906250062 0.06597939444444449
0 0.548582564453125 0.6419244944444445 0.016237116406249984 0.037113408333333334
0 0.52828616953125 0.6398626388888888 0.022036085937499995 0.03298969722222217
0 0.582819565625 0.6481315506944445 0.06726805312500002 0.11340208194444443