7 0.147195983984375 0.3379333875 0.03314346640625001 0.048523769444444455
7 0.42160439375000003 0.36219526944444447 0.02826942812499995 0.04505778333333335
7 0.49471498164062505 0.4939026416666667 0.02047096484374995 0.04505778333333339
7 0.8095779160156251 0.32753543611111113 0.04776558515625009 0.13863933888888888
7 0.8358977277343751 0.20882550347222223 0.055564047656250004 0.06412069305555558
7 0.70478607265625 0.10311300763888889 0.04094192968750008 0.1334403625
7 0.05458923984374999 0.4575098173611112 0.050690009375 0.031193851388888937
6 0.193011953515625 0.3301349243055555 0.01169769453124998 0.025994876388888876
6 0.37968765585937503 0.35353031180555555 0.012672502343749992 0.034659834722222234
6 0.5025134441406249 0.3275354368055555 0.010722885156249973 0.06931967083333335
6 0.7398791546875 0.3829911701388889 0.025345003124999987 0.07278565138888891
0 0.31583774140625 0.7798462770833333 0.43671391562500006 0.43324793194444444
6 0.589271343359375 0.5337614513888889 0.0068236554687500115 0.02079589999999993
0 0.8968232179687501 0.6247435187499999 0.10722886250000005 0.06412069305555555
0 0.8017794531250001 0.6221440305555556 0.07700982031250003 0.05892171666666673
0 0.7003994382812501 0.6230105256944444 0.08480828281250004 0.053722743055555515
0 0.594145382421875 0.6186780479166667 0.08090905234374998 0.05198975138888894
0 0.526883640234375 0.623010525 0.014622117968750015 0.03292684444444447