7 0.7781880250000001 0.1422550701388889 0.024805728124999947 0.025605912499999998
7 0.783389226953125 0.16714970833333334 0.03360776015624998 0.038408869444444445
7 0.783789319140625 0.20200220069444444 0.03280757578125 0.022760812500000012
7 0.755416912109375 0.2441510951388889 0.030338716406249945 0.038776170833333345
7 0.76818571640625 0.28024248888888886 0.030407020312499977 0.03698631666666666
7 0.49892353984375004 0.29802437222222217 0.029606837499999993 0.01564805555555557
6 0.7393790628906249 0.35540058402777774 0.02400554296874997 0.0469441736111111
6 0.21597843671875 0.19631199305555552 0.012802956250000008 0.056902027777777774
6 0.371614374609375 0.24823509166666666 0.013603141406249986 0.04694417222222221
6 0.294387971875 0.3805323138888889 0.005601292187499984 0.02418336111111109
6 0.259179842578125 0.41538480555555557 0.010402400781249987 0.017070611111111116
0 0.30166965898437503 0.4450212923611111 0.014403325781250009 0.024183362499999975
0 0.289666887890625 0.4478663965277778 0.024005544531249968 0.038408868055555545
0 0.275663652734375 0.4471551194444444 0.010402400781249987 0.022760811111111126
0 0.26166042031250003 0.45071149722222226 0.025605912500000015 0.03840886944444443
0 0.25485885 0.45213404583333333 0.02000461874999999 0.03840886944444443
0 0.24605681757812498 0.4549791486111111 0.02000461953124999 0.041253969444444434
0 0.23805496992187497 0.45569042430555556 0.020004619531250035 0.048366723611111065
0 0.22645229179687504 0.4592467986111111 0.02080480546875001 0.052634375
0 0.21324924101562498 0.45853552569444445 0.02800646640625002 0.05405692638888884
0 0.194844991796875 0.46635955277777774 0.045610532031250005 0.06685988333333334
0 0.16723861640624998 0.4748948590277778 0.068815890625 0.0753951875
0 0.33154323203125 0.41799283055555553 0.027206282812499972 0.012802955555555526
0 0.33234341640625004 0.47347230902777776 0.0672155203125 0.10384620138888892
2 0.501982588671875 0.43221833819444444 0.18884360703124994 0.26886208472222217
0 0.41265242929687496 0.6452283750000001 0.29686854921875 0.4068495027777778
0 0.039859198046875 0.6146435347222223 0.07971839609375 0.5818232388888889
7 0.06811571640625 0.33724612430555556 0.021604989062500003 0.02133825972222224
7 0.042109711328125 0.29436637708333335 0.019204435156250005 0.01280295416666664
7 0.076917748046875 0.28938745000000005 0.029606836718749995 0.017070608333333306
7 0.74789869140625 0.2924434777777778 0.015302274999999987 0.06120910000000003