0 0.28397441562500003 0.571171475 0.010546870312500012 0.011718744444444458
0 0.26288068007812504 0.5664839777777778 0.015820300781249984 0.016406236111111066
0 0.2365135109375 0.5676558527777777 0.018457018749999988 0.023437483333333297
0 0.3410593421875 0.5324996263888888 0.03559567968750001 0.00937499444444438
2 0.07448725390625 0.5484371229166667 0.1015136015625 0.08906243472222222
7 0.4954391171875 0.4792965444444445 0.007910151562500013 0.025781233333333296
7 0.38931126093749996 0.49921840902777775 0.017138660937499984 0.009374995833333344
6 0.37283177890624997 0.49453091180555553 0.005273434375000008 0.018749990277777802
7 0.41277804375000005 0.5142183986111112 0.01186522656250002 0.00937499444444438
7 0.42925752578125 0.55289025 0.010546868749999928 0.011718741666666688
6 0.42464327031250004 0.5247652694444445 0.003955076562499915 0.021093736111111067
6 0.26894512812500004 0.5029684194444444 0.005273434374999964 0.02343748611111107
7 0.28384258164062504 0.534843375 0.009228508593749973 0.018749986111111068
7 0.1773192140625 0.4787106069444445 0.019775376562499992 0.037499974999999984
0 0.348376225 0.6164058270833334 0.10415031875 0.14999989583333337
0 0.2071141140625 0.5662496083333333 0.009228507812500019 0.023437483333333297
0 0.19195299375000002 0.5674214819444444 0.015820301562500007 0.021093736111111067
0 0.17217761718750002 0.5650777333333333 0.013183584375000001 0.025781233333333296
0 0.1563573140625 0.5650777333333333 0.013183584375000001 0.025781233333333296
0 0.13790029609375 0.5662496083333333 0.023730451562499998 0.023437483333333297