0 0.43723063476562507 0.3375001777777778 0.02390980546875001 0.04250631944444447
0 0.524262322265625 0.34515131458333337 0.014345883593749952 0.0306045513888889
0 0.5390864015625001 0.3562029569444445 0.022953412499999982 0.05270783611111109
0 0.48552843828125003 0.3460014402777778 0.040168471874999945 0.049307330555555536
0 0.4241599359375 0.3570530833333333 0.018171451562499996 0.04080606388888886
0 0.575588708203125 0.3581865875 0.06025270859375 0.09408065833333332
0 0.47468933320312506 0.3754724930555555 0.05929631640625006 0.09011339722222225
0 0.388135840234375 0.34486794374999996 0.06025270859375005 0.10711592638888885
7 0.26396424375 0.21734897777777779 0.03825568749999997 0.028904297222222257
6 0.597426339453125 0.030321172222222224 0.01912784296875003 0.06064234444444445
6 0.62069853046875 0.028054170833333336 0.024866196875000045 0.05610834166666667
6 0.24053263593750002 0.25418779166666666 0.02008423749999997 0.03570531111111113
7 0.769895712109375 0.16067388750000003 0.03538651171874996 0.04420657222222225
7 0.7713303 0.20062982777777777 0.03825568749999997 0.025503791666666664
7 0.67712566953125 0.2550379159722222 0.012433098437499979 0.06630985694444445
7 0.53175405703125 0.2915933513888889 0.010520314062500003 0.02380354166666668
7 0.34669216914062495 0.2796915826388889 0.019127842968749986 0.0306045513888889
6 0.7880671628906251 0.25843842361111113 0.01912784296875003 0.035705311111111096
6 0.7641573578124999 0.2533376638888889 0.01625866718750002 0.035705311111111096
0 0.9753606371093749 0.4290304416666667 0.048776002343750055 0.06120909722222218