0 0.40308881796874996 0.41639292916666665 0.03689617968749999 0.05033897222222221
0 0.178708563671875 0.4156302180555555 0.09266947421875 0.09457625277777776
0 0.28467782421875 0.4118166597222222 0.0248834703125 0.0320338944444444
0 0.335731837890625 0.4072403881944445 0.034322027343750026 0.03508474027777776
0 0.37777632304687503 0.40418954097222226 0.010296610156250007 0.019830504166666665
0 0.435694742578125 0.4019014048611111 0.011154657031250004 0.012203384722222191
0 0.4601491871093749 0.41868106250000003 0.02402541953124997 0.03661015833333331
0 0.4798843527343751 0.4072403895833334 0.012012707031249991 0.022881354166666687
0 0.48803583476562495 0.4179183527777778 0.01801906328124998 0.03203389166666671
0 0.50305172265625 0.4179183541666666 0.03432202656249998 0.05033897499999998
0 0.525790064453125 0.43164716666666664 0.04032838203125007 0.05644066944444448
0 0.54981548359375 0.43622343680555553 0.04204448124999995 0.0961016791666667
0 0.603014627734375 0.4530030930555556 0.10897243671875004 0.14186438055555556