7 0.30900851171875 0.2136692347222222 0.0163894 0.06798566666666667
7 0.048348736328124996 0.27995525069444444 0.03824193828125 0.026708654166666672
7 0.055860544140625 0.2981657152777778 0.020486753906249995 0.02913671388888888
6 0.292141085546875 0.21731132708333334 0.020486750781250018 0.060701487500000005
6 0.613100201953125 0.3229319152777778 0.012292050781250018 0.03884894999999998
6 0.602856826171875 0.3241459451388889 0.008194702343749949 0.03642089027777777
7 0.6388452203125 0.35206862847222226 0.0314130203125 0.02428059583333335
7 0.654551729296875 0.3314301222222222 0.021852533593749966 0.026708652777777748
7 0.655917513671875 0.4261244444444444 0.01638940234374999 0.026708652777777786
7 0.653185946484375 0.39091758125000003 0.01912096796874998 0.01456835694444444
7 0.858736359765625 0.19788685208333334 0.03414458671874989 0.04613312916666664
7 0.867613953125 0.24280595000000002 0.016389399999999908 0.04856118888888889
7 0.8512245511718749 0.2464480388888889 0.019120969531249976 0.05098924722222225
6 0.79044718515625 0.2901531111111111 0.009560484375000034 0.04856118888888889
7 0.8730770859374999 0.2901531125 0.024584103125000034 0.016996416666666687
7 0.8655652765624999 0.3022934097222222 0.0177551843749999 0.016996413888888878
7 0.8539561171875001 0.3362862402777778 0.04097350312499994 0.01942447777777778
6 0.873759978515625 0.3781702680555556 0.02048675234374997 0.04249104166666666
7 0.8519074417968749 0.3739211673611111 0.020486750781249972 0.03642089583333335
7 0.314130199609375 0.3700362722222222 0.02185253515625001 0.014568358333333324
7 0.319593331640625 0.40645716527777775 0.016389400781250042 0.014568358333333404
7 0.06828917500000001 0.33604344305555556 0.04916820625 0.02913671388888888
6 0.033803140234375 0.36178086736111115 0.03414458515625 0.04127700972222222
6 0.039949165625000005 0.35935280694444444 0.027315668750000004 0.04613313055555557
6 0.32471502070312497 0.3459984777777778 0.012292050781250018 0.038848952777777786
6 0.8348351484375 0.2379498326388889 0.013657835937500095 0.05827342916666664
7 0.3198209640625 0.2844876145833333 0.02048675156249997 0.03642089305555554
6 0.43636781953125003 0.41094907152777777 0.00682891718750005 0.026708656944444444
6 0.43978227929687497 0.41317478541666663 0.008194700781250041 0.03156477361111109
7 0.48485313359374993 0.43037354861111116 0.010926268750000023 0.01942447777777774
7 0.47529264882812505 0.43401563819444444 0.008194700781249953 0.021852537500000026
6 0.460951922265625 0.43644369791666665 0.006828916406249963 0.021852534722222258
0 0.44865987187500006 0.4637593666666667 0.012292050000000021 0.024280594444444463
0 0.429965698828125 0.4698295152777777 0.013145642968749982 0.021852536111111064
0 0.473926865234375 0.46375936805555557 0.019120969531249976 0.02913671388888888
0 0.6455603300781251 0.5159626451388889 0.06828917421874996 0.10440655972222225
1 0.74284963203125 0.4504050388888889 0.14887039687500003 0.24523401111111112
0 0.45907394960937503 0.4712169722222222 0.020486750781249972 0.02601490833333339
0 0.440465169921875 0.4728645909722223 0.015023617968750003 0.021852534722222178
0 0.8657701445312499 0.535144311111111 0.26359621093749996 0.2379498333333334
0 0.5658782382812501 0.6147846666666668 0.253830859375 0.33410099166666674
2 0.5072519828125 0.4406928013888889 0.04097350312500003 0.031564774999999975
0 0.234402567578125 0.5407635388888888 0.17755185390625 0.22823759444444447
1 0.371834551953125 0.45768921736111107 0.04643663828125 0.07769790416666661
6 0.8874178125000001 0.3781702687499999 0.012292051562500106 0.03277880416666671
7 0.850541658203125 0.15175371805555554 0.023218317968749957 0.04856118888888889
7 0.858736359765625 0.09712237916666666 0.03414458671874989 0.06555760555555555