6 0.345682359765625 0.2055414972222222 0.008288725781250016 0.040806033333333346
6 0.408166598828125 0.15736770625000002 0.008288725781249973 0.03967253194444444
6 0.584036353125 0.17493697708333333 0.00765113125000001 0.05214104305555557
6 0.564908525390625 0.28375306666666666 0.005100755468749973 0.015869013888888894
6 0.564589727734375 0.31605784305555557 0.0031879710937499973 0.012468513888888881
6 0.502743083984375 0.2763853097222222 0.004463160156250012 0.019269513888888905
6 0.42091848398437504 0.16133495902777778 0.013389480468749947 0.047607037499999984
6 0.246748983984375 0.35648604236111114 0.006375944531249988 0.012468509722222226
6 0.6452454042968749 0.33891677847222224 0.005100755468749973 0.011335012499999979
6 0.764156735546875 0.3077455013888889 0.021040611718750046 0.023803519444444435
6 0.34015654453125 0.274873975 0.005738348437500029 0.019269516666666636
7 0.348445269921875 0.2918764888888889 0.023590988281249992 0.014735511111111144
7 0.4479099765625 0.32814851805555556 0.013389479687500039 0.007934505555555542
7 0.666923608203125 0.275440725 0.010201507031250046 0.020403016666666652
7 0.67138676875 0.29244323958333335 0.00765113125000001 0.01133500972222221
7 0.6650108265625001 0.3145465069444444 0.014027075 0.007934505555555542
7 0.62962434375 0.33268252222222217 0.008288723437499979 0.007934505555555542
7 0.762881546484375 0.24540295138888893 0.021040611718750046 0.010201508333333347
7 0.7498108632812499 0.2624054652777778 0.026778959374999987 0.01700251388888891
7 0.98051375078125 0.2518261222222222 0.014664668749999877 0.044206536111111125
0 0.526334070703125 0.3755288777777778 0.012114291406249932 0.035138527777777755
0 0.6108153125 0.38289661597222224 0.02295339375000003 0.03400502638888885
0 0.49158518359375003 0.3653273527777777 0.03060452499999995 0.03060452499999996
0 0.329317441796875 0.40726688611111117 0.027416553906249995 0.04420653611111105
0 0.236866272265625 0.4084003881944445 0.026141364843750025 0.062342551388888896
0 0.15334142304687498 0.4220023993055556 0.02104061171875 0.026070520833333354
0 0.04654438203125 0.4701761958333333 0.0930887640625 0.15415614166666672
0 0.278309899609375 0.4214356659722222 0.09117598046874997 0.15188912361111112
0 0.4903099953125 0.3998991479166667 0.03825565625000005 0.04987404027777779
0 0.563633336328125 0.39933239652777774 0.07906168984375003 0.12808560416666662
0 0.43738967070312496 0.3794961319444444 0.019127828906249977 0.020403016666666614