0 0.037095307421875 0.53249963125 0.03691403828124999 0.02343748194444441
0 0.11619681562499999 0.5449215006944444 0.2003904875 0.1429686513888888
0 0.35218298203125 0.5753902298611111 0.35595678593749996 0.20390610972222217
7 0.255283633984375 0.43124970277777774 0.014501942968749982 0.04687496944444444
6 0.30669961484375 0.4441403201388889 0.017138660937499984 0.021093737500000032
6 0.11487845625 0.32578102569444445 0.010546867187499998 0.03749997361111114
6 0.13069875859375 0.32578102569444445 0.015820301562499983 0.046874968055555556
6 0.1616801828125 0.3503903840277778 0.009228509374999994 0.035156226388888906
7 0.19266160664062498 0.33164039722222227 0.05800777265624999 0.030468730555555566
7 0.44842315117187503 0.45468718680555553 0.015820302343750026 0.04218747083333341
0 0.433921206640625 0.515624645138889 0.029003886718749962 0.046874968055555556
1 0.509067640234375 0.5109371479166667 0.12656241484375003 0.09374993472222223
0 0.787900455078125 0.5554683666666667 0.23862288359375006 0.14999989722222223
0 0.9573095179687499 0.5753902291666666 0.08437494218750015 0.10078118333333334
7 0.43260284843749996 0.3485153819444445 0.031640603124999965 0.05859370833333332