0 0.4796503328125 0.35389823819444444 0.006864406249999977 0.00915254027777779
0 0.47536007929687496 0.36076264375 0.006864405468749979 0.010677965277777762
0 0.48222448476562507 0.3645762013888889 0.006864405468750068 0.009152538888888905
0 0.470640799609375 0.37372874236111103 0.009438555468750031 0.0061016930555555385
0 0.470211775 0.38135585902777774 0.010296607812500014 0.015254231944444443
0 0.480508383203125 0.3729660305555556 0.008580507031249952 0.010677963888888876
0 0.48179545937500007 0.3828812840277778 0.011154659374999997 0.009152543055555561
0 0.46077321757812495 0.38135586111111114 0.00858050703125004 0.012203388888888927
0 0.45305076171875003 0.38364399444444447 0.01029660937500001 0.010677963888888876
0 0.48136643359375003 0.39737280625000004 0.010296607812500014 0.019830504166666665
0 0.47364397812500003 0.3988982291666667 0.015444912500000019 0.016779658333333378
0 0.47278592734374997 0.4156778868055555 0.013728810937499957 0.028983045833333342
0 0.45219271093749996 0.42101686875 0.030889824999999947 0.06101693750000005
0 0.24125525195312497 0.4019490756944444 0.11240463984375001 0.12661014305555554
1 0.568601605078125 0.3795762027777778 0.16817793515624996 0.32491519166666666
1 0.385836795703125 0.38110162291666666 0.13385590703124994 0.22322029583333333
0 0.168950174609375 0.566440575 0.33790034921875 0.4962710861111112