0 0.749618751171875 0.674999975 0.49585676953124996 0.6347681888888889
0 0.9537950679687499 0.5292715034722223 0.08750413593750003 0.0715231763888889
0 0.12703185390625 0.44880793055555557 0.127735921875 0.08225165277777775
0 0.406139873046875 0.47920528055555556 0.04626655390625003 0.04649006388888889
0 0.48207737070312506 0.48009932083333334 0.03520281328125004 0.04112582777777776
0 0.52934971953125 0.4818874 0.039225992187500044 0.05900662222222219
0 0.4403368914062501 0.48099335972222224 0.03017383906250002 0.035761588888888855
0 0.45793829921875 0.4881456770833334 0.013075331249999956 0.025033112500000006
6 0.35886752421874996 0.2619536333333333 0.008046357812499983 0.044701986111111106
6 0.688768173828125 0.15645694791666667 0.016092714843749967 0.07331125694444444
6 0.8622677539062501 0.34599336458333335 0.00905215156250012 0.03754966805555557
6 0.28494161640625004 0.39158938958333334 0.013075331249999999 0.025033112500000006
6 0.7048608890624999 0.16897350347222223 0.024139071874999994 0.06973509583333334
6 0.660103026171875 0.15735098749999998 0.02514486640625 0.07509933611111111
7 0.8790502894531251 0.4019505638888889 0.019491136718749934 0.011088291666666647