0 0.417955332421875 0.33909458263888886 0.015546264843750013 0.01700787916666668
0 0.405996668359375 0.3433465534722222 0.017937997656250017 0.02551182083333335
0 0.394635936328125 0.34866151319444444 0.016742130468750015 0.031889770833333365
0 0.380883470703125 0.34547253680555556 0.025113196093750022 0.046771665277777826
0 0.35875994179687504 0.35610245972222226 0.040659460156249994 0.08503939166666663
0 0.3342446796875 0.3635434104166667 0.04663879375000004 0.11692916805555555
0 0.29717281875 0.3837402631944445 0.07055612187500002 0.14031499861111113
0 0.184761369921875 0.3879922326388889 0.19970970078125 0.25937014861111113
0 0.06637058945312499 0.3454725347222222 0.13274117890624998 0.49322848055555557
0 0.45143959375 0.3444095451388889 0.02032972968750002 0.02338583472222224
0 0.46698585898437506 0.3465355291666667 0.015546266406250009 0.027637802777777803
0 0.47954245585937494 0.35185049097222226 0.016742130468750015 0.029763787500000027
0 0.49508872109375 0.35291348333333333 0.016742129687500017 0.027637802777777803
0 0.5142225828125 0.3571654527777778 0.028700793749999943 0.03188977222222225
0 0.5716241734375 0.4018111368055555 0.11719491406249993 0.14669295694444442
0 0.6684893597656251 0.3922442034722222 0.10762798359374992 0.13181105972222226
0 0.892315696484375 0.47799224722222217 0.21166836640625003 0.2147244694444444
0 0.43431696640624995 0.34939232291666666 0.023917329687500023 0.040393715277777804
7 0.26450392695312497 0.2154552770833333 0.016742130468750015 0.03188977083333333
6 0.424750033984375 0.30368364652777774 0.011958666406250007 0.01700787638888887
7 0.40501823789062497 0.3228175111111111 0.01554626328125006 0.029763788888888913