7 0.9661657097656249 0.07349931666666666 0.0668611054687501 0.14387761666666668
7 0.586524899609375 0.29081645694444447 0.023246185156249943 0.05510206666666666
7 0.531279848828125 0.32492725833333336 0.009470667968749957 0.021428580555555538
7 0.509755605078125 0.31727419305555554 0.014636486718749975 0.03979593611111112
0 0.35837215078125 0.36311400138888894 0.03516930312500004 0.051323366666666696
0 0.435794201171875 0.35892873125 0.01808036484375002 0.02908164583333333
0 0.303335313671875 0.38184009444444444 0.10762122265625003 0.13469393888888892
0 0.40996510546875004 0.3658164916666667 0.0330038375 0.04744900000000002
0 0.48429549804687505 0.3642858777777777 0.03013394140624994 0.032142872222222216
6 0.49204422617187504 0.3214287173611111 0.0077487289062499794 0.01989796805555556
0 0.5273937375 0.3494120027777778 0.032757375 0.06352945555555556
0 0.55717316953125 0.3586767152777778 0.026801489062500038 0.060882394444444425