6 0.530834619140625 0.17437175694444443 0.008799247656249953 0.015643105555555554
0 0.514991683203125 0.23218839236111113 0.021998119531250016 0.03441483472222223
0 0.494313451171875 0.2447028777777778 0.03695683984375 0.04380070000000001
0 0.470555483203125 0.2447028777777778 0.01935834609375 0.040672077777777774
0 0.430958868359375 0.2540887423611111 0.07919322890624998 0.05944380694444441
0 0.36892417265625 0.2658210729166666 0.08007315312499999 0.0766512263888889
0 0.27125252382812504 0.26894969375 0.13638833828125 0.14548089305555553
0 0.151896998828125 0.31900763541666666 0.19886299609374997 0.1705098652777778
0 0.019908284375 0.3729763541666667 0.0387166890625 0.16268831111111115
0 0.546653258984375 0.2252607395833333 0.014958721093749983 0.045365009722222245
0 0.567771453125 0.24637893263888888 0.05191556093750007 0.13453071805555558
0 0.593289271484375 0.25889341875 0.07655345390625001 0.1595596902777778
0 0.6051682558593751 0.3003476520833333 0.06687428203124997 0.21118194305555554
0 0.792381405859375 0.39837779097222226 0.41092486484375 0.4880649347222223