7 0.438438098046875 0.4957655326388889 0.049075277343749946 0.035204098611111095
7 0.4853609499999999 0.49193900138888885 0.006887757812499995 0.0153061305555555
6 0.38204457812500003 0.4905614465277777 0.006887759374999991 0.019897968055555517
6 0.36224227421875 0.46913286319444447 0.01033163749999999 0.02602041805555552
0 0.32694251249999995 0.5473471833333333 0.022385214062500002 0.042857163888888924
0 0.509037619140625 0.5419900354166667 0.03013394296875003 0.0413265486111111
0 0.6510976320312499 0.5848471979166667 0.09728958437499999 0.13010209861111113
0 0.7551888792968751 0.6039798597222222 0.17047201484374996 0.16836742222222228
0 0.125414587890625 0.575026825 0.09815055390625 0.09795922777777777
0 0.033625641796875 0.5985812604166666 0.06457273359375001 0.1270408736111111
0 0.9025713937500001 0.6391425020833333 0.19485721250000002 0.3642858763888889
0 0.21227686875 0.5809792097222222 0.09642861562499998 0.10102045277777781
0 0.35433688124999996 0.551897563888889 0.05338012656250002 0.061224516666666694
0 0.5407368386718749 0.5526628715277777 0.052519157031249986 0.06887758194444445
0 0.46927634648437505 0.5717955333333333 0.06973855078124994 0.097959225