7 0.165453987890625 0.2609373263888889 0.01977537734374999 0.03281247777777775
7 0.332885514453125 0.28085918819444444 0.01713866015625003 0.021093737500000032
7 0.4548336714843749 0.3546872611111111 0.010546867968750017 0.014062488888888877
7 0.561620708203125 0.25507795555555557 0.021093735156250036 0.04453121944444444
7 0.55964316953125 0.30078105 0.02241209375000004 0.042187469444444445
7 0.558983990625 0.33124977847222226 0.01054686718750002 0.018749987499999992
6 0.3038816265625 0.3555466423611111 0.009228509375000016 0.021093737500000032
6 0.42582978554687506 0.3578903902777778 0.010546869531250013 0.016406238888888917
6 0.41132784140625 0.3578903902777778 0.010546865625000023 0.016406238888888917
6 0.680932149609375 0.31031229166666663 0.01713866015625003 0.042187472222222216
6 0.46142546328125 0.3899997347222222 0.010546865625000023 0.014062488888888917
0 0.14831532812499998 0.40429659791666667 0.04350582968750001 0.04921871527777778
0 0.408031946875 0.40546847152777776 0.014501943750000024 0.009374993055555574