7 0.72299779296875 0.13933638958333333 0.031190737499999965 0.01279620138888888
7 0.710401532421875 0.17772499166666667 0.01079679296875007 0.017061600000000017
7 0.7781814062500001 0.08175348958333334 0.021593587500000046 0.038388601388888895
7 0.6600164953125 0.1905211923611111 0.015595368750000027 0.012796201388888899
7 0.565844460546875 0.22997613888888888 0.009597150781250008 0.023459700000000003
7 0.57244250078125 0.24703773888888886 0.005998218749999928 0.0191943
7 0.55864659765625 0.24063963888888887 0.011996437500000035 0.0191943
0 0.530454971484375 0.2694310888888889 0.01319608203125 0.02132699999999998
0 0.519058355078125 0.2758291888888889 0.016795011718749996 0.017061600000000017
0 0.48726779453124996 0.2758291875 0.013196081250000002 0.02132699999999998
0 0.5652446382812499 0.2822272881944444 0.02519251875000004 0.03412320138888888
0 0.573642144921875 0.29502348958333335 0.025192519531250034 0.04265400138888889
0 0.597035198046875 0.2971561895833333 0.043187175781249997 0.05545020138888886
0 0.25153779726562503 0.3088860395833333 0.12956152578125002 0.09170610138888892
0 0.16876237734375 0.32488128958333334 0.1943422890625 0.11090040138888885
0 0.720598504296875 0.30781968958333333 0.16315154921875008 0.2260662013888889
0 0.874752726953125 0.36860164236111115 0.24832625703124994 0.43720350138888886
7 0.4940421898437499 0.22933788055555554 0.023167368749999983 0.013728811111111088
7 0.882310124609375 0.07603282430555555 0.024025419531250057 0.06711863194444444