0 0.29104951171875 0.4450967520833334 0.11717539687499996 0.17613069027777778
0 0.1846165171875 0.4321795 0.015497456250000008 0.03214287222222225
0 0.135541241015625 0.4222305145833333 0.02066327578125 0.01836735416666665
0 0.11918281484375 0.4206999048611111 0.01033163749999999 0.027551034722222152
0 0.017588381640625 0.4145774527777778 0.02755103203125 0.0153061305555555
0 0.017157897265625 0.42911827499999994 0.03013394453125 0.016836741666666672
0 0.009839653515625001 0.44136317847222223 0.01894133359375 0.022959195833333328
0 0.004673835546875 0.4551386965277778 0.00860969765625 0.022959193055555556
0 0.051166201953125004 0.43294480694444454 0.043048488281250005 0.06428574166666666
6 0.16800748593749998 0.21841846180555555 0.017219395312500007 0.09642861527777777
6 0.278211618359375 0.26433685 0.006887757031250041 0.05969390555555556
6 0.3426044703125 0.3047013055555556 0.009470667187500004 0.016836741666666672
6 0.18461651640625001 0.37740542083333334 0.010331637500000013 0.009183677777777809
6 0.058914930859375006 0.3613339840277777 0.010331636718750004 0.01989796805555556
6 0.10325487421875001 0.3666911270833334 0.007748728125000004 0.018367351388888883
6 0.34955372851562505 0.2816327805555555 0.017219394531249987 0.013775519444444445
6 0.5004079316406249 0.35980336944444447 0.018080363281249935 0.02908164444444448
7 0.101594433984375 0.3015307472222223 0.02238521484375 0.032142869444444444
7 0.558769383984375 0.38801037986111114 0.02066327578124998 0.03673470972222219
7 0.98624087578125 0.11755107291666668 0.023246184375000034 0.027551034722222215
7 0.983227482421875 0.22698989791666666 0.030994911718750018 0.04132655138888887
6 0.176617184765625 0.3087246236111111 0.012053578906250006 0.041326550000000024
1 0.2176405234375 0.4187032034722222 0.0515365546875 0.11405822638888886
0 0.43783534609375 0.42685022291666663 0.052588321875000066 0.04113575416666669
0 0.5051483980468751 0.43152473888888887 0.04417418984374999 0.03926594722222221
0 0.5572108359375 0.43245964305555556 0.034708292187499976 0.029916913888888844
0 0.621368587890625 0.42965493125000004 0.028397692968749944 0.024307490277777708
0 0.6697498433593749 0.42965493263888893 0.041018891406250015 0.03552633472222221
0 0.7328558296875001 0.4221757041666666 0.026294160937499988 0.02056787777777779
0 0.754942924609375 0.43339454583333337 0.01788002890625 0.031786719444444445
0 0.9104541078124999 0.44554828888888887 0.0305012249999999 0.03739613888888892
0 0.8836340644531251 0.45676713333333335 0.02944946015624996 0.029916913888888924
6 0.9893365902343749 0.29035431180555554 0.019983561718750133 0.059833823611111114