7 0.276358023828125 0.33244557708333333 0.014622116406250019 0.02252889305555554
7 0.309988894921875 0.3281130986111111 0.019496157031250006 0.01386393611111111
7 0.306089663671875 0.3549744715277778 0.023395388281249964 0.03639282916666669
7 0.30560225976562505 0.3879013118055556 0.018521349218750018 0.025994873611111143
7 0.246626384375 0.3697048986111111 0.011697692187500008 0.013863933333333339
7 0.22566801601562503 0.3705713958333333 0.018521349218750018 0.012130944444444462
7 0.351418228515625 0.3982992708333334 0.016571733593749992 0.012130944444444383
7 0.541018353515625 0.3619064451388889 0.02144577109375003 0.03639282916666665
7 0.6571829609375 0.29663042708333337 0.03996712031250001 0.04332479583333336
7 0.04593780390625 0.1801073451388889 0.0419167375 0.05718872638888889
0 0.37968765624999995 0.4497113534722222 0.043866353125 0.05372274583333336
0 0.33630870703125 0.46964075694444446 0.07408539687499997 0.11091146944444448
0 0.322661398046875 0.48003870763888884 0.06628693515625002 0.11784343750000004
0 0.284156487109375 0.48350469027777776 0.11015328671875002 0.1767651527777777
0 0.13891011796875 0.5164315347222221 0.2758706203125 0.39165613055555554
0 0.428428048046875 0.4774392201388889 0.07311058828124999 0.10917847916666672
0 0.57065251328125 0.49806182083333334 0.14232194687500002 0.1767651527777777
0 0.500953751953125 0.46513498124999997 0.05946327890624996 0.11784344027777781
0 0.875550062109375 0.6839540631944445 0.24272715234375006 0.5892171875
0 0.805191280859375 0.4323814347222222 0.10138001640624994 0.06758667499999997