0 0.483380203125 0.4709058756944445 0.010915035937499961 0.0415810930555556
0 0.5504297160156251 0.4792220944444444 0.01715220078124995 0.03603694722222228
0 0.5668022710937499 0.4826871868055556 0.018711492187499967 0.040195056944444474
0 0.578496953125 0.4854592583333333 0.014033618749999999 0.03742298333333333
0 0.5890221671875 0.4826871854166667 0.014813264062499965 0.04573920138888883
0 0.603055786328125 0.48615227708333336 0.02105042890625004 0.04712523750000004
0 0.637750010546875 0.49100340416666666 0.02494865546874996 0.056827491666666674
0 0.621767278125 0.48961736736111106 0.005457518749999934 0.04296712916666665
0 0.675952639453125 0.49169642222222226 0.06237163984375007 0.07761803888888884
0 0.32940021953125 0.48580576666666675 0.031965464062500004 0.07623200555555557
0 0.28612989453125 0.4920429319444445 0.08576100312500001 0.10256669722222224
9 0.12045522812500001 0.519301654861111 0.027287592187499987 0.08316218472222224
6 0.06806304140625 0.36383456180555557 0.0132539734375 0.05405542083333334
6 0.28012661484374995 0.22730997361111113 0.013253973437499988 0.049897311111111106
6 0.6258993894531251 0.22107281041666663 0.01091503671874996 0.0485112763888889
6 0.046778729296875 0.4158109277777778 0.015592910156249995 0.033264874999999944
6 0.49000719101562495 0.4068016916666666 0.0054575179687499364 0.012474327777777777
6 0.5414637933593751 0.41719696388888894 0.003898227343750005 0.013860363888888906
7 0.151251225390625 0.2602283381944444 0.06860880234375 0.029106762500000015
7 0.052626070312499995 0.2830979395833333 0.024169009375000005 0.05544145694444447
7 0.064710575390625 0.3198279041666667 0.004677872656250004 0.018018472222222214
7 0.03859245234375 0.33091619652777776 0.022609720312500005 0.0180184736111111
2 0.405415654296875 0.4504618381944444 0.04054156484375002 0.09425047638888889
2 0.45479321015625 0.4331363833333334 0.043660146875000014 0.026334691666666684
0 0.376958594140625 0.49308245902777775 0.05847341171874998 0.09286444027777777
0 0.44790633281250003 0.5055567861111112 0.07562561250000002 0.12335724166666663
0 0.51573549140625 0.4785290756944444 0.04911766562499995 0.06652974861111116
0 0.83305120546875 0.48081603333333334 0.33290862343750005 0.8191475166666666