7 0.307358793359375 0.45632780416666663 0.01845701796874999 0.035156224999999985
7 0.72593760703125 0.31335915138888887 0.025048810937499954 0.016406238888888876
7 0.7002296167968749 0.3051560319444444 0.007910150781250014 0.018749986111111106
0 0.151792494140625 0.5348433743055556 0.029003886718749983 0.028124981944444412
0 0.12740286250000002 0.5348433756944445 0.014501943750000001 0.018749987499999954
0 0.10894584375000001 0.5617964833333333 0.03823239531249999 0.04921871666666667
0 0.22891646484374997 0.5360152499999999 0.03295896250000001 0.04453121944444444
0 0.38777866015624995 0.5114058909722222 0.010546867187499975 0.014062490277777803
0 0.377231792578125 0.5137496395833333 0.010546867968750017 0.01874998750000003
0 0.364048208203125 0.5184371361111111 0.010546867968749974 0.014062491666666687
0 0.353501340234375 0.5184371375 0.015820302343750026 0.018749988888888916
0 0.340976934375 0.5231246333333333 0.011865226562499975 0.018749986111111068
0 0.40425814140625 0.5102340166666667 0.022412095312500036 0.021093733333333375
0 0.421396800390625 0.5442183694444445 0.03559567890624997 0.08437494444444443
0 0.69034192890625 0.5301558777777777 0.05668941406250001 0.09843743333333327
0 0.9019384621093749 0.48562465763888885 0.042187471093749984 0.05156246250000002
0 0.198594219140625 0.5477339916666667 0.04614254609374999 0.04453121944444444
0 0.058848221484375005 0.5676558534722221 0.07250971640625001 0.0703124541666667
0 0.5433449593749999 0.5559371118055556 0.2663084109375 0.3843747375