7 0.6428801359375 0.37244247500000005 0.03097148593749992 0.02294184166666666
7 0.4864454542968749 0.4481505506944444 0.008316417968749957 0.02141238194444439
0 0.4592669898437499 0.4745934138888889 0.010610601562499955 0.018353472222222205
0 0.47145484218749995 0.47892687500000003 0.01491219687499994 0.02294184166666666
0 0.48622365429687503 0.4868290625 0.024375707031250027 0.030589116666666645
0 0.4997019859374999 0.4942214333333333 0.019787340624999938 0.033138216666666644
0 0.41997908515625 0.47535814374999996 0.019213792187500012 0.0239614791666667
0 0.411981315625 0.4751032333333333 0.023228615624999983 0.033648033333333334
0 0.39878975546874995 0.4766326888888888 0.030111165625000026 0.038746222222222175
0 0.378572259375 0.4791817840277777 0.0355598546875 0.06219788194444449
0 0.32452511875 0.4615233361111111 0.07513453124999998 0.15651434444444448
0 0.5137236171875 0.4967008263888889 0.029537620312500047 0.03313821388888887
0 0.5636221238281249 0.5277997673611111 0.05247946171875002 0.0596487902777778
6 0.8266292125 0.3913708333333334 0.012904785937499951 0.038746222222222175
6 0.8656303445312499 0.39417483541666665 0.01519897031249986 0.036197126388888834