7 0.34530101640625 0.4529721104166667 0.01146227343749997 0.022924543055555566
7 0.35676329296875 0.45042493888888896 0.011462274999999966 0.01783019999999998
7 0.35676329296875 0.47080231736111117 0.011462274999999966 0.012735862500000018
7 0.4523956953125 0.43762352916666664 0.013599551562499989 0.017699108333333335
0 0.320943683984375 0.49330234166666664 0.02579011484375 0.05094344444444445
0 0.295869958203125 0.49330234166666664 0.03295403828125001 0.05094344444444445
0 0.29085521484375 0.5009438590277777 0.03152125468749998 0.0458490986111111
0 0.254319215234375 0.48566082638888886 0.04441631484375001 0.015283033333333328
0 0.194381072265625 0.5081608409722221 0.061132125781250025 0.046698162500000015
0 0.176232469921875 0.5264155819444445 0.06304251015624998 0.07641516388888887
0 0.09814572539062501 0.6686326736111111 0.19629145078125002 0.4050003638888889
0 0.251931244140625 0.5603778645833333 0.11318996015625 0.13245294861111112
0 0.35055456757812503 0.5081608340277778 0.04011796015624998 0.048396268055555525
0 0.415029860546875 0.46485890694444437 0.011462274218749968 0.017830202777777752
0 0.398552840625 0.4763211798611111 0.012895057812500044 0.02037737638888891
0 0.42577574296875 0.4966985583333334 0.03295403906249996 0.05094344166666668
0 0.384225 0.48650987013888886 0.021491765624999992 0.03056606527777777
0 0.399985625390625 0.4763211798611111 0.012895055468749961 0.02037737638888891
0 0.58553119296875 0.49967027222222227 0.07163921562500004 0.05349061666666673
7 0.45205401796875 0.4549370277777778 0.01190242187500008 0.008463944444444454