6 0.6615530921875 0.4352486319444444 0.011364793749999968 0.04224488888888887
6 0.47351741953125004 0.47014658402777776 0.00929846718749996 0.027551015277777757
7 0.203533119921875 0.4812243861111111 0.02479591328124999 0.02020407777777772
7 0.3342282453125 0.45367337361111115 0.03616070625000001 0.06061223055555555
7 0.41739787070312495 0.48306112083333336 0.022729586718749938 0.036734686111111144
7 0.41636470820312504 0.5234692784722222 0.006198977343750034 0.029387748611111104
7 0.51606494140625 0.46193867777777786 0.02169642343750002 0.012857138888888878
7 0.538794527734375 0.47479581666666665 0.01963009765624992 0.02387754722222226
7 0.63901134375 0.40683664861111113 0.03616070625000001 0.05693876388888886
6 0.6028506375 0.51704070625 0.00826530468750004 0.011020404166666649
0 0.59613507734375 0.5418366194444444 0.00929846718749996 0.01653060833333326
0 0.57185574609375 0.5546937597222222 0.05992345625000004 0.09367345
0 0.64107766953125 0.5647957972222222 0.039260195312500024 0.08816324722222227
7 0.653992208203125 0.47755091944444444 0.025829075781249954 0.0532652944444444
0 0.611976905078125 0.5831631423611111 0.037193869531250014 0.0642857013888889
0 0.6972128578125 0.5574488611111111 0.11054844531249994 0.1708162888888888
0 0.764712853515625 0.5106121354166666 0.02169642421875002 0.03673468472222226
0 0.8034564687500001 0.49591826180555554 0.04545917500000005 0.03673468472222226
0 0.31390936640625 0.6134692576388889 0.18700251249999997 0.25714280138888884
0 0.15367009179687502 0.6057549791666668 0.03719386953124999 0.04040815555555552
0 0.1175093859375 0.6204488534722222 0.028928565625000013 0.04040815416666664
0 0.09839586875 0.6232039527777778 0.02376275000000001 0.03857141944444441
0 0.077487227734375 0.6226529298611111 0.03719386953125 0.049591826388888906
0 0.06457268984375 0.6235712965277778 0.040293359375 0.04775509305555556
0 0.041326521484375 0.6290815 0.04132652265625001 0.044081622222222214
0 0.210076480859375 0.6006121166666667 0.04132652265625001 0.04775509166666667
0 0.18063133359375 0.6088774222222223 0.023762751562500007 0.03857141944444441
0 0.07938135546875 0.7741835090277778 0.15807394531250002 0.3434693152777777
0 0.489014865234375 0.7298775062499999 0.31924738203124997 0.4371427625