0 0.390212567578125 0.48326470763888885 0.008576100781249974 0.013860365277777792
0 0.37695859453125 0.48534376249999994 0.010135392187499991 0.012474327777777777
0 0.3664333796875 0.48603678055555555 0.010915035937500006 0.016632436111111166
0 0.35902674765625 0.4895018715277778 0.014813264062499965 0.020790545833333358
0 0.328360695703125 0.48811583541666664 0.010135391406249994 0.0180184736111111
0 0.34109490156250005 0.4899638770833333 0.021050428125 0.029106765277777828
0 0.30912943671875 0.49712507152777774 0.03040617499999998 0.0415810930555556
0 0.455312966015625 0.4945840131944444 0.017152200781250036 0.03465091249999996
2 0.4737645804687499 0.4786445930555555 0.024948656250000045 0.04158109166666664
0 0.543153028515625 0.5084443756944445 0.032745110156250055 0.04296712916666665
0 0.560175284375 0.5126024861111111 0.027287592187500032 0.04851127499999998
0 0.582395180859375 0.5098304125 0.03742298359375003 0.07068785833333335
0 0.697782712890625 0.4883468479166666 0.05769376640625001 0.041581093055555525
0 0.7609339976562499 0.4731004472222222 0.028067237499999998 0.02772072777777781
0 0.803424676953125 0.44815179166666663 0.04755837421875002 0.022176583333333295
0 0.790560526171875 0.49458401180555556 0.09355745859375002 0.0679157847222222
0 0.884247941796875 0.4599331006944445 0.07406632109375 0.045739201388888914
0 0.9727250566406249 0.4550819743055555 0.05454988671875007 0.06652974861111116
0 0.25075346875 0.49540901736111115 0.020270782812500034 0.01940450972222223
0 0.119139570703125 0.5445143159722222 0.23827914140625 0.28037537916666666
0 0.42199703984375 0.5343170527777777 0.088099940625 0.11504102222222216
0 0.504639462109375 0.514219525 0.05379553828125001 0.07484596666666667
0 0.629017983203125 0.5115860416666667 0.07952383984375003 0.10118065833333326
6 0.3648740890625 0.4584315479166667 0.0062371640624999895 0.009702254166666712
6 0.39060239062499996 0.4501153284722222 0.006237164062500034 0.009702254166666712
6 0.43270324687499995 0.45219438402777773 0.0062371640624999895 0.008316218055555583
6 0.359026748046875 0.46328267500000003 0.005457517968750025 0.011088291666666725