7 0.447745095703125 0.4330192576388889 0.010029489843750027 0.0203773791666666
0 0.406910743359375 0.45594380763888886 0.008596707031249994 0.02547172083333338
0 0.39974682148437496 0.4610381513888888 0.014327842968749982 0.03566040833333335
0 0.38112062617187503 0.46103815138888893 0.022924549218750024 0.04584909722222221
0 0.379687841796875 0.4686796680555555 0.020058980468750008 0.05094344166666668
0 0.37109113515625 0.46740608125000005 0.03438682343749999 0.05858495694444446
0 0.347450194140625 0.4674060784722222 0.04155074453125 0.08405667916666665
0 0.31592893984375003 0.47504759722222223 0.06447529374999998 0.10443405833333333
0 0.2543192140625 0.4839626972222222 0.1045932546875 0.15792466944444444
0 0.164770194921875 0.5005193173611111 0.18626195859375 0.21650962916666666
0 0.08238509765624999 0.5743873083333333 0.16477019531249998 0.2827361027777777