7 0.316624148046875 0.30254302986111115 0.018104303906249973 0.0643708597222222
6 0.88640682578125 0.03611919861111111 0.03319122343750003 0.06794701666666667
6 0.884395236328125 0.22565561527777775 0.04526076015624998 0.057218541666666664
6 0.28594741093750004 0.09244369930555557 0.02112168750000003 0.0768874125
6 0.20699252890625003 0.2989668701388889 0.016092712499999995 0.025033109722222235
6 0.389544261328125 0.041304630555555555 0.021121686718750032 0.08260926111111111
6 0.40664277070312504 0.045059595833333334 0.015086919531249965 0.08940396944444444
6 0.44385717343750003 0.03790727916666667 0.027156456250000006 0.07509933611111111
6 0.5223091570312499 0.015377479166666668 0.021121687500000076 0.030754958333333336
6 0.5496786539062499 0.019269258333333334 0.02557094687500001 0.03424713611111111
0 0.6530624625 0.34635097430555556 0.051295528125 0.07331125416666665
0 0.595732168359375 0.34903309444444447 0.053307117968750005 0.0750993361111111
0 0.18184766328125 0.48850328749999994 0.2655297921875 0.16807946388888892
0 0.8869097234375001 0.40893375416666666 0.203170521875 0.15198675
0 0.6404487550781249 0.6048141125000001 0.34508197734375007 0.4297819472222223