7 0.24673922109374996 0.35189549999999997 0.014395725000000015 0.03838860000000004
7 0.25393708515625 0.40521300208333333 0.033590026562499986 0.06824640138888888
7 0.49095420664062495 0.4393362013888889 0.011996436718750036 0.023459700000000003
0 0.623514840625 0.4819902006944444 0.02759180781249997 0.0447866986111111
0 0.60252107421875 0.4734594006944445 0.014395725000000059 0.03625590138888894
0 0.581527309375 0.490521 0.03958824375000001 0.0533175
0 0.564732295703125 0.4659949513888889 0.02999109296875 0.034123200000000034
0 0.5209452996093751 0.46066320208333333 0.05038503828124998 0.019194301388888845
0 0.5593338996093751 0.5011845020833333 0.026392161718750008 0.061848298611111116
0 0.4813570562500001 0.4990518027777778 0.031190737499999965 0.05758290000000004
0 0.45436507187499997 0.5139807 0.04918539374999993 0.07037910000000001
0 0.52154512265625 0.5193124513888889 0.07317826875 0.10236959999999995
0 0.39858163632812504 0.5459711993055556 0.10316936328125004 0.13436009861111115