0 0.106432116015625 0.6101576486111111 0.21286423203125 0.18283469444444447
7 0.324079814453125 0.4209449979166667 0.016742130468750015 0.046771665277777826
7 0.32128946484375 0.46063004930555557 0.007175198437500007 0.034015756944444475
0 0.466188625390625 0.5648033166666667 0.09208171796875 0.03826772777777781
0 0.7452241484375 0.57862221875 0.07294785468749998 0.08716538194444444
0 0.8893260582031249 0.5701182784722222 0.08131891796874999 0.048897651388888935
0 0.90008885625 0.5722442638888889 0.05979332343749988 0.023385833333333356
0 0.42094499921874995 0.6303545048611111 0.23438982812499995 0.12968507361111115
0 0.9760263773437501 0.6059056798611111 0.04424705937500004 0.07653545416666666
0 0.8911198578124999 0.6346064736111111 0.17340063906249997 0.1084252277777778
7 0.959284246484375 0.5485040902777778 0.01793799609374993 0.021259849999999938
7 0.8785632601562501 0.5045670902777778 0.011958665625000009 0.017007877777777795
7 0.985393973828125 0.37948829375 0.025113196093749936 0.20196855972222222