6 0.8217630144531249 0.045924281250000004 0.029244236718749938 0.08491659583333333
6 0.848570230078125 0.04419128888888889 0.024370196093749998 0.08838257777777778
6 0.538581334765625 0.14557130416666667 0.022420580468750017 0.09011556944444447
6 0.554665664453125 0.15250327222222224 0.013647310156250026 0.07625163611111113
6 0.8977980265625 0.35439680833333337 0.033143467187499984 0.07105266111111111
7 0.8656293671874999 0.06585368541666667 0.03509308281250014 0.041591801388888884
7 0.7949557988281251 0.22875490763888887 0.05166481640625005 0.0415918013888889
7 0.7905691625 0.28594363472222223 0.03509308124999988 0.07971761944444447
7 0.8666041750000002 0.2703467090277778 0.031193851562500007 0.1039795041666667
6 0.17936464335937502 0.33966637847222225 0.019496157031249982 0.0311938513888889
0 0.6494657273437501 0.518164525 0.18813791406249997 0.12650839444444448
0 0.7796025746093751 0.5311619631944444 0.07603501171875005 0.13863933749999996
0 0.48277358554687505 0.5666882944444445 0.14622117734374998 0.2235559333333333
7 0.8514229242187501 0.3605392201388889 0.02183904375000001 0.07321279583333333