0 0.36328878085937505 0.45186845277777776 0.020182710156249995 0.031395327777777815
0 0.60232775234375 0.45971728263888895 0.01135277343750003 0.024667756944444442
0 0.770096530859375 0.4821425194444444 0.030274064843750014 0.033637849999999976
0 0.716486205859375 0.47877873125 0.05928671015624998 0.04485046527777775
0 0.541779623828125 0.4473834069444444 0.02144413046875 0.03139532777777774
0 0.510874848046875 0.4585960229166667 0.025228386718749985 0.0358803736111111
0 0.140017550390625 0.46756611597222225 0.11352774296875001 0.07176074583333332
6 0.38914787890625 0.27246658472222224 0.018921290624999986 0.03139532777777777
6 0.287603618359375 0.12558130625 0.025228386718749985 0.056063081944444426
6 0.6245287371093751 0.2581144375 0.016398450781249973 0.029152802777777768
7 0.46735587851562493 0.3688950888888889 0.021444128906250005 0.015697663888888908
7 0.6244025921875 0.4395345743055556 0.010091354687500064 0.0358803736111111
7 0.67927433515625 0.3677738256944445 0.013875614062499953 0.0358803736111111
7 0.673597946875 0.39804789166666665 0.015137032812500006 0.029152805555555578
7 0.673597946875 0.42832195625 0.015137032812500006 0.04036542083333335
6 0.386751184765625 0.41710933958333335 0.015137032031250008 0.017940187500000034