6 0.7497046050781251 0.16284629722222224 0.03124211953125 0.036272030555555564
6 0.06664498398437499 0.25602139166666665 0.01639845234375 0.029152802777777768
0 0.442547958203125 0.28367920208333336 0.03910400078124994 0.06503317638888886
0 0.733935834375 0.3094682208333333 0.11478916249999997 0.13903644722222228
0 0.325866666015625 0.2937705569444444 0.017659871093750022 0.02691028055555557
0 0.880891191796875 0.2933967923611111 0.23714684296875 0.2713453236111111
0 0.99252680703125 0.36104625763888887 0.00882993593750001 0.09867102638888889
0 0.53273944375 0.35656121111111105 0.169030196875 0.2511626138888889
0 0.38136911875 0.3004981277777778 0.0782080015625 0.11212616666666662
0 0.230629503125 0.36104625763888887 0.218225553125 0.2332224263888889
6 0.5361105234375 0.10560450069444445 0.00956391406249999 0.03287152638888888
6 0.55205038046875 0.10617125069444443 0.007013537500000044 0.03173802638888888
6 0.5466308292968749 0.10447099930555556 0.010201508593749953 0.03740553194444446