0 0.4245115695312499 0.5596873048611111 0.011601559375000025 0.01499999305555559
0 0.414492042578125 0.5615623034722222 0.01476561796875 0.02624999027777777
0 0.40447251484375 0.5709373013888889 0.024257801562500035 0.056249980555555606
0 0.37019518281249997 0.5681248013888889 0.06539060156250005 0.08812496666666673
0 0.365449090234375 0.59343729375 0.043242172656249966 0.10124996527777776
0 0.31587879609375 0.6037497895833334 0.08964840624999999 0.14812494583333335
0 0.08648434453125001 0.6496872715277777 0.14343745000000002 0.1574999430555556
0 0.033222644140625 0.6421872750000001 0.06644528828125 0.13124995277777773
0 0.19722649335937498 0.6703122645833333 0.22570304765625 0.24749991527777773
0 0.438222503515625 0.557812304861111 0.013710932031249979 0.022499995833333328
0 0.463534993359375 0.5596873048611111 0.009492185156250077 0.018749995833333345
0 0.47724592734375 0.5728122993055556 0.024257804687499985 0.044999984722222226
0 0.528398252734375 0.575624798611111 0.025312491406250005 0.03937498888888887
0 0.5473826210937499 0.5812497965277778 0.046406232812500024 0.06187497916666673
0 0.5900974492187501 0.5812497979166666 0.06117185312500002 0.09562496527777782
0 0.644941180859375 0.5981247909722222 0.10124996484375001 0.11812495972222219
0 0.45140609140625 0.5699997993055556 0.02109374218750002 0.028124990277777803
0 0.5025584179687501 0.5812497965277778 0.04113279843750002 0.05437498194444438
0 0.707167722265625 0.62156228125 0.12972651640625 0.1312499541666667
6 0.5721677675781249 0.06656247847222223 0.03269529921874996 0.1087499625
6 0.601171665234375 0.06281247708333333 0.031640614843750026 0.12374995694444445
6 0.9239059265624998 0.44718734236111113 0.01792968125000005 0.044999984722222226
6 0.9038668710937501 0.4490623423611111 0.02214842968749995 0.06374997638888892
7 0.863261415625 0.18937493333333333 0.0358593625000001 0.12187495555555557
6 0.39339829921875 0.4987498256944444 0.008437496874999973 0.016874995833333312
6 0.476191239453125 0.5024998243055555 0.007382810156249952 0.016874995833333312
6 0.41765610390625 0.5296873152777778 0.008437495312499977 0.014999997222222165
6 0.46880842968750003 0.5287498166666666 0.007382809375000044 0.016874994444444427