0 0.9700601757812499 0.6007718173611111 0.05874120937500003 0.09866770972222222
7 0.8651419628906251 0.2914892027777778 0.030219042968749932 0.09011556944444443
7 0.320224377734375 0.4708538465277778 0.026319813281249972 0.02252889305555562
6 0.419167373828125 0.4656548708333334 0.007798463281250001 0.01906290833333336
0 0.4981268085937501 0.5046471854166666 0.025345003124999987 0.0415918013888889
0 0.511286715234375 0.5072466729166667 0.016571733593749992 0.03639282638888888
0 0.525908833203125 0.50551368125 0.022420580468750017 0.039858809722222256
0 0.540043546875 0.5219771027777779 0.04679077656249993 0.05198975277777775
0 0.468395169921875 0.5159116312500001 0.026319811718749975 0.032926843055555585
0 0.44548718554687505 0.5107126562500001 0.013647310156250026 0.02946085972222221
0 0.42452881679687504 0.5098461604166666 0.02242058046874993 0.031193851388888937
0 0.395284581640625 0.5107126555555556 0.028269427343749997 0.036392825
0 0.364578134765625 0.5202441104166666 0.031193852343750005 0.04852376805555549
0 0.33777091875 0.528909070138889 0.036067890625 0.038125818055555524
0 0.17400320039062503 0.5453724909722223 0.12964944296875 0.12650839583333326
0 0.193986761328125 0.4370605076388889 0.035093082031250014 0.045057784722222195