6 0.6268587664062499 0.3884693041666667 0.024795912500000038 0.01653060833333334
6 0.792164854296875 0.38387746805555556 0.018596935156249918 0.025714280555555528
0 0.08496475 0.6006121166666667 0.1684055765625 0.19102036944444448
0 0.1784660046875 0.5197958069444444 0.14670915312500002 0.14326527500000003
0 0.340672603515625 0.5087754034722222 0.20249995703124996 0.19102036805555558
0 0.623036057421875 0.4656121451388889 0.09401783671874994 0.08632651249999997
0 0.690191657421875 0.4821427541666667 0.04649233671874997 0.08999998333333331
0 0.7971240328125 0.4858162229166666 0.030994892187499977 0.049591826388888906
0 0.8224365265625 0.49959173124999995 0.021696423437499845 0.04775509305555556
0 0.850331928125 0.506938667361111 0.03822703281249993 0.06612243472222225
0 0.8952745222656251 0.5106121354166666 0.07852039140625014 0.09183671527777777
0 0.7470156234375 0.48581622361111115 0.0712882515625 0.10469385555555553
0 0.5124876140625 0.5354080499999999 0.1911351640625 0.20387750833333335