7 0.41594086875 0.38046699930555555 0.011694682812500013 0.02910676527777775
6 0.338755965625 0.37492285208333337 0.0070168093749999995 0.02356261805555554
6 0.27443521210937505 0.3770019083333333 0.009355746093749983 0.022176583333333295
0 0.047558375 0.41650394583333333 0.0904388765625 0.2896816138888889
0 0.7960180457031251 0.5606517354166667 0.40073778203125004 0.3451230708333333
0 0.100964090625 0.43313638263888893 0.10369285000000002 0.1787986986111111
0 0.157098566796875 0.4234341284722222 0.10057426796874998 0.13721760694444446
0 0.20699587734375 0.42620620069444437 0.041321210937500005 0.08732029305555555
0 0.23701222890625 0.4255131826388889 0.028067237499999998 0.06652974861111108
0 0.256893188671875 0.41996903680555553 0.028846883593750004 0.04989730972222222
0 0.27131662968750003 0.4192760194444445 0.02338936562499998 0.054055422222222184
0 0.28885865390625 0.4178899833333333 0.02572830156250001 0.04019505555555551
0 0.586293408203125 0.4705593666666667 0.16216626171874998 0.18434284444444446
0 0.497024 0.46085711111111116 0.074066321875 0.11226894999999999
0 0.460770484765625 0.4566990013888889 0.05301589453125004 0.08177614722222223
0 0.426855905859375 0.4400665652777778 0.05067695703124997 0.07900407500000005
0 0.39060239062499996 0.4379875104166666 0.018711492187500012 0.038809020833333346
0 0.37929753046875003 0.4241271458333333 0.014813264062500008 0.03603694722222228
0 0.367213026171875 0.4234341277777778 0.012474328906249976 0.03742298333333333
0 0.948828560546875 0.4864987854166667 0.0997946226562501 0.08870633194444445
1 0.9538962570312499 0.40195056458333334 0.09121852343750003 0.07484596805555555