7 0.13306127070312498 0.3067395347222222 0.020470964843750016 0.04159180000000002
7 0.2666099453125 0.2694802138888889 0.014622118749999968 0.04679077777777777
7 0.7203829972656249 0.2963415847222222 0.035093082031249966 0.013863933333333339
7 0.48301728749999995 0.33879988263888894 0.014622117187500016 0.012130943055555538
7 0.48886613476562496 0.3569962958333333 0.010722886718750057 0.013863933333333339
7 0.46449593789062504 0.32666894166666666 0.00877327109375008 0.008664958333333316
0 0.048252987890625 0.4263159631944445 0.08285866640624999 0.06931966805555557
9 0.10089261171875 0.4167845104166667 0.014622118750000001 0.053722743055555515
0 0.190087530078125 0.41245203125 0.035093082031250014 0.027727868055555563
6 0.1364730984375 0.25388328680555555 0.011697693750000005 0.05025675972222222
6 0.251500424609375 0.23741986527777778 0.015596925781250003 0.09358155277777777
6 0.25393744375000005 0.3162709902777778 0.014622117187499973 0.0259948777777778
6 0.24955080859374998 0.1057124951388889 0.015596925000000006 0.05198975138888889
6 0.625339232421875 0.051123254166666666 0.02047096484374995 0.0814506111111111
6 0.71063491953125 0.24261884166666667 0.01169769374999996 0.0623877027777778
6 0.710634919140625 0.31973697361111114 0.015596925781250003 0.03292684444444447
6 0.9709086140625001 0.20969199861111112 0.019496156249999962 0.07971761944444444
6 0.9801692886718751 0.29894107291666666 0.02242058046874984 0.03639282638888888
6 0.452310840234375 0.3223364597222222 0.005848846093750026 0.02426188333333334
6 0.47668103593750005 0.32320295694444445 0.005848846875000024 0.01906290833333336
6 0.485454306640625 0.3725932208333333 0.005848846093750026 0.017329916666666712
0 0.580985476171875 0.41418502291666665 0.035093082031250056 0.031193851388888857
0 0.46108411210937505 0.4133185277777778 0.017546541406249984 0.01906290833333328
7 0.087418773046875 0.23633957291666666 0.020142577343750002 0.01790451250000002