6 0.32529269453125 0.4866970597222222 0.011476700000000006 0.043356419444444405
6 0.39247920546875 0.5368544868055556 0.008129329687499975 0.03230478194444449
6 0.48644467968750005 0.4860594680555555 0.007651134375000002 0.02507871388888887
6 0.4480694660156249 0.4773456743055555 0.005977447656249968 0.023803523611111092
6 0.5865071511718749 0.5153888083333332 0.005977446093749972 0.019977958333333292
6 0.680711723828125 0.5615081347222222 0.00693383984375 0.02125314722222219
0 0.0084119 0.5531336666666667 0.016736853125 0.031454658333333343
0 0.47684813359374995 0.6120048805555556 0.008607523437499954 0.008926319444444412
0 0.47015339140625 0.62326905 0.016258656249999958 0.0272040277777778
0 0.512951915625 0.6253943625 0.007172935937500036 0.01615239166666661
0 0.279244603125 0.5826755388888889 0.029648139062499988 0.018277708333333306
0 0.253780678515625 0.5815742534722221 0.02319249453124996 0.017852643055555558
0 0.3499741234375 0.6263990381944444 0.059296279687499974 0.07396095138888883
0 0.44370050078125 0.6215108152777779 0.03490829375000004 0.051432616666666715
0 0.4924764722656249 0.6361754854166667 0.04160303515625001 0.05865868472222226
1 0.34544212070312497 0.5879694993055555 0.03658197890624999 0.039530854166666685
2 0.586148503125 0.6181103090277777 0.05331882968750001 0.03698047361111113
2 0.8565262894531249 0.635734375 0.28635540234375007 0.33095583611111107
7 0.7004373015625 0.5850991305555555 0.007651132812500005 0.012326825000000005
7 0.7031869261718751 0.6099653118055556 0.008368425781250011 0.022953398611111057
7 0.695894440234375 0.6052896194444445 0.0057383492187499385 0.010201511111111077