7 0.6649407875 0.20090324583333335 0.03606789062500004 0.07105266111111114
7 0.6668904027343749 0.2537594923611111 0.032168658593749996 0.024261881944444456
7 0.681999924609375 0.3031497576388889 0.02729462109374996 0.025994876388888876
7 0.667377805859375 0.34474155902777776 0.03899231171875002 0.025994876388888876
7 0.524081053125 0.24682752777777778 0.03899231406250001 0.048523772222222226
7 0.615712991015625 0.39177991111111105 0.02144577265625003 0.09878052777777775
7 0.421238826171875 0.4784294979166666 0.008773272656250075 0.019062912500000015
7 0.394919013671875 0.4645655638888889 0.024370196093749998 0.012130941666666692
7 0.262345146484375 0.45416761527777777 0.020470964843749995 0.015596927777777757
7 0.06397175 0.39177991111111116 0.021445771875 0.01906290833333336
6 0.40320488046875 0.24447561388888892 0.013647309375000027 0.06412069444444445
6 0.281841304296875 0.45070162986111106 0.006823657031250008 0.019062909722222247
6 0.697596849609375 0.41170931597222227 0.027294619531249963 0.038125818055555524
6 0.14683041640625 0.44810214166666673 0.017546540625000006 0.03119385000000005
0 0.32278323320312496 0.51544124375 0.016571733593749992 0.031193851388888937
0 0.33789275546875003 0.5275721861111111 0.019496157812500005 0.055455736111111126
0 0.38127170390625 0.5093757729166667 0.008773270312499993 0.015596926388888871
0 0.40320488046875 0.5336376569444444 0.03314346718750003 0.04679077777777773
0 0.25454668476562503 0.5163077395833333 0.012672503906249988 0.025994876388888914
0 0.170225805078125 0.5414361180555556 0.027294619531249988 0.07971761666666666
0 0.147317820703125 0.5293051777777779 0.03411827421875 0.048523769444444455
0 0.13415791484375 0.5492345826388889 0.048740392187500016 0.06065470972222226
0 0.024492031640625002 0.5379701368055556 0.03021904296875 0.051989751388888866
0 0.078593867578125 0.5544335576388889 0.09943040078124998 0.09531454583333338
0 0.0225424171875 0.5856274090277778 0.043866354687500005 0.10571249583333334
0 0.21945360234374997 0.5449021034722221 0.08675789999999999 0.10744548749999999
0 0.36421256640625 0.5440356069444445 0.05848847031250002 0.08838257777777782
1 0.2891523625 0.5041767979166667 0.056538854687499994 0.10224651249999997
0 0.011819530078125 0.7045849180555556 0.02242058046875 0.13863933888888894
7 0.24918523984375002 0.48598038472222227 0.009748076562499985 0.017329916666666712
6 0.37908678203125 0.44771177916666666 0.0034322031249999886 0.01983050555555555