7 0.698043059375 0.6389632166666667 0.028587020312499954 0.07299796666666668
7 0.425582769140625 0.7941069909722223 0.008316224218750001 0.016632445833333363
7 0.44507391835937504 0.7811706423611112 0.008835986718750011 0.011088295833333461
7 0.21871669414062503 0.7931829659722223 0.0062371695312500195 0.011088301388888845
2 0.3746343421875 0.8203351875 0.02494867187499996 0.04435319444444445
0 0.34466849765625 0.8317544361111111 0.01403362968749997 0.02032854722222213
0 0.32465758359374997 0.8377606 0.012474337499999998 0.019404522222222276
0 0.311923365234375 0.8400706597222224 0.008835988281250007 0.014784397222222228
0 0.268782953125 0.8456148131944445 0.023389379687500034 0.03326489861111115
0 0.280217760546875 0.8460768215277779 0.01299409921875001 0.028644770833333333
0 0.2942513890625 0.8553170729166666 0.04002182812499999 0.05451746805555552
0 0.40065683593749996 0.8270022833333334 0.012994098437500013 0.024024647222222167
0 0.4167695195312501 0.8302363708333335 0.022349853125000062 0.026796722222222197
0 0.445096657421875 0.8316224097222222 0.056134513281249986 0.04065709722222219
0 0.5212420847656251 0.8057497125 0.08887964453125 0.17371668055555556
0 0.12344396835937502 0.8984593319444444 0.18035811015625 0.19681730555555563