6 0.5354646535156251 0.5124373222222223 0.0031640617187499664 0.016874994444444506
6 0.505406069921875 0.5161873215277778 0.004218749218749984 0.01687499305555554
6 0.5323005921874999 0.5105623236111111 0.005273434375000008 0.016874994444444427
6 0.500976387890625 0.5149998145833333 0.006328122656249935 0.018749993055555574
6 0.39234361250000005 0.5206248131944444 0.008437496875000016 0.01499999583333336
7 0.641777119140625 0.5177676791666667 0.015820307031250015 0.02999998888888887
7 0.400253766015625 0.4940623284722222 0.011601558593749983 0.014999998611111051
7 0.820546588671875 0.43406234791666665 0.027421864843750043 0.028124990277777723
0 0.42187485234375 0.5611873041666666 0.02109374218750002 0.0393749861111111
0 0.41027329375 0.5649373027777778 0.03164061406249998 0.0393749861111111
0 0.38285142812500006 0.5630623013888889 0.031640612499999984 0.04687498333333338
0 0.359120968359375 0.5658747986111111 0.030585925781250013 0.05249997777777777
0 0.33433581953124997 0.5639998 0.03164061406249998 0.06374997500000003
0 0.290566304296875 0.5602498027777778 0.06011716640625 0.08624997222222225
0 0.613827910546875 0.5903122826388889 0.025312491406250005 0.058124981944444445
0 0.63175759140625 0.6043747791666667 0.03585936250000001 0.07499997222222221
0 0.657597425 0.612812275 0.05800779218749996 0.0956249666666667
0 0.724570058984375 0.6287497701388889 0.12867183046875005 0.17624993749999998
1 0.6106638480468749 0.5828122847222222 0.023203116406250057 0.06937497499999996
0 0.491484203125 0.5784372958333334 0.014765620312499995 0.024374991666666623
0 0.5210154421875 0.5681248006944445 0.029531239062499992 0.041249984722222244
0 0.57269511171875 0.5765622986111112 0.06749997500000005 0.1181249583333333
0 0.203027271875 0.5624998027777778 0.12128902031250002 0.11249996111111113
0 0.068554664453125 0.5709373006944445 0.13499995234375 0.1631249430555556
0 0.8653707914062501 0.6899997576388889 0.26683584531250004 0.3749998680555555