6 0.375813306640625 0.34285729722222225 0.006026788281249962 0.026020419444444443
6 0.477838225 0.3505103611111111 0.0051658187499999285 0.022959194444444442
6 0.36849506328125 0.34285729722222225 0.006887757812499995 0.026020419444444443
6 0.47181143632812506 0.3505103611111111 0.005165817968750019 0.022959194444444442
6 0.26862256953124997 0.4086736534722222 0.01377551562499999 0.019897968055555517
6 0.331042878125 0.42551039583333333 0.009470667187500004 0.010714288888888904
6 0.559199867578125 0.4140307986111111 0.009470667968749957 0.015306130555555578
0 0.36117682109375 0.4691328638888889 0.04390945781250002 0.061224516666666694
1 0.5652266570312501 0.46224510555555554 0.038743640625 0.07500003333333333
0 0.60999708515625 0.46683694513888885 0.07490437187499994 0.0964286152777778
0 0.705995215625 0.48061246180555556 0.13086740625000007 0.16377558472222217
0 0.85365153125 0.5234696208333334 0.2772322671875 0.23112255277777777
1 0.5020888777343749 0.4316328465277778 0.06801661171874995 0.14081639027777781
0 0.42589305234374997 0.4706634777777778 0.09642861406250006 0.1515306833333333
1 0.12885847421875002 0.4163267166666667 0.25656899375000003 0.5632655583333334
0 0.288137881640625 0.4877553159722222 0.10159443203125003 0.11326535694444446
7 0.59808700859375 0.3474491361111111 0.022385214062500047 0.01224490555555554
0 0.53997154765625 0.45535734791666665 0.014636485937499976 0.04132655138888887
7 0.3292028921875 0.39172456388888893 0.010517664062499987 0.007479227777777848
7 0.337091140625 0.4038783090277778 0.011569431250000007 0.009349034722222172