0 0.322871213671875 0.35206862916666665 0.04643663828125 0.07284178611111108
0 0.489496797265625 0.34357042083333333 0.01365783515625001 0.05098924999999998
0 0.5120322246093749 0.33871430208333336 0.036876153906249966 0.08498208472222224
0 0.555737295703125 0.3520686291666667 0.09150749296875 0.12140297499999997
0 0.417793165625 0.39334563958333335 0.15979666718750002 0.2525181875
0 0.26619119921875 0.3666369861111111 0.11609159531249999 0.13597133333333333
0 0.20199937539062499 0.33992833125 0.02868145234374999 0.038848951388888865
0 0.174000815234375 0.33750027222222223 0.03551037109374999 0.03399283333333333
0 0.094102481640625 0.35206862847222226 0.11062846171874999 0.08255402361111115
0 0.866077425 0.4842244263888889 0.26359621093749996 0.4370507111111111
7 0.370298023828125 0.023586856944444446 0.15979666640625 0.04717371388888889
7 0.5130223972656249 0.04665342222222222 0.12018894609375001 0.09330684444444444