7 0.577280233984375 0.34132668402777777 0.025829092968750002 0.04285716249999996
7 0.577710719140625 0.4125001847222222 0.01808036484375002 0.03214286944444448
7 0.9104755359375 0.31224503819444444 0.02066327500000007 0.03673470972222219
6 0.479334155078125 0.3600001569444444 0.003443877343750046 0.015306130555555578
6 0.452644091796875 0.35846954305555556 0.003443877343750046 0.01224490277777777
0 0.372143425 0.42428589930555555 0.06973855312500002 0.08265309305555561
0 0.468141555859375 0.3906124180555556 0.010331636718750037 0.015306130555555578
0 0.44876973476562493 0.3860205777777777 0.011192605468750028 0.01530613333333335
0 0.6373221164062499 0.3814287402777778 0.014636485937500065 0.018367355555555617
0 0.49112176054687495 0.38549579444444443 0.006887758593750082 0.00918367777777773
0 0.484234001171875 0.3847304895833334 0.006887758593749993 0.007653068055555521