7 0.18471491835937498 0.43774885763888893 0.01544491171875 0.02288135138888892
7 0.1868600453125 0.45910478472222227 0.014586860937499991 0.01983050277777778
7 0.18471491835937498 0.47512173194444446 0.013728810156250004 0.01830508055555558
7 0.18514394374999998 0.48885054236111103 0.02145126718749999 0.015254234722222215
7 0.8108133609374999 0.39249737361111114 0.021752201562499886 0.03915802500000001
7 0.808517765234375 0.19773414930555555 0.02574152109374994 0.06663966805555555
7 0.073597355078125 0.25774889375 0.10210803203125 0.050338973611111094
6 0.22893943398437502 0.2798675305555555 0.010926267968749981 0.07627117222222222
6 0.46572651796875003 0.40800310277777785 0.016302962500000007 0.057966088888888836
6 0.78663747265625 0.2638505847222222 0.023167368749999983 0.07779659722222224
6 0.21088546406250003 0.25774889097222226 0.016302962500000007 0.038135584722222206
0 0.100508940625 0.6940199951388889 0.20101788125 0.3096609569444444
0 0.8321141601562501 0.6924945715277778 0.33206561562500003 0.3096609569444444
0 0.49661634257812504 0.6398674638888889 0.13643005859374996 0.2044067416666667
0 0.376060221484375 0.5513929048611111 0.012012708593749987 0.018305081944444388
0 0.4215369078125 0.5582573111111111 0.02059321562500003 0.0320338944444444
0 0.34946065078125 0.5529183270833333 0.01716101406249999 0.030508468055555543
0 0.34130916796875 0.5605454451388888 0.014586860937499991 0.03966100972222222
0 0.318059719921875 0.5727965034722222 0.039470332031249986 0.05644066805555552
0 0.387561826171875 0.5468643020833334 0.006864405468749979 0.016779659722222263
0 0.39528428242187497 0.5544914208333334 0.013728810156250004 0.025932197222222206
0 0.4077260171875 0.5598304034722221 0.011154659374999997 0.02745762083333329
6 0.19684352265625 0.4053124923611111 0.009560484374999989 0.03156477361111109