0 0.08205108359374999 0.3591282541666667 0.094385575 0.04271185833333335
0 0.15584344179687498 0.3751451986111112 0.054915242968749986 0.04118643333333338
0 0.509789348828125 0.44684010069444446 0.10039192734374999 0.13881353194444443
0 0.567217471875 0.4109926493055555 0.022309318749999994 0.03355931527777779
0 0.6109780562499999 0.40489095625000004 0.015444912500000019 0.030508468055555623
0 0.621274664453125 0.40489095625000004 0.008580507031249952 0.018305081944444388
0 0.6320002980468751 0.4018401097222222 0.01287076015625006 0.024406775000000006
0 0.5588770210937499 0.3872033201388889 0.012012709374999986 0.013728809722222242
0 0.543861133984375 0.3887287444444444 0.014586861718750033 0.0167796583333333
0 0.5973463015625 0.41466095416666665 0.028315670312499996 0.03813558611111113
0 0.7066047375 0.4840677201388889 0.1776164890625 0.22881351527777782
0 0.9397085257812499 0.45127111458333335 0.06435380156249995 0.05949150972222223
0 0.307718413671875 0.5102541402777777 0.35180078046874996 0.36152535555555554
0 0.205181356640625 0.3793945909722222 0.026599571093750017 0.03355931527777772
6 0.276399563671875 0.2935350451388889 0.016302963281250006 0.03355931527777775
7 0.41411669765625003 0.28361979444444446 0.02059321406249994 0.038135588888888905
7 0.41497474921875 0.30421300763888887 0.0223093171875 0.012203384722222191
7 0.25323219453125 0.2119248909722222 0.02316736718749999 0.038135584722222206
7 0.25838049960937504 0.22031472152777778 0.042044483593749994 0.05796609305555557
7 0.25966757460937495 0.1814164222222222 0.03432202578125003 0.01983050555555555
7 0.25451927109375 0.09904355625000001 0.030889824999999992 0.053389820833333324
7 0.9149731546875 0.10667067361111111 0.04118643281250005 0.022881352777777784
7 0.626239100390625 0.34845028680555556 0.012870761718750057 0.012203384722222231
7 0.5717528812499999 0.36141638749999994 0.008580506249999953 0.013728811111111128
7 0.6107941875 0.34539944236111114 0.009438557812500026 0.015254234722222215
7 0.9184053578124999 0.03312347638888889 0.04290253437500002 0.06624695277777778
6 0.27768663984374997 0.13336558472222224 0.015444912500000019 0.06101693888888888
6 0.41411669921875005 0.24439461666666668 0.008580507812499949 0.04118643333333331
6 0.5106474000000001 0.20549631875000002 0.00943855625000003 0.04271185694444443
6 0.521802059765625 0.20702174236111112 0.0077224570312500514 0.04576270416666664
6 0.9162602308593749 0.1582081923611111 0.012870760156249971 0.05491524305555555
7 0.723198826953125 0.3576028291666666 0.01115465859375 0.006101694444444424
7 0.7021765847656251 0.3507384243055556 0.006864403906249983 0.013728812500000014
7 0.6005868718749999 0.3194084236111111 0.0070182515625000445 0.013724580555555557
7 0.625150751953125 0.3219038020833333 0.00842190234375 0.01621995972222222