0 0.13370920273437498 0.760934 0.25338478515624996 0.24671448333333335
0 0.309909083203125 0.694404248611111 0.09433710390624998 0.11088291388888893
0 0.387093984375 0.6715346472222222 0.050676956249999974 0.07068785833333335
0 0.45804172421875 0.6472790104166667 0.025728301562499924 0.03603694583333331
0 0.4100935265625 0.6549022104166667 0.02494865468749996 0.05128334583333335
0 0.42607625976562497 0.6486650479166667 0.011694682031250014 0.033264876388888906
0 0.43426253710937496 0.6507441013888889 0.01247432734374998 0.023562619444444502
0 0.443618283984375 0.6458929743055555 0.009355746093750028 0.013860365277777792
0 0.791340172265625 0.6154001701388889 0.06393093046875001 0.06930182083333333
0 0.75118842890625 0.6167862090277778 0.03976192031250001 0.04989730972222222
0 0.7161043824218749 0.6202512993055556 0.03196546484375 0.048511276388888865
0 0.68218980390625 0.6181722465277777 0.03742298437499993 0.04712524027777781
0 0.642427882421875 0.6278745020833333 0.02494865546874996 0.0415810930555556
0 0.8400680152343749 0.6140141361111111 0.055354830468749935 0.0582135277777778
0 0.9133546902343749 0.6098560277777778 0.05223624765625008 0.08039011388888895
0 0.96208253359375 0.6050049 0.07328667656250012 0.10118065555555557
0 0.9644214703125 0.580056245138889 0.06704951093750004 0.05128334583333335
6 0.449075801171875 0.6050048986111111 0.004677872656250059 0.018018474999999985