7 0.7243633230468751 0.33995151597222223 0.04290253203125003 0.024406776388888888
7 0.726079425390625 0.41240912916666667 0.027457622656249913 0.06254236111111106
7 0.7295116281249999 0.45817183194444444 0.01716101406249999 0.028983044444444456
7 0.745814591015625 0.30791762361111114 0.034322027343750075 0.01830508055555554
7 0.715353791796875 0.3071549118055556 0.016302963281250006 0.02593219861111113
7 0.605952329296875 0.5176633465277778 0.006864405468749979 0.016779656944444415
7 0.876789899609375 0.39868031944444443 0.012870760156249971 0.06864405555555556
0 0.058690667578125 0.6483049611111111 0.06864405703125001 0.09762709999999994
0 0.5494956667968751 0.5666948076388889 0.010296608593750011 0.02288135138888884
0 0.45382301484375 0.5155931229166667 0.01801906406249998 0.015254234722222215
0 0.5364961902343749 0.5651693840277778 0.02230931796875 0.03966100972222222
0 0.5742504203125 0.5712710784722222 0.029173721874999982 0.03966100972222222
0 0.50389026484375 0.5697456548611112 0.025741521875000027 0.03661016249999997
0 0.0874341640625 0.5590795395833333 0.020591099999999994 0.013311418055555574