7 0.558699924609375 0.3694119611111112 0.011434808593749946 0.010164275000000028
7 0.64731968828125 0.38188629513888894 0.0067569328124999824 0.009240245833333363
7 0.09681619765625 0.2344857576388889 0.0005197640625000055 0.011088301388888925
6 0.20165193046875 0.2890603423611111 0.015646231249999996 0.0407713291666667
6 0.47065645859374994 0.25250424097222224 0.010915043749999942 0.04158112083333331
6 0.21467268632812503 0.2894652375 0.01039528046874998 0.04342916944444444
6 0.48157150195312504 0.25250424097222224 0.011954571093750043 0.04158112083333331
0 0.46584778476562505 0.4612204381944444 0.005717403906249974 0.018480498611111153
0 0.47026577929687496 0.46306848680555557 0.008316224218750001 0.018480498611111153
0 0.479881412890625 0.46029641458333337 0.01819173984375002 0.027720748611111172
0 0.48274011484375007 0.4663025743055556 0.008316223437500003 0.02125257083333333
0 0.48637846249999994 0.46676458749999994 0.007276695312499993 0.029568797222222228
0 0.4928755140625 0.4672266 0.011954571874999953 0.034188922222222196
0 0.49911268125 0.468150625 0.014033628125000063 0.03788502222222224
0 0.5149654835937499 0.46768861250000004 0.03222536875 0.04804929444444442
0 0.5212026507812499 0.4764668486111111 0.037423007812499964 0.041581119444444425
0 0.40525814609375 0.4606264180555556 0.014033629687500016 0.017556472222222258
0 0.38914546171875 0.46201245486111114 0.017152212499999965 0.012936348611111172
1 0.345225401953125 0.45600629375000007 0.03742300703125001 0.06375771805555554
0 0.32105637734375003 0.46848063124999995 0.012994101562500004 0.022176598611111112
0 0.308582040625 0.4744867930555556 0.022349851562500023 0.03418892222222228
0 0.26154339765625 0.46709459444444434 0.016632446875000005 0.02125257499999999
0 0.2810345484375 0.47772088125000006 0.03794277187499997 0.04250514861111117
0 0.225234166796875 0.4727707486111111 0.025988199218750018 0.032340869444444406
0 0.236409093359375 0.4847830722222222 0.03898230078124998 0.052669416666666614
0 0.17247812070312502 0.47554282430555556 0.06497050078125 0.04527722083333335
0 0.127704159375 0.4778528861111111 0.032745131250000004 0.051745394444444454
0 0.06715165234375 0.47092269861111113 0.07900412812500002 0.041581119444444425
0 0.060012450781250004 0.48854967916666664 0.0865558109375 0.0583545805555556
7 0.643651942578125 0.36045358819444445 0.010520313281250004 0.01700252638888888
0 0.207537105078125 0.4692697666666667 0.02008423671874997 0.030604550000000015
0 0.87605524453125 0.5525821534722222 0.2457927921875001 0.3927583930555555
6 0.677603865625 0.3757558638888889 0.023909804687500015 0.042506319444444426