6 0.52249700546875 0.32580244444444445 0.003899231250000046 0.020795899999999968
6 0.51664815859375 0.32666894027777776 0.007798464062499999 0.022528891666666655
6 0.5112867156249999 0.32753543611111113 0.006823656250000009 0.024261883333333303
6 0.3445945734375 0.33273441111111113 0.006823654687500014 0.020795899999999968
6 0.28756831484375 0.33706689097222226 0.005848848437500021 0.03639282638888888
6 0.149145600390625 0.35526330347222224 0.009748078906250002 0.0311938513888889
7 0.32217399296875 0.33533389930555557 0.03216865937500004 0.019062909722222205
7 0.5497916253906251 0.32753543611111113 0.031193852343750005 0.017329916666666632
7 0.554178260546875 0.35266381597222224 0.012672502343750036 0.02946085972222225
7 0.6614071230468751 0.35872928680555555 0.014622116406250019 0.038125818055555566
7 0.151095216015625 0.3838576673611111 0.013647310156250004 0.019062909722222167
7 0.193011953515625 0.3769257006944444 0.013647310156250004 0.025994876388888914
7 0.22176878476562498 0.36999373333333335 0.010722886718750014 0.015596924999999985
7 0.22176878515625004 0.38732365069444447 0.008773270312500036 0.019062909722222247
7 0.08237126289062499 0.3647947583333334 0.012672502343750003 0.01906290833333336
0 0.44889901289062506 0.41765100625 0.014622117968750015 0.02426188472222219
0 0.4537730523437499 0.42458297291666663 0.012672501562499949 0.031193851388888937
0 0.498126809375 0.42458297291666663 0.01169769374999996 0.020795901388888892
0 0.5951201898437499 0.44104639444444443 0.03801750625000002 0.057188727777777774
0 0.5137237347656249 0.4341144270833333 0.02924423515625003 0.04332479305555555
7 0.742316174609375 0.3786586923611111 0.014622117968750015 0.025994876388888914
1 0.6804158765625 0.40898604722222226 0.08188385937499998 0.09358155277777777
1 0.309988894921875 0.4193839979166667 0.015596925781250003 0.017329918055555518
1 0.29439196953125 0.42198348541666664 0.013647309374999982 0.015596926388888871
0 0.2758706203125 0.41765100625 0.007798462500000003 0.031193851388888857
0 0.26563513789062504 0.42025049375 0.012672502343749992 0.02252889305555562
0 0.25003821210937505 0.4193839979166667 0.020470963281249997 0.027727868055555563
0 0.215919937890625 0.42544946875 0.026319811718749975 0.02946085972222221
0 0.193011953515625 0.42544946875 0.02729461953125001 0.039858809722222256
0 0.170103969140625 0.42284998124999995 0.03606788984375 0.04852376805555557
0 0.141347137890625 0.42371647708333326 0.019496157031250006 0.032926843055555585
0 0.10479184374999999 0.4271824604166667 0.04386635312499999 0.039858809722222256
0 0.551741240625 0.4349809236111112 0.05458923906249993 0.07971761944444443
0 0.47278180507812506 0.42804895625000006 0.03314346640624999 0.051989751388888866
0 0.427940644140625 0.42458297291666663 0.025345003906249986 0.038125818055555524
0 0.387973523046875 0.42544946874999995 0.03119385234374996 0.05025675972222222
0 0.852469461328125 0.48697067499999996 0.29341716171874993 0.30154056111111116