7 0.533361010546875 0.2771052645833333 0.013988486718749993 0.02131579027777776
7 0.552345385546875 0.3055263180555556 0.05795230234375008 0.046184211111111116
7 0.55084661875 0.33217105555555554 0.04296463749999999 0.01776315833333331
7 0.48090418437500004 0.4032236861111111 0.014987664062500006 0.021315788888888833
6 0.516374990625 0.42009868611111106 0.007993421875000007 0.012434211111111104
0 0.4799050066406251 0.4351973701388889 0.006994242968749997 0.014210526388888903
0 0.7426887253906249 0.4094407916666667 0.05695312578125007 0.026644736111111123
0 0.80413815 0.3872368444444444 0.04596217187500003 0.046184211111111116
0 0.8570945640624998 0.3890131597222222 0.05795230312499999 0.03907894722222222
0 0.9220411097656249 0.38990131805555556 0.05995065703124993 0.04440789444444451
0 0.9789942359375001 0.40055921250000004 0.041965460937499977 0.062171052777777826
0 0.022279332421875 0.42720394930555555 0.04455866484375 0.04796052638888892
0 0.069742587109375 0.4289802659722222 0.03796875078124999 0.040855265277777796
0 0.12070064609375 0.42365131736111106 0.05595394687500001 0.04796052638888892
0 0.17465623749999998 0.4174342138888889 0.04596217031250001 0.0319736861111111
0 0.22311635390625 0.4192105284722222 0.04496299375000001 0.03552631527777782
0 0.2685789359375 0.4165460548611111 0.0399671046875 0.040855262500000024
0 0.421952704296875 0.4458552659722222 0.016986021093750026 0.017763159722222196
0 0.45192803320312497 0.4360855284722222 0.016986021093750026 0.030197368055555607
0 0.4719115851562499 0.44052631875000003 0.014987665625000002 0.021315787500000027
0 0.49739061523437494 0.43697368611111115 0.019983552343750065 0.028421052777777806