6 0.670072364453125 0.043682619444444445 0.007020421093749984 0.05824349166666666
6 0.436643365234375 0.014560873611111112 0.00819049140625001 0.02080124722222222
6 0.510357787890625 0.2340140333333333 0.008190489843749926 0.018721122222222223
6 0.656031521875 0.04888293125 0.011700701562500004 0.052003118055555554
0 0.3497339828125 0.29641777569444444 0.0269116140625 0.05200311805555553
0 0.314631879296875 0.3026581513888889 0.057333438281249996 0.08112486666666664
0 0.576727578125 0.2995379631944444 0.019891192187499927 0.020801245833333305
0 0.6071494015625001 0.29433765208333335 0.057333437499999994 0.03536212083333332
0 0.63640115546875 0.3390603340277778 0.11583694531249993 0.09984598749999998
0 0.697829840234375 0.30369821319444446 0.042122525781249996 0.04160249305555557
0 0.7768095765625 0.35258114375 0.183701015625 0.19345160138888887
0 0.495670956640625 0.4075558590277778 0.22465347265624996 0.3140988347222222
0 0.954923496484375 0.3576328625 0.08541512109374985 0.3640218277777778
1 0.11013283671875 0.3045896819444444 0.21646298125000002 0.6032361749999999
1 0.38919457148437503 0.278588125 0.05616336796875001 0.1144068611111111
7 0.8431817964843749 0.18290238611111112 0.025741542968749975 0.01872112222222224