7 0.099926309375 0.3637756708333333 0.0400709515625 0.021428580555555538
7 0.199171003515625 0.3063776847222222 0.024107153906249977 0.029081647222222253
7 0.280532647265625 0.4089287520833333 0.03357782109374998 0.016836740277777786
7 0.462197269140625 0.39897976666666674 0.011192607031249935 0.018367355555555537
7 0.5762757710937499 0.4441328486111112 0.022385214062499957 0.013775516666666713
7 0.442968949609375 0.47653082569444444 0.028412005468750046 0.01836735416666673
6 0.44885224453125006 0.3948981375 0.01377551562499999 0.02448980555555554
6 0.263743743359375 0.4599491861111111 0.013775516406249988 0.026020419444444404
6 0.69035426640625 0.4650512298611111 0.012914546874999999 0.02908164583333333
6 0.61846328984375 0.4688777625 0.012053576562500012 0.033673483333333344
6 0.532366312109375 0.4137756986111111 0.012053577343749922 0.027551033333333346
0 0.48343452851562496 0.47244920208333335 0.011192607031250024 0.012244909722222195
0 0.51141604609375 0.4762757333333334 0.010331637500000036 0.013775522222222255
0 0.715992594140625 0.5439276493055556 0.04830887890625002 0.04397727916666665
0 0.731967820703125 0.5441328965277777 0.049075277343750036 0.0413265486111111
0 0.768559036328125 0.5510206569444445 0.07748728046875 0.052040838888888885
0 0.832270798828125 0.5498100041666667 0.05165818671875009 0.049783063888888854
0 0.32659454296875 0.6923472652777778 0.032716851562499996 0.00306122499999996
0 0.322934515234375 0.5388284465277777 0.044628728906250005 0.06588934861111113
0 0.068447096484375 0.5775512951388889 0.13689419296875 0.09795922916666666
0 0.95338056484375 0.5795921284722222 0.08954085625000001 0.10408167916666665
0 0.43217894687499997 0.5303513486111111 0.03667894062500006 0.053559388888888844
0 0.519021287890625 0.5181124784722222 0.02152424453124997 0.022959193055555556
0 0.36197960625 0.5058837736111111 0.02059042187500002 0.020498908333333312
0 0.39574789765625 0.50295535625 0.018943187500000035 0.029284154166666652
0 0.841736420703125 0.5542026277777777 0.05435871171874993 0.04685464722222229
0 0.763492820703125 0.5461494847222222 0.06424211484375002 0.039533608333333345
0 0.797672919921875 0.5329716145833334 0.02882658984374995 0.0161062847222222