6 0.45975684101562503 0.4101686125 0.010926267968750025 0.02185253888888891
6 0.375761158203125 0.39924234236111117 0.012292052343750016 0.02913671250000007
6 0.43585563046875003 0.4429474152777778 0.009560484375000034 0.01942447777777774
6 0.44473322343750005 0.45144562361111107 0.010926268750000023 0.016996413888888878
6 0.41673466171874995 0.4550877104166667 0.009560484375000034 0.019424476388888855
6 0.412637310546875 0.4647999506944444 0.00956048203125004 0.019424476388888855
6 0.39351634375 0.44537547361111113 0.009560484375000034 0.01942447777777782
6 0.433806954296875 0.4672280090277777 0.010926267968750025 0.01456835694444444
0 0.46453708437499996 0.4772871201388889 0.012292051562500017 0.024974340277777823
0 0.43722141367187495 0.4776339930555556 0.017755186718749982 0.01942447777777782
0 0.41673466093750006 0.47641996319444446 0.012292051562500017 0.021852537500000026
0 0.40188178710937505 0.4856119034722223 0.016389400781250042 0.026708654166666672
0 0.38071214179687496 0.49168204930555554 0.015023617968750003 0.029136712499999995
0 0.37251744335937503 0.5001802590277779 0.017755186718750027 0.031564773611111166
0 0.35066490703125003 0.5062504076388888 0.0314130203125 0.0437050708333334
0 0.438075048828125 0.5050363784722223 0.02868145390624992 0.0437050708333334
0 0.504315547265625 0.5026083194444445 0.04097350390625003 0.058273430555555526
0 0.580799422265625 0.5098924958333333 0.08194700859374997 0.10683461944444446
0 0.2687178984375 0.5244608548611112 0.06146025625 0.07769790694444438
0 0.207940533984375 0.5232468243055556 0.049168203906249985 0.036420893055555584
0 0.15399208828125 0.5220327930555555 0.07238652500000001 0.04370506944444443
0 0.0138285578125 0.5402432409722222 0.027657115625 0.06555760694444446
1 0.8799060031249999 0.40305787777777774 0.23764632499999996 0.7405581527777778
7 0.752205248828125 0.2937952006944444 0.045070855468750004 0.0946943236111111
7 0.32334923828125 0.4042719104166667 0.01502361875 0.02428059583333335
7 0.32471502070312497 0.4601172770833333 0.012292052343750016 0.01456835694444444