0 0.4955437769531249 0.48942595208333334 0.019500564843750023 0.028549848611111074
0 0.51102951953125 0.49350450416666664 0.022941840624999977 0.0407854944444444
0 0.531677177734375 0.4965634138888889 0.01835347265624998 0.03466767222222218
0 0.4783373953125 0.4935045 0.030971485937500008 0.05302114444444438
0 0.45080718593749997 0.48840631597222217 0.028677301562500014 0.05913896805555549
0 0.42327697578125 0.495543775 0.0355598546875 0.05709969444444438
0 0.5643693019531251 0.4884063145833333 0.019500564843750023 0.03466767361111107
0 0.5844434125 0.48126885208333336 0.02753020937499997 0.048942598611111124
0 0.6481070230468751 0.47515103125 0.024088933593750018 0.028549848611111074
0 0.7622426843750001 0.4996223270833334 0.09406155000000008 0.07749244027777777
1 0.9486451453125 0.42416915902777774 0.09979700937500002 0.2895770208333333
0 0.306273584375 0.5169561604166667 0.0378540390625 0.03874622083333337
0 0.25178671015625 0.5251132590277778 0.04358949999999999 0.022432023611111164
0 0.16346062226562502 0.5261328986111111 0.08259062890625002 0.06117824444444445
0 0.09234091289062499 0.5373489104166667 0.059648789843749994 0.05913896805555557
0 0.38829066640625004 0.5108383409722222 0.05735460312500003 0.07545316805555555
0 0.617135537890625 0.48228848958333337 0.04244240546875 0.08768881527777785
0 0.6813726933593751 0.5037008729166667 0.08603190546875003 0.09380664027777783
7 0.6326212796874999 0.37930511041666665 0.03670694687500005 0.06525679305555557
7 0.8465539527343751 0.34361780624999994 0.026383117968750015 0.042824770833333324
7 0.79837608515625 0.2661253631944444 0.10438537968750002 0.18149545694444444
7 0.80697927421875 0.5526434708333333 0.03900113125000004 0.07749244722222227
7 0.654989575 0.4455815444444445 0.014912198437500024 0.026510575000000043
7 0.68768169921875 0.4455815458333333 0.02294184218749997 0.022432022222222278
6 0.537986184765625 0.45169936666666666 0.012618011718750034 0.01835347222222228
6 0.436468534765625 0.44966009583333333 0.011470921093749985 0.02651057222222227
6 0.46744002070312496 0.46189574375 0.00917673671874999 0.03466766805555561
6 0.49841150546875 0.4557779159722222 0.011470920312499988 0.03058912083333338