0 0.32118578124999997 0.50506039375 0.10323828593749998 0.0829305125
0 0.230183143359375 0.5404078243055556 0.21794749453124998 0.12371600972222217
0 0.8243365105468751 0.5455272499999999 0.34879664453125 0.4255286722222222
0 0.48819820468749997 0.5795151659722222 0.36936364843749997 0.5125377347222222
6 0.45539555468750004 0.1692598090277778 0.015294560937500012 0.07205437638888888
6 0.4370420824218749 0.1726586 0.013765108593749974 0.06525679444444443
6 0.17053435546875 0.2922960534722222 0.014529832812499999 0.046223562499999975
6 0.692078884765625 0.2338368451388889 0.011470921093749985 0.06525679305555557
6 0.424478691015625 0.39610485902777776 0.00994146484374996 0.01495468194444448
6 0.4091841304687501 0.42261543125 0.006882551562499994 0.01631419861111109
6 0.36788881640625004 0.42125591458333334 0.014529834374999995 0.019033231944444475
7 0.1679124296875 0.3435692513888889 0.03364803281249999 0.016314197222222247
7 0.6967218875000001 0.2938498048611111 0.029824393749999966 0.01359516805555556
7 0.161697496484375 0.24781909583333336 0.022941841406249996 0.05845921111111111
7 0.9868974652343748 0.1529456097222222 0.023706569531250034 0.053021144444444446
6 0.1534247125 0.4307141944444444 0.015497445312499991 0.036734686111111144
6 0.9768556601562499 0.028469381944444445 0.03306121718749999 0.047755091666666666
7 0.6937689855468749 0.3131631993055556 0.016530608593749996 0.01836734305555553
6 0.71753173515625 0.34897951805555555 0.014464282812499984 0.0202040777777778
0 0.708749849609375 0.4242856243055556 0.053724478906250005 0.08632651250000005