0 0.015967732031249997 0.37764257847222227 0.031552990625 0.04300556249999998
0 0.08433254999999999 0.3888614215277778 0.143040234375 0.12527706805555555
0 0.18267271171875002 0.3411813423611111 0.049433021875000024 0.033656526388888844
0 0.14217970429687501 0.34585586041666666 0.042070657031250014 0.050484787499999975
0 0.20633745742187498 0.3664237361111111 0.050484788281250005 0.04674517499999998
7 0.223165719921875 0.29724088055555553 0.018931796093749974 0.02056788055555556
7 0.222639836328125 0.26545416041666664 0.013672963281250006 0.028047104166666673
7 0.0690819375 0.25890983611111107 0.011569432812500002 0.01869806944444446
0 0.253666944921875 0.35333508888888887 0.03576005859375 0.0430055611111111
0 0.25997754375 0.32996250138888883 0.031552992187500004 0.029916911111111114
0 0.285745821875 0.33837663263888884 0.043122423437500015 0.05048478750000002
0 0.31466939882812495 0.3402464388888889 0.016828263281250023 0.028047102777777746
0 0.365680070703125 0.32996250138888883 0.024190628906250032 0.029916911111111114
0 0.386715399609375 0.32622288680555556 0.013672964843750001 0.014958456944444462
0 0.39881071328125 0.32996250208333333 0.014724729687499983 0.014958456944444422
0 0.407750726953125 0.3252879833333333 0.009465899218750008 0.01308865000000002
0 0.42300134023437497 0.3290275993055556 0.014724730468750025 0.02430749027777775
0 0.44771785039062506 0.3308974048611111 0.01998356328125004 0.043005559722222246
0 0.45981316484374996 0.32622288749999995 0.037863593749999945 0.02617729722222223
0 0.46086493164062503 0.3589445111111111 0.04838125546874998 0.05796401666666667
6 0.46507199726562504 0.29724088055555553 0.012621197656249982 0.02056788055555556
6 0.43351900624999995 0.2673239673611111 0.010517665625000028 0.013088648611111095
6 0.329920012109375 0.26077964375 0.013672963281250006 0.018698070833333347
6 0.28995288828125 0.30472010625 0.009465898437500009 0.01682826527777775
6 0.535540349609375 0.25236551180555555 0.023138861718750015 0.03178671805555556
7 0.6375616917968749 0.07473384861111111 0.061002452343750055 0.03926594722222223
6 0.67489939921875 0.1598100659722222 0.034708292187499976 0.05235459583333332
7 0.444562551953125 0.10371585555555556 0.06205421796874999 0.02617729722222223
7 0.5192379683593751 0.13082805833333333 0.030501225781249985 0.016828261111111093
7 0.532385050390625 0.1878571722222222 0.023138861718750015 0.014958455555555576
7 0.5187120847656249 0.21029485277777774 0.01893179609375002 0.029916911111111114
6 0.39828483046874996 0.0775385576388889 0.013672964062500048 0.04861497916666667
6 0.38408598320312504 0.07473384583333333 0.01472473046874998 0.057964013888888895
6 0.64019110859375 0.1682241965277778 0.026294159374999994 0.050484787499999975
0 0.88735621953125 0.38325200069444443 0.22402625 0.15893359305555554
0 0.9088502785156252 0.3164286347222222 0.1702518554687499 0.07016223055555557