7 0.657786627734375 0.48570912708333336 0.02223133359374998 0.03536212083333336
7 0.73091601328125 0.27353640347222224 0.07254435000000008 0.12688760972222224
7 0.7256506972656249 0.16432985555555557 0.06903413984375 0.09568573888888889
7 0.26873829726562504 0.47322837916666666 0.01638098203124998 0.010400625
7 0.4109018226562499 0.11024660972222221 0.21412284062499998 0.17057022777777778
7 0.155826526171875 0.12272735902777777 0.17902073515625 0.17889072638888892
6 0.480520997265625 0.4222653222222222 0.007020421093749984 0.02912174722222218
6 0.12189449140625 0.4222653222222222 0.01053063125 0.037442244444444446
6 0.269908367578125 0.42538550902777783 0.009360561718750039 0.031201870833333346
0 0.846752959765625 0.7446846576388888 0.3042182429687501 0.40770444861111105
0 0.5407796109375 0.7134827868055555 0.3966537859375 0.34946095694444446
0 0.6841132066406249 0.6073964243055555 0.13806828046875 0.14976898194444443
0 0.696983978125 0.5075504368055556 0.046802806250000016 0.06656399305555559
0 0.62736480390625 0.5283516826388889 0.06669399999999995 0.04160249583333334
0 0.5829021375 0.5252314972222223 0.03159189374999993 0.04368261944444443
0 0.5150380664062499 0.48986937638888894 0.1532791921875 0.11440686111111115
0 0.435473295703125 0.5314718715277778 0.01755105234375005 0.039522370833333376
0 0.39627594570312497 0.5304318097222223 0.06786406953124997 0.06240374166666669
0 0.38399020898437497 0.5730743652777778 0.06903413984374995 0.09776586111111117
0 0.35064320898437507 0.6167569861111111 0.08658519296875 0.16849010555555557
0 0.179227929296875 0.6593995430555556 0.34283055859375 0.38690320277777773
7 0.601456441015625 0.35612979930555555 0.017546541406249984 0.032926843055555544
7 0.603893460546875 0.4375804111111111 0.012672502343749947 0.012130941666666612
6 0.618515578125 0.4739732368055556 0.014622117187500016 0.015596926388888951