7 0.508407283203125 0.2666024486111111 0.025741524218750023 0.05200308055555555
7 0.4791555503906251 0.3123651604166667 0.010530622656249999 0.022881354166666687
7 0.16703956679687498 0.30456469861111113 0.025156489843750008 0.04056240277777776
0 0.435862986328125 0.3331663909722222 0.017551039843749994 0.027041601388888895
0 0.456924234375 0.33576654375000003 0.022231317187499933 0.02808165972222222
0 0.47651071796875 0.3515408166666667 0.019891178125000054 0.031201847222222252
0 0.48382365117187504 0.36038134166666663 0.022816352343749992 0.03848228055555557
0 0.496694413671875 0.37078195833333333 0.03919732109375005 0.05096301944444449
0 0.394313351953125 0.33906008055555553 0.028666697656249962 0.029121727777777787
9 0.41537459765625 0.36714174166666663 0.02866669843749996 0.07072418888888884
0 0.091265405078125 0.35050075625 0.17258522109375002 0.1580893625
2 0.038319769140625 0.2059321951388889 0.07488443515625 0.1289676375
0 0.287252010546875 0.3494606951388889 0.025156489843750008 0.027041604166666663
0 0.252149932421875 0.3406201715277778 0.03919732109374996 0.04056240138888892
0 0.331714644140625 0.35674112569444444 0.020476211718750026 0.02288135416666665
6 0.9503657847656249 0.21922204097222225 0.01835347265624989 0.03466767083333334