6 0.44793132187499995 0.34993421319444445 0.008992600000000017 0.0213157902777778
6 0.495392259765625 0.3481578965277778 0.009991775781250035 0.0213157902777778
7 0.42495023750000005 0.3517105277777778 0.016986020312500027 0.010657894444444456
7 0.40896339453124997 0.34194079236111113 0.008992598437499933 0.012434209722222218
7 0.371494232421875 0.3206250027777778 0.009991774218749994 0.019539472222222225
7 0.3310275390625 0.3428289479166666 0.010990954687499999 0.017763154166666694
7 0.167661994921875 0.23536184305555558 0.02198190859375 0.051513158333333364
7 0.16516405078125002 0.16875 0.03097450625 0.06039473611111112
0 0.324033295703125 0.40055921319444443 0.02497944140624999 0.04796052638888892
0 0.28806290039062504 0.3934539486111111 0.05495476953125 0.06927631388888887
0 0.2161221109375 0.40588816041666664 0.11290707343750002 0.14388157916666663
0 0.148677619921875 0.3863486861111112 0.05395559140624999 0.05861842222222222
0 0.07833552109375 0.4414144743055556 0.1566710421875 0.2646710541666667
0 0.44493378945312506 0.40322368680555554 0.020982730468749988 0.02486842083333332
0 0.4709124078125 0.3987828951388889 0.01698602031249994 0.02664473750000001
0 0.48090418437500004 0.41476973819444446 0.022981085937500013 0.030197368055555607
0 0.49589184921875 0.4316447402777778 0.03497121718749998 0.056842105555555536
0 0.431944480078125 0.41565789722222224 0.016986019531250028 0.06750000000000003
0 0.380986421484375 0.4254276340277777 0.09492187578124996 0.15098684305555557
0 0.580821947265625 0.4351973708333333 0.15087582265624996 0.20605263333333332