1 0.3396585765625 0.29109354375 0.08833001718750003 0.11249992361111111
0 0.781308662890625 0.25124981944444447 0.019775377343749945 0.023437483333333335
0 0.38843783945312504 0.26999980763888887 0.11469718671874998 0.09843743194444442
0 0.45040068710937503 0.3028122847222222 0.23334944921875 0.1546873944444445
0 0.099058155078125 0.3145310263888889 0.17402331640625002 0.1453124
0 0.9408300378906251 0.2688279333333333 0.06459956484375003 0.07734369722222224
1 0.8485449445312501 0.2664841847222222 0.12524405312500003 0.11484367499999999
0 0.18475145703125 0.316874775 0.26367169375 0.1546873944444445
0 0.71736827734375 0.2875779201388889 0.1529295828125 0.1101561736111111
0 0.986313405078125 0.2512498180555556 0.026367169531249957 0.08906243611111112
7 0.476108677734375 0.03304684861111111 0.034277321093749966 0.06609369722222222
7 0.50115748828125 0.03304684861111111 0.013183584375000024 0.06609369722222222