7 0.538071525390625 0.2828904236111111 0.013183585156250021 0.025781233333333337
7 0.38514194296875 0.27351542916666666 0.015820301562499983 0.035156224999999985
7 0.33240760546875 0.22781233541666665 0.015820301562499983 0.04218746805555556
7 0.5631203375 0.27703105208333334 0.015820303125000025 0.018749990277777802
0 0.369321641796875 0.33445288819444446 0.03955075390624998 0.0914061875
0 0.544004138671875 0.3426560076388889 0.022412094531250037 0.07499994861111112
0 0.5644386949218749 0.34499975624999996 0.036914036718749973 0.10312492916666664
0 0.5934425808593751 0.3496872527777778 0.07382807421875004 0.14062490277777778
0 0.6606788632812499 0.3836716041666667 0.150292865625 0.17109363333333336
0 0.313291406640625 0.33679663680555555 0.08569330078125001 0.1804686263888889
0 0.223643030078125 0.34148413263888894 0.17797839140625 0.2648435680555556
0 0.108855208984375 0.4082809625 0.21771041796875 0.5812495972222222
0 0.8379980769531251 0.47156216874999995 0.32299782421875 0.30468729027777774
0 0.9731298195312501 0.6274214375 0.052734337499999916 0.18046862777777778
0 0.463584272265625 0.39187472361111114 0.17534167734375 0.2578123222222222