0 0.390686209375 0.46034344027777774 0.014345882812499999 0.017002527777777804
0 0.43802762265625006 0.46714445 0.017215059374999963 0.03740556111111112
0 0.44615695625 0.4713950833333333 0.018171451562499996 0.04250631944444439
0 0.51453899765625 0.4951986222222222 0.057383531249999994 0.09691440833333331
0 0.5193209585937499 0.5130512763888889 0.04208125625000001 0.09861466111111107
0 0.5547074695312499 0.5173019083333332 0.06886023749999995 0.15472300277777776
0 0.6466805230468751 0.5316123777777777 0.17820775390624996 0.25843842222222224
0 0.37028318046875 0.46955315208333337 0.02582258906249999 0.03570530972222225
0 0.31194325703125003 0.47635416250000007 0.02773537343750001 0.04590682500000006
0 0.23957624296875002 0.5001577027777777 0.014345882812499999 0.06971036388888889
0 0.26061687109375004 0.4678528986111111 0.03729929531249998 0.03570530833333328
0 0.416508798046875 0.4653025194444445 0.03538651171875 0.030604550000000015
0 0.81220410703125 0.6328340861111111 0.37203656093750004 0.44206572222222223
1 0.12015872070312499 0.40670045902777774 0.23814165546875002 0.6733000986111111
0 0.33917253203125003 0.48066145555555556 0.04686321718749999 0.06971036388888889
0 0.4641690117187499 0.47663753333333336 0.034430118750000016 0.05440808888888892
6 0.258863483203125 0.31794726944444446 0.007651138281249992 0.040806066666666675
6 0.41618999843750004 0.3468515666666667 0.006694745312499961 0.03740556111111116
6 0.507047256640625 0.42024581250000004 0.006694746093749959 0.015302274999999968
6 0.24738677617187502 0.4210959388888889 0.007651138281249992 0.013602022222222211
6 0.26747101328125 0.3176638986111111 0.0076511375000000385 0.035705308333333366
6 0.42336293984375006 0.3448679430555555 0.005738353124999929 0.02890429722222222
7 0.249618360546875 0.4029599083333333 0.011476705468749992 0.011901769444444455