7 0.04295225 0.6482756701388889 0.017411806249999995 0.01855042083333337
7 0.9528862957031251 0.5445917215277777 0.03616070546874983 0.016530606944444453
7 0.671142752734375 0.5914284472222222 0.010331630468750052 0.014693874999999995
7 0.670626171484375 0.60612231875 0.013431119531250068 0.011020404166666649
6 0.63818482578125 0.5510202895833334 0.0051658140624999405 0.018367343055555572
6 0.65781492421875 0.5501019222222223 0.0051658140624999405 0.01653060833333334
6 0.690876142578125 0.5381631513888889 0.007232141406249948 0.022040811111111145
6 0.724453939453125 0.5326529472222222 0.006198977343749945 0.018367341666666686
6 0.766813626171875 0.5767345722222222 0.008265303906250044 0.025714280555555528
6 0.682094255078125 0.5813264090277778 0.006198977343750034 0.023877545833333378
0 0.6103927316406249 0.6334896777777778 0.02892856484374997 0.01285714166666665
0 0.4786644421875 0.6399182472222222 0.04442601093750005 0.018367341666666686
0 0.9125412609375001 0.6111733409722222 0.02892856562499997 0.020204076388888836
0 0.885162440625 0.6185202777777778 0.03409438125000008 0.01653061111111111
0 0.8350540312500001 0.6176019090277778 0.039260195312500024 0.029387748611111104
0 0.7043589066406251 0.6350508868055555 0.03822703203125002 0.023877545833333378
1 0.343010131640625 0.6437753736111111 0.08265304296875002 0.02755101388888895
1 0.6528557226562499 0.6226529291666667 0.0692219234375 0.02938774999999999
1 0.915175844921875 0.6052039541666667 0.043392847656249955 0.02755101388888887
1 0.536029777734375 0.6231180965277778 0.06253680703124997 0.0370588486111111