0 0.3285458484375 0.5109182680555555 0.008265304687499997 0.012857138888888958
0 0.31924738046875 0.5090815354166667 0.014464282812499984 0.016530609722222225
0 0.299100701953125 0.5049182756944445 0.015497446093749988 0.027551015277777757
0 0.289285653125 0.5030815430555555 0.016530609374999995 0.034897950000000025
0 0.275337952734375 0.5049182777777778 0.02582907578125 0.038571419444444484
0 0.25777418046875 0.5085917458333333 0.019630096874999968 0.04224488888888895
0 0.24692596796875002 0.5104284798611111 0.02272958749999998 0.04224489027777775
0 0.438577712890625 0.5012448069444444 0.01343111953124998 0.0202040777777778
0 0.4478761808593751 0.5085917465277777 0.02169642421875002 0.04591835694444445
0 0.46853944140625003 0.5186937840277778 0.05475764218750001 0.0881632458333333
0 0.5005674964843749 0.5280611125 0.07335457578125001 0.09918365277777781
0 0.21799740390625 0.5130611333333334 0.045459174999999984 0.055102030555555515
0 0.36005732265625 0.4986733638888889 0.017563771875000002 0.034897950000000025
0 0.397767772265625 0.5436733541666666 0.09711732734374996 0.15061221388888887
0 0.765902561328125 0.6279387520833334 0.3171810554687499 0.2883672847222223
7 0.748526626171875 0.3149999333333333 0.024795913281250036 0.08081631111111112
7 0.45587028242187505 0.4538570479166667 0.011364792968749971 0.016530606944444453
7 0.28746470546875 0.4180407277777778 0.011364793750000013 0.03306121944444445
7 0.056381183593749995 0.491457625 0.0103316296875 0.022040811111111065
7 0.27172188125 0.5276019277777777 0.014464282812499984 0.0771428388888889
7 0.8291707289062501 0.4746236104166667 0.030994892187499977 0.07897957361111112
7 0.662314896875 0.47768484375 0.04855866249999998 0.04959182638888882