7 0.53098361328125 0.2571486416666667 0.03672914374999996 0.04570737777777778
7 0.489204213671875 0.2644944673611111 0.019282800781249953 0.031015720833333343
7 0.69305095859375 0.317547675 0.06703068593749997 0.04570737777777778
6 0.706824387890625 0.4261027006944444 0.013773428906250018 0.06366384861111109
6 0.8542000765625002 0.3877411479166667 0.02020102968750006 0.06529625416666664
6 0.8734828757812501 0.46854526527777773 0.014691657812499948 0.034280533333333335
6 0.71922047421875 0.4946637673611111 0.027546857812500037 0.017956470833333387
7 0.718761359375 0.46201563958333336 0.03948382812499993 0.024486095833333287
7 0.29750606132812496 0.564812607638889 0.015609885156250013 0.04244256805555556
6 0.4687556921875 0.27097945902777776 0.02203748593750001 0.0848851291666667
0 0.49361345156249997 0.5939627270833333 0.014691657812500036 0.016324062500000024
0 0.47800356679687506 0.6006089493055555 0.011018744531250046 0.017956470833333387
0 0.46193456601562505 0.6006089493055555 0.017446342968750007 0.017956470833333387
1 0.43851973789062504 0.5989765423611112 0.018364572656250022 0.017956470833333307
0 0.46033859335937494 0.60045348125 0.01652811328124999 0.02122128472222218
0 0.44059667812500003 0.6118803270833333 0.02479217187499998 0.021221281944444413
0 0.398817277734375 0.6214235618055556 0.03489268671875005 0.03804775416666668
0 0.32947712031250004 0.6472908618055555 0.04223851562500003 0.040810159722222274
0 0.23260400429687497 0.6766741763888888 0.12947023046875 0.1420193555555555
0 0.5416018218750001 0.5865780243055556 0.021119257812499993 0.02938331249999998
0 0.5264510519531249 0.5890266340277778 0.007345828906249974 0.014691656944444433
0 0.5494067671874999 0.5890266340277778 0.020201029687499972 0.031015720833333343
0 0.5595072808593751 0.5849456194444445 0.031219772656250023 0.04897219166666665
0 0.578637044921875 0.5935157534722222 0.04805395703124997 0.05577389305555553
6 0.9157213910156251 0.10125383125000001 0.03672914296874996 0.12569529027777776