0 0.10576665078125 0.5961491541666667 0.20958368593750004 0.24261884166666658
0 0.25101302031249995 0.5614893194444444 0.11015328593749998 0.1490372888888889
0 0.329972455859375 0.5571568402777778 0.07311058828125003 0.10571249722222223
0 0.401620832421875 0.5372274347222222 0.07213578046875005 0.09011556944444447
0 0.443537569921875 0.532028461111111 0.025345003906249986 0.0623877027777778
0 0.464008534765625 0.5294289722222222 0.021445772656249938 0.0537227444444444
0 0.48155507578125 0.5242299986111111 0.013647309375000027 0.046790777777777806
0 0.492765366015625 0.5242299972222223 0.014622117968749926 0.0329268416666667
0 0.5020260406249999 0.5233635013888889 0.007798462500000003 0.027727866666666597
0 0.509337099609375 0.5198975173611111 0.014622117968750015 0.031193851388888857
0 0.5220096015625 0.5198975173611111 0.008773270312499993 0.031193851388888857
0 0.529808064453125 0.5207640131944444 0.0048740398437500335 0.02946085972222221
0 0.71063491953125 0.5588898326388889 0.08383347499999996 0.10224651250000005
0 0.668230778515625 0.5354944430555556 0.049715200781250066 0.07971761944444443
0 0.643860582421875 0.5328949555555555 0.02047096484375004 0.05372274444444448
0 0.6384991390625 0.5216305104166666 0.025345004687499985 0.058921720833333385
0 0.624364425 0.5216305090277777 0.012672501562500039 0.038125818055555524
0 0.614616346875 0.5181645263888889 0.016571732812499997 0.02772786944444445
0 0.598532017578125 0.5155650388888888 0.015596925781250003 0.02599487777777772
0 0.56928778203125 0.4930361444444445 0.011697693750000049 0.01906290833333336
0 0.5502790289062499 0.4999681131944444 0.010722885937499971 0.015596926388888871
1 0.749627233984375 0.4982351215277779 0.033143467968749986 0.05025675972222222
6 0.535656911328125 0.4601093027777778 0.004874039843749944 0.015596927777777757