6 0.58323929453125 0.19042093333333332 0.015595368750000027 0.05240606388888889
6 0.2707320984375 0.2911135513888889 0.00959715000000001 0.03199050000000001
6 0.60423306015625 0.3604263020833333 0.009597151562499916 0.02132700138888891
6 0.2797294265625 0.2921799 0.005998218749999973 0.02985779999999999
6 0.569443391796875 0.1962084 0.009597150781250008 0.051184799999999996
6 0.594036090234375 0.1940757 0.005998219531250015 0.046919399999999986
6 0.7877785558593751 0.1386255 0.019194300781250017 0.06398100000000001
6 0.845361455859375 0.26978655069444446 0.023992875781249978 0.0319905013888889
6 0.8039737468749999 0.27191925069444445 0.017994656249999963 0.0362559013888889
7 0.09678375390625 0.3252367506944444 0.011996437500000002 0.027725098611111124
7 0.09378464375 0.2932462513888889 0.015595367187499987 0.036255900000000015
7 0.8021742796875 0.23139794930555557 0.011996437500000035 0.02345970138888889
7 0.82016893671875 0.20687190069444444 0.01439572499999997 0.012796201388888899
7 0.82856644296875 0.1876776 0.031190737500000055 0.02132699999999998
0 0.46267509765625 0.4233409506944445 0.00959715000000001 0.027725101388888854
0 0.4692731378906251 0.42440730000000004 0.010796792968749979 0.02985779999999999
0 0.47647100117187496 0.4233409506944445 0.010796792968749979 0.027725101388888854
0 0.48666797226562497 0.42440730000000004 0.009597150781250008 0.02985779999999999
0 0.50406280703125 0.4276063513888889 0.029991093749999996 0.040521300000000024
0 0.7056029578125 0.3977485513888889 0.07797684374999996 0.06611369999999997
0 0.7565878183593749 0.39241680208333335 0.10316936484374999 0.05545020138888882
0 0.8675548656250001 0.38495235138888884 0.07317826874999991 0.0533175
0 0.943074671484375 0.4052130027777778 0.11385065703125008 0.07677720277777778
0 0.9724659429687499 0.3614926506944444 0.05506811406250005 0.04905209861111114
2 0.73979280546875 0.3689571013888889 0.24712661406249997 0.1236966
0 0.42248703203124993 0.42654000208333337 0.08037613124999998 0.06398100138888883
2 0.10366657304687499 0.4273328701388889 0.13978876171875 0.12637626249999998
0 0.27493085039062504 0.49265370208333337 0.26032269453124995 0.3625590013888888
1 0.016084329296874998 0.42891545208333337 0.032168658593749996 0.11957642916666668