7 0.085295686328125 0.29027611458333336 0.028269427343749997 0.02252889027777777
7 0.080421647265625 0.3214699645833333 0.04776558515625 0.025994876388888876
0 0.42355400976562496 0.46184229583333336 0.12380059609375005 0.12650839444444448
0 0.7871573359375 0.4181809722222222 0.09260674687499995 0.11543738333333332
0 0.47326920859375 0.4349809236111112 0.06141289531250003 0.09358155277777777
0 0.513236331640625 0.42544946944444445 0.028269427343750042 0.06758667500000004
0 0.532245084375 0.40725305416666663 0.03119385156249992 0.055455736111111126
0 0.5556404726562499 0.3977216 0.019496157812500046 0.03985880833333337
0 0.5717248007812501 0.3959886090277777 0.012672501562499949 0.03639282638888888
0 0.7301310765625001 0.39945459513888887 0.056538854687499994 0.09184856250000005
0 0.700399437109375 0.4011875847222222 0.024370196093749998 0.07451864444444449
0 0.6823654917968749 0.40205407986111114 0.017546541406249984 0.06238770138888891
0 0.65117164140625 0.39078963333333333 0.04289154531249997 0.02599487500000003
0 0.6019438453125 0.39165613125 0.030219042187500024 0.020795901388888892