6 0.149373789453125 0.4690317340277777 0.00900444921875001 0.033794476388888876
6 0.339467712109375 0.4681424048611111 0.015007414843750011 0.021343876388888895
6 0.09084487226562502 0.47525702986111107 0.00400197578125 0.021343876388888895
6 0.041320402734375 0.5410673256944444 0.009004449218749998 0.014229251388888918
7 0.068333750390625 0.4921542694444445 0.023011369531250003 0.016007908333333317
7 0.263930390625 0.4494665111111112 0.016007909374999983 0.023122533333333292
7 0.34096845273437504 0.43079061597222224 0.01600790703124999 0.01422925138888884
7 0.345470678125 0.40944673819444444 0.015007414062500012 0.010671937500000044
7 0.34997290234375 0.38632420486111113 0.014006920312500037 0.017786568055555563
7 0.7271592628906249 0.317845925 0.02601285234375004 0.03023716111111112
7 0.8222062234374998 0.16843877291666667 0.030014829687499932 0.0409091013888889
0 0.127362916015625 0.5606325479166667 0.05302619921875 0.0498023847222222
0 0.18639208046875 0.5535179208333333 0.017008403125000005 0.024901191666666656
0 0.073336221875 0.5757511284722222 0.035017301562500006 0.03735178749999998
0 0.0274135390625 0.5873123958333333 0.054827078125 0.05335969722222218
0 0.26993335703125 0.5401779972222223 0.030014829687500022 0.03379447499999999
1 0.502548285546875 0.49926889583333334 0.08104004140625003 0.0942688
0 0.6741330640625 0.4681424055555556 0.03001483125000002 0.046245072222222204
0 0.784187439453125 0.43256927361111114 0.03601779609375004 0.05335969722222218
0 0.836713391015625 0.42812263263888894 0.023011369531250027 0.05158104027777778
0 0.8532215472656249 0.41656136388888887 0.02401186328125 0.06403163611111111
0 0.8977435445312499 0.42723330416666666 0.09504695937500003 0.09249014166666664
0 0.6984498214843751 0.4375804111111111 0.012672502343750036 0.015596925000000065
0 0.7150215550781249 0.4375804111111111 0.014622117968750015 0.01906290833333336