0 0.4558992046875 0.68174630625 0.07321009062500003 0.11228737361111117
0 0.07298172109375 0.6874882743055556 0.1442669421875 0.20033088194444448
0 0.2962634859375 0.6626181715277778 0.0515365546875 0.07105266805555553
0 0.33307531015625 0.6635530756944444 0.0199835609375 0.057964018055555594
0 0.34990357421875 0.6513993291666667 0.038915357812499975 0.06357343611111112
0 0.37935303398437503 0.66372305 0.022087094531249997 0.03926595000000006
0 0.39302599687499995 0.6618532402777778 0.017880028124999958 0.03926594722222221
6 0.48768497539062494 0.6216523902777777 0.011569430468750053 0.022437686111111077
6 0.49767675703125 0.6216523902777777 0.010517664062500032 0.022437686111111077
0 0.512210250390625 0.6637814798611111 0.023138861718750015 0.020567873611111055
0 0.5458667777343751 0.6665861916666667 0.03576005703125 0.029916911111111152