7 0.9168067789062502 0.5150451361111111 0.03606789062499995 0.06585368611111109
7 0.9172941832031251 0.4223300784722222 0.07213578046875 0.11957642916666668
0 0.555640472265625 0.6094931847222222 0.011697694531249959 0.036392825
0 0.57221220546875 0.6042942097222223 0.02924423593749994 0.057188727777777774
0 0.58098547578125 0.6120926729166666 0.027294620312499962 0.04852377083333334
0 0.5848847078125 0.6198911354166666 0.01949615781249996 0.05025675972222222
0 0.599506825390625 0.6190246388888888 0.03314346640624999 0.06585368611111109
0 0.624364425 0.62855609375 0.05166481562499996 0.08145061250000005
0 0.657020487890625 0.6406870354166667 0.06238770234375002 0.10917847916666672
0 0.498614212890625 0.6094931847222222 0.018521349218749972 0.036392825
0 0.4835046921875 0.6068936986111112 0.019496157812500046 0.05198975277777775
0 0.46449593867187494 0.5999617305555556 0.03021904296875002 0.0831836027777778
0 0.4435375703125001 0.6094931847222222 0.04094192812499999 0.10571249444444446
0 0.3865113109375 0.6034277138888889 0.10040520781250004 0.15596925555555557
0 0.33874572617187504 0.6276895979166667 0.13549828984375 0.17329917361111108
0 0.5298080640625 0.6138256645833333 0.034118274999999976 0.051989754166666714
0 0.7340303078125 0.6528179777777778 0.14622117656249997 0.20276003333333337
0 0.16181810195312502 0.6259566069444444 0.32363620390625003 0.23222089166666662