0 0.8817136968749999 0.6316754847222221 0.18033945156249995 0.16116823055555557
0 0.49617719335937505 0.6186780465277778 0.015596925781250003 0.027727868055555563
0 0.515673350390625 0.6160785583333332 0.01754654140625007 0.022528891666666655
0 0.566850762109375 0.6117460784722222 0.02047096484374995 0.02772786527777779
0 0.55125383671875 0.612612575 0.008773270312499993 0.022528891666666655
0 0.68675212734375 0.6091465916666667 0.047765584375 0.06412069444444445
0 0.659944911328125 0.6152120624999999 0.01949615703125005 0.0589217194444445
0 0.648734621484375 0.6160785590277779 0.02242058046874993 0.04679077638888892
6 0.5317576796875001 0.5718872694444445 0.006823654687500014 0.013863933333333339
6 0.5317576796875001 0.5571568402777778 0.008773270312499993 0.008664958333333316
6 0.5337072960937499 0.5918166743055555 0.006823656250000009 0.015596926388888871
0 0.438663530859375 0.6195445423611111 0.03119385078125001 0.0329268430555555
0 0.450848628515625 0.6056806076388889 0.024370196093749998 0.03639282638888888