6 0.44588008515625005 0.28898085069444446 0.00959715000000001 0.0362559013888889
6 0.1861572125 0.1855449 0.015595368750000005 0.0597156
6 0.204751691015625 0.1962084013888889 0.011996438281249988 0.05971560277777777
6 0.4572767011718749 0.2943126013888889 0.00839750703125004 0.0383886
7 0.48066975390625 0.3081751513888889 0.03359002499999999 0.023459700000000003
7 0.127374668359375 0.1642179 0.09477185703125 0.0383886
7 0.5118604921875001 0.3646917006944444 0.023992876562499977 0.021327001388888867
6 0.605432705078125 0.3668244013888889 0.02159358984375004 0.03412319999999999
6 0.185557390234375 0.40414665069444444 0.011996438281250011 0.023459698611111118
6 0.19875347109375002 0.40734570138888887 0.007197862500000008 0.02132700000000006
0 0.40689166289062495 0.46386225138888887 0.010796792968749979 0.01066350000000003
0 0.39069647265625 0.45853050138888896 0.01199643749999999 0.012796200000000053
0 0.37210199453125004 0.4627959013888888 0.015595368749999982 0.02132699999999998
0 0.387097541796875 0.46706130138888885 0.011996438281249988 0.012796199999999973
0 0.42248703203125004 0.455331451388889 0.017994656249999963 0.01919430000000004
0 0.43508329140625 0.455331451388889 0.011996437500000035 0.014928899999999995
1 0.7517892421875001 0.44999970138888884 0.13675938750000008 0.08957340000000005
0 0.46447456328125 0.47985750138888883 0.07317826875 0.08957340000000005
0 0.300723191015625 0.46386225138888887 0.13196081328125003 0.21113730000000003