0 0.39690244492187504 0.5283733888888889 0.010839103906250046 0.013602011111111128
0 0.3831941671875 0.5300736416666666 0.011476696875000015 0.01700251666666672
0 0.37076107890625 0.5306403930555555 0.014664668750000009 0.020403016666666614
0 0.35641520781249997 0.5340408951388889 0.015302262499999974 0.022670018055555612
0 0.34366332265625 0.5340408951388889 0.01530226250000002 0.022670018055555612
0 0.329955044921875 0.5368746479166666 0.01593985546875003 0.037405531944444445
0 0.295843752734375 0.5431089027777778 0.05355791953124998 0.0476070361111111
0 0.24032749726562502 0.5487764076388889 0.061846644531249995 0.07707806250000004
0 0.18581318749999998 0.5606781673611111 0.07013537031249999 0.09408057638888892
0 0.09814397460937499 0.5759804298611111 0.14345871171875 0.12015109861111116
0 0.43534027539062503 0.5299117027777778 0.008288725781250061 0.012468513888888881
0 0.45000494296875004 0.52707795 0.009563915625000075 0.02267001944444442
0 0.454149305078125 0.5316119527777777 0.010201507031249956 0.020403016666666614
0 0.46817637890624997 0.5310452034722223 0.021678204687500015 0.039672531944444485
0 0.470089162109375 0.5401132097222222 0.010201508593750042 0.032871527777777805
0 0.48475383085937496 0.542380211111111 0.019127828906249977 0.05100754166666669
0 0.5147207609375 0.5389797083333333 0.04718197499999999 0.0691435555555555
0 0.52364708125 0.5463474645833334 0.042081221875000005 0.0725440597222222
0 0.5644531148437499 0.5503147180555555 0.07651131250000001 0.10768258888888885
0 0.61960501875 0.5741182375 0.1141293734375 0.13035260555555558
0 0.7576771796875 0.6110703569444444 0.20147979062500002 0.21423167499999998
0 0.898830813671875 0.6280657805555555 0.20084219609375004 0.3978588277777778
6 0.39700869843750003 0.5011963270833333 0.003825565625000005 0.012468509722222226