6 0.393334965625 0.5094995680555556 0.006823654687500014 0.01386393611111111
6 0.450361225 0.4999681131944444 0.007798462500000003 0.015596926388888871
0 0.41429333437500004 0.5424264104166666 0.009748078124999981 0.017329918055555518
0 0.43866353046875 0.5363609388888889 0.007798462500000003 0.01906290833333336
0 0.45523526406250003 0.5337614520833334 0.011697693750000049 0.03812581805555561
0 0.47229440117187504 0.5285624770833334 0.02047096484374995 0.04505778750000004
0 0.42745324023437503 0.5398269229166667 0.01852134921875006 0.0329268430555555
0 0.395771985546875 0.5424264104166667 0.017546541406250026 0.02426188472222219
0 0.37725063632812506 0.54329290625 0.011697694531250002 0.019062909722222247
0 0.360191498828125 0.5415599145833333 0.024370196093749998 0.0329268430555555
0 0.554178260546875 0.5216305090277777 0.032168658593749996 0.034659834722222234
0 0.508362291796875 0.5337614513888889 0.07116097265625002 0.10051351944444444
1 0.6136415390625001 0.5588898319444444 0.1257502125 0.1784981472222222
0 0.9577487085937498 0.46964075694444446 0.08285866718749997 0.0693196666666667
1 0.8120149359375001 0.6039476166666667 0.37237659843750004 0.40032108888888895
0 0.327535436328125 0.54849188125 0.02729461953125001 0.0329268430555555
0 0.21250811015624999 0.5528243611111111 0.05069000781249997 0.07278565277777777
0 0.27099658125000003 0.5294289729166667 0.07798462812499998 0.12304241249999998
0 0.11697694140624999 0.5770862444444445 0.089682321875 0.09704753611111114