7 0.12038876601562501 0.4466786138888889 0.022420575781250007 0.012130938888888842
7 0.20909628320312498 0.4293487020833333 0.05556404453124999 0.019062915277777787
7 0.14085973359374998 0.5054452013888889 0.03996712031250001 0.05403302222222221
7 0.686264723828125 0.4943358916666667 0.033143471093749974 0.013863933333333339
7 0.64834278203125 0.48393793888888886 0.021636901562499932 0.006931969444444519
7 0.44110055 0.5523911138888888 0.01072288593750006 0.0051989750000000215
7 0.32363620546875 0.5220637569444444 0.013647307812500032 0.006931966666666669
7 0.32266139726562504 0.5402601729166666 0.009748077343750028 0.019062906944444395
7 0.33094726171875 0.5567235951388889 0.008773271875000033 0.013863937499999994
7 0.321199183984375 0.6026478694444445 0.004874041406249985 0.022528891666666655
6 0.30121562343749997 0.41548476874999996 0.031193851562500007 0.05025675972222222
6 0.457672282421875 0.4068198069444444 0.03411827265624998 0.060654711111111065
7 0.3026778375 0.55065811875 0.006823657812500006 0.019062904166666703
6 0.937034041796875 0.5151317930555556 0.02339539140625 0.031193852777777822
2 0.16425512265625 0.5861844541666668 0.04581596718750001 0.10397950833333335
0 0.224693208984375 0.6199777881944445 0.07895943984375 0.05372274027777782
0 0.451823435546875 0.6043808694444445 0.03606788984375005 0.03985881111111114
0 0.5726996078125 0.6130458236111112 0.04581596718749994 0.03292684444444447
0 0.6540960640625 0.5983153958333334 0.03899231562500001 0.03812581666666664
0 0.066286934375 0.7932769590277778 0.13257386875 0.40898604027777785
0 0.8863440332031249 0.6840984847222222 0.22420580234375 0.18369712500000002
0 0.516973103125 0.6131902423611111 0.031193853124999914 0.03639282361111111
0 0.49273386328125 0.60758890625 0.026382817187499973 0.03950819305555555
6 0.654380984375 0.45543458333333336 0.012292048437499935 0.04370506944444443
6 0.047595035546875 0.5550466131944445 0.01170070078125 0.022881373611111085
7 0.729642976171875 0.5302206229166667 0.014350397656250014 0.012755909722222233
7 0.6672934917968749 0.48259855902777776 0.009566932031250008 0.02338583750000001
7 0.7773132078125 0.4443308340277778 0.021525598437500015 0.04464568194444449
7 0.0659719640625 0.5042127305555556 0.008371065625000007 0.023385833333333356