0 0.03040617421875 0.5821352999999999 0.059253057812499996 0.5793632277777778
0 0.23038524218749998 0.5869864256944445 0.22531754687500002 0.2481005180555556
0 0.9227104367187501 0.6923251951388889 0.1520308703125 0.3118581958333334
0 0.685308385546875 0.59668868125 0.14657335234374996 0.15107797083333332
0 0.621377455078125 0.5613447527777778 0.11538753203125003 0.15246400833333335
0 0.4861089625 0.5585726805555555 0.04288050156250005 0.08316218333333336
0 0.4276355519531251 0.5620377694444444 0.03976191953125001 0.0457392027777778
2 0.35902674765625 0.5357030791666666 0.070947740625 0.1316734611111111
0 0.519243896484375 0.5488704256944444 0.01091503671874996 0.02217658472222226
0 0.45258420703124996 0.5488704243055555 0.02105042812500004 0.027720729166666697
1 0.5453620199218749 0.5488704243055555 0.04288050234374996 0.06652974861111108
7 0.6135809999999999 0.4726384215277778 0.021830073437500007 0.008316218055555503
6 0.41477140000000007 0.5086753680555556 0.004677871875000061 0.011088291666666647
6 0.540294324609375 0.5052102777777777 0.003118582031250039 0.012474327777777777