6 0.173469241796875 0.14634127430555555 0.021491764843749993 0.06925916527777777
0 0.560092583984375 0.6719490243055556 0.01716101328124999 0.019830506944444437
0 0.593985585546875 0.6719490243055556 0.031747875781250025 0.0289830402777778
0 0.621443209765625 0.6734744479166667 0.01801906640624997 0.022881354166666687
0 0.6489008296875 0.6727117409722223 0.02316736562499999 0.027457626388888833
0 0.692661415625 0.6734744465277778 0.06435380312500003 0.0503389708333334
0 0.8031756617187501 0.6902541069444446 0.16182299531250005 0.15101692222222224
0 0.97074644921875 0.6647577506944444 0.054915245312500006 0.0655932097222222
0 0.943641238671875 0.6765252951388889 0.04633473671874988 0.039661006944444445
0 0.91489654296875 0.6818642763888889 0.05234109062499996 0.041186430555555535
0 0.8642715503906251 0.7123727472222223 0.07808261015625 0.07474575000000007
0 0.13321236953124999 0.6811015659722222 0.02145126718750001 0.009152543055555561