6 0.513681893359375 0.33164039791666666 0.009228508593750018 0.04453121805555556
6 0.361411491015625 0.3374997680555556 0.010546867968749974 0.06562495555555554
0 0.429966130859375 0.6536714277777778 0.015820302343749936 0.021093736111111067
0 0.396347990234375 0.6574214229166666 0.00659179296875001 0.02109373472222218
0 0.41348665 0.6515620520833333 0.011865225000000024 0.018749987499999954
0 0.38514194296875 0.6644526680555556 0.015820301562499983 0.025781233333333296
0 0.361411490625 0.6679682916666667 0.0263671703125 0.02343748611111107
0 0.300107821875 0.67968703125 0.05405269687500001 0.07031245138888885
0 0.443149715625 0.6679682916666667 0.013183584375000024 0.042187472222222216
0 0.45633330117187504 0.6714839118055556 0.015820302343750026 0.03515622638888887
0 0.475449498046875 0.6773432854166667 0.025048810156249955 0.03281247916666672
0 0.49126979960937495 0.6773432833333334 0.01713866015625003 0.05156246388888882
0 0.509726818359375 0.6878901520833334 0.019775377343750032 0.058593709722222165
0 0.6395851273437501 0.7171870062499999 0.26367169375 0.18749987083333333
7 0.677158344140625 0.51679651875 0.03295896171874997 0.02578123194444441
7 0.691001107421875 0.4757809229166666 0.036914036718749973 0.03281247638888887
7 0.5209328656250001 0.5554683687499999 0.013183584375000024 0.03281247916666664
7 0.518296148828125 0.5226558902777777 0.015820302343750026 0.01874998888888884
6 0.4253518769531251 0.6128902034722222 0.003955075781250006 0.02109373472222218
6 0.33768103867187504 0.6292964423611112 0.005273435156249962 0.02578123194444449
6 0.38711948085937503 0.6363276875 0.006591792968749966 0.025781233333333375
6 0.303403718359375 0.6281245680555555 0.00527343359375001 0.018749986111111148
6 0.41612336796875005 0.6269526930555556 0.0039550750000000075 0.025781230555555604
6 0.6811134195312499 0.5601558652777778 0.01450194218749994 0.042187472222222216