6 0.331922086328125 0.2787367159722222 0.02574154296875002 0.024961495833333323
6 0.42845287499999996 0.24753484305555556 0.01287077187500003 0.029121744444444413
6 0.540779612890625 0.21009259861111113 0.017551052343749964 0.045762744444444475
6 0.3915956640625 0.33698020833333336 0.007020420312499986 0.016640997222222214
6 0.408561681640625 0.33802027083333336 0.005850350781249958 0.018721122222222223
6 0.4196773484375001 0.3432205826388889 0.011700701562500004 0.012480748611111083
7 0.37930992890625 0.34010039513888884 0.008190490625000013 0.01872112361111111
7 0.153486385546875 0.2787367138888889 0.017551052343750005 0.016640997222222214
6 0.6437457859375 0.31617896041666665 0.00819049218750001 0.0166409986111111
0 0.43664336718749996 0.35778145486111107 0.010530631249999978 0.01664099583333337
0 0.444248821484375 0.35986157986111117 0.009360560156249953 0.0166409986111111
0 0.45360938359374997 0.36922214166666667 0.014040842187499968 0.022881372222222276
0 0.4383984703125 0.35154108125 0.00936056093750004 0.012480748611111083
0 0.43137805117187505 0.35154108125 0.011700703906249998 0.012480748611111083
0 0.418507277734375 0.3546612694444444 0.014040841406249971 0.014560874999999977
0 0.39510587499999994 0.35154108194444444 0.01638098281249998 0.02080125
0 0.40680657578124996 0.35570133125000003 0.009360560937499951 0.012480748611111123
0 0.47350057539062507 0.35154108194444444 0.016380982031250026 0.024961494444444395
0 0.48461624296874994 0.3681820791666667 0.01755105312500005 0.024961497222222247
0 0.37872489218750005 0.35778145486111107 0.014040840625000018 0.01664099583333337
0 0.362928945703125 0.3577814555555555 0.015210913281249993 0.02080124722222219
0 0.34420782265625 0.35050101805555556 0.022231332812500025 0.01872112222222226
0 0.318466280859375 0.3609016416666667 0.012870772656250029 0.01872112222222226
0 0.30267033203125 0.3650618923611111 0.014040842187499968 0.018721123611111067
0 0.29740501640624994 0.3421805215277778 0.012870771874999987 0.01456087361111109
0 0.289799559765625 0.34426064444444443 0.009360561718749993 0.014560872222222207
0 0.277513823046875 0.34530070625000003 0.015210911718749998 0.016640995833333328
0 0.26873829765624996 0.35778145486111107 0.0210612625 0.01664099583333337
0 0.286874386328125 0.36402182777777775 0.012870772656249984 0.02080124722222219
0 0.23567862578124998 0.3655670694444445 0.040377801562499996 0.026804127777777766
0 0.33835747226562496 0.3671420173611111 0.02457147421874999 0.022881373611111085
0 0.262887946484375 0.37546251597222224 0.030421825781249988 0.03536212083333336
0 0.19209870078125 0.3796227652777778 0.05265315781250002 0.04784286944444444
0 0.46882029492187505 0.37234232708333337 0.021061263281249954 0.03744224583333329
0 0.5238135933593749 0.37962276597222216 0.02808168359374994 0.031201873611111115
0 0.427282805078125 0.3650618923611111 0.01287077265624994 0.018721123611111067
0 0.410316787109375 0.36610195347222224 0.018721122656249988 0.016640995833333328
0 0.0300439828125 0.3785827013888889 0.04680280625 0.04992299444444445
0 0.5232285578125 0.6188371104166667 0.0035102109374999914 0.06032361805555553