0 0.48816986250000005 0.48979614027777785 0.013775517187499985 0.015306130555555578
0 0.47783822578125007 0.4859696076388889 0.006887759374999991 0.032142870833333365
0 0.470089496875 0.48367368749999995 0.008609698437500058 0.03673471111111116
0 0.458896890625 0.4852043 0.01721939531249994 0.05204084166666666
0 0.42704100859375 0.5132655527777777 0.048214307812500044 0.14387761666666674
0 0.332334333984375 0.5308676 0.14636486171875002 0.21581642222222225
0 0.531074865234375 0.4864798270833333 0.0077487289062499794 0.016836743055555558
0 0.5491552296875 0.49107166458333334 0.03185588125000001 0.05969390416666664
0 0.586607415234375 0.50331656875 0.06371176328125001 0.10255106805555556
0 0.6193242664062499 0.5293369881944444 0.08781891718750004 0.12091842083333333
0 0.7410366953125 0.55714310625 0.20921565468750006 0.2938776819444444
0 0.1731984171875 0.6321431423611111 0.3452488796875 0.34285729583333335
0 0.86154375859375 0.6214288506944444 0.2720664484374999 0.48673491249999995
0 0.5092636222656249 0.49107166458333334 0.014636486718749975 0.019897968055555597
0 0.037452185546875 0.47959206944444444 0.07490437109375 0.061224519444444465