6 0.356734287109375 0.39445864305555556 0.009563921093749973 0.03910581388888896
6 0.5327104484375 0.43951534444444446 0.007651137499999993 0.030604550000000015
6 0.40335840468749995 0.48627229375000003 0.004781960937499985 0.015302273611111082
6 0.186974673046875 0.4650191340277778 0.014345883593749997 0.023803540277777795
6 0.211362673046875 0.43271433125000003 0.009563921093749973 0.027204045833333388
6 0.312740247265625 0.4225128152777778 0.011476707031249988 0.030604549999999935
6 0.539405194921875 0.43781509166666666 0.005738352343749931 0.027204044444444502
6 0.482499859375 0.4811715354166667 0.006694745312499961 0.015302273611111082
7 0.27735373515625 0.4042350993055556 0.03634290312499999 0.015302273611111082
7 0.8734251664062501 0.3829819395833334 0.045906824999999964 0.09181365138888889
0 0.40837946484375004 0.5164517826388889 0.017215059374999963 0.015302273611111162
0 0.4117268375 0.5377049416666667 0.020084235937500063 0.03400505555555561
0 0.420334367578125 0.5283535520833333 0.01052031484375 0.018702781944444444
0 0.391642601171875 0.5394051951388888 0.029648157031249945 0.05780859583333332
0 0.479152487890625 0.5300538048611111 0.011476707031249945 0.018702781944444444
0 0.5580548421875 0.5436558256944445 0.020084235937500063 0.0527078347222222
0 0.24770557734374998 0.5606583534722223 0.019127843749999984 0.06290935416666667
1 0.08798808124999999 0.5488416034722222 0.143458828125 0.19382881527777773
2 0.6164375421875 0.4718017694444444 0.16763576406250005 0.210017975
0 0.4944547617187499 0.53090393125 0.017215059374999963 0.023803540277777795
0 0.445678760546875 0.5547074694444444 0.05547074765625002 0.08501263888888885
0 0.524581115625 0.5334543090277778 0.04686321718749999 0.08331238472222222
0 0.35673428749999997 0.5474813958333333 0.0535579625 0.08161213611111112
0 0.2960033828125 0.5568327854166667 0.060252709375000005 0.07311087083333329
0 0.14058965195312498 0.6030230194444444 0.21423184921875 0.23463488333333335
0 0.6980069082031249 0.6548807305555556 0.26874620546875 0.2839422138888889
0 0.009563921875 0.6030230208333333 0.01912784375 0.12241819999999998
0 0.9398147433593749 0.6463794659722222 0.11859263203124985 0.2635391791666667
7 0.19462581015625 0.39403358194444443 0.012433098437500002 0.02380353888888891