0 0.495527173046875 0.40468734930555555 0.007382810156249952 0.020624993055555603
0 0.5060740441406251 0.4112498465277778 0.011601558593750028 0.03374998750000005
0 0.5155662277343749 0.4149998451388889 0.015820307031250015 0.044999984722222226
0 0.549316216015625 0.4159373451388889 0.03902342421874998 0.07312497361111106
0 0.5635544933593749 0.4328123388888888 0.042187486718750035 0.08437496944444445
0 0.588339640625 0.44406233402777784 0.04324217187499997 0.12187495694444447
0 0.43980453359375 0.40562484930555553 0.006328123437500022 0.029999990277777833
0 0.42978500625000005 0.4093748472222222 0.01792968124999996 0.04499998333333334
0 0.41396469960937504 0.41124984583333335 0.01792968203125005 0.071249975
0 0.38291926015625 0.41196886458333337 0.048379945312500006 0.08106193472222216
0 0.24996084999999998 0.4674998256944444 0.13710932656250002 0.21374992638888887
0 0.46300765078125006 0.4093748465277778 0.014765618749999997 0.022499990277777788
0 0.48515607929687493 0.4084373479166667 0.016874994531249944 0.020624993055555527
0 0.6771091378906251 0.4571873305555556 0.17296868984375005 0.21937492222222224
0 0.12708979921875002 0.5387498013888888 0.25417959843750004 0.31124989166666667
0 0.9001754660156251 0.5612497944444444 0.19722649296874994 0.4312498499999999