7 0.6409034859375 0.316874775 0.031640603124999965 0.06093745833333332
0 0.4161233671874999 0.4317184458333333 0.03032224531249996 0.0515624638888889
0 0.522910402734375 0.4106247111111111 0.017138658593749946 0.028124980555555606
0 0.539389883984375 0.4188278305555555 0.02373045234374995 0.04453121944444444
0 0.6072853457031251 0.41062471250000004 0.01713866015625003 0.05624996111111113
0 0.6336525148437501 0.41062471041666665 0.04614254531249999 0.07031245138888885
0 0.6264015429687501 0.42585907500000003 0.015820301562499937 0.025781233333333375
0 0.768784257421875 0.42703095069444447 0.14501943203124998 0.11249992361111115
0 0.11158256093749999 0.4141403333333334 0.117333903125 0.04921871666666667
0 0.19453085429687497 0.4338039819444444 0.03010566484374999 0.042703902777777754
0 0.25528363359375 0.4668746715277778 0.1278807703125 0.15937489027777774
0 0.477427035546875 0.4035934659722222 0.013183583593749937 0.02343748194444441
0 0.499839130078125 0.40828096180555556 0.02373045234375004 0.01874998750000003
0 0.46490263046875 0.41062471111111115 0.019775376562500037 0.03281247777777775
0 0.57630392109375 0.4258590756944445 0.06328120625000003 0.0914061875
0 0.383823584375 0.44109343958333336 0.052734337500000006 0.06562495416666671
0 0.1081960296875 0.5395308722222222 0.216392059375 0.24374983333333336