6 0.34605678515625 0.5008346090277779 0.00584884687499998 0.02426188472222219
6 0.41429333437500004 0.5120990548611111 0.005848846875000024 0.019062909722222167
6 0.42160439375000003 0.5320284597222222 0.004874040625000031 0.013863933333333339
6 0.386511311328125 0.5302954680555555 0.010722885156250018 0.01386393333333326
7 0.6102297117187501 0.41938399930555553 0.023395389062500004 0.013863937499999994
0 0.6477598136718751 0.6308089888888889 0.22907984453124994 0.24261884166666667
0 0.5376065269531249 0.6152120638888888 0.05166481640624996 0.12130942222222221
0 0.52932066015625 0.5970156479166667 0.08188385937499998 0.12997437916666665
0 0.491790558203125 0.5952826583333334 0.01852134921875006 0.07451864444444449
0 0.484966903125 0.5831517152777778 0.04191673749999998 0.07798462777777779
0 0.4654707464843749 0.5848847069444444 0.02047096484374995 0.04332479444444443
0 0.45572266757812496 0.5701542791666666 0.016571732031249998 0.03812581666666664
0 0.4459745890624999 0.5623558138888889 0.008773271874999988 0.03639282500000007
0 0.438663530859375 0.5649553034722222 0.009748077343749984 0.02426188472222219
0 0.4323272796875 0.5623558152777778 0.006823654687499925 0.01906290833333328
0 0.032656062890625 0.6290759965277778 0.06336251015625 0.14210532083333333
0 0.137935309765625 0.60308111875 0.11015328515624997 0.11437745416666666
0 0.19739858867187499 0.5987486423611111 0.032168658593749976 0.06758667638888893
0 0.239802730859375 0.59528265625 0.04679077890625001 0.06412069305555555
0 0.269046965625 0.591816675 0.02729461875000001 0.053722741666666705
0 0.29390456445312496 0.5874841965277778 0.02631981171875002 0.04505778472222228
0 0.31291331796875 0.5857512048611111 0.013647309375000027 0.0415918013888889
0 0.356292267578125 0.57188726875 0.018521349218749972 0.02772786527777779
0 0.37481361679687497 0.56928778125 0.018521349218750018 0.025994873611111143
0 0.39967121679687495 0.5675547909722222 0.023395388281249964 0.02252889305555554
0 0.419167373828125 0.5675547902777778 0.007798464843749997 0.01906290833333336
7 0.8571093644531249 0.3778094465277778 0.021952308593750126 0.013829431944444477
0 0.32704803242187497 0.5788192361111112 0.012672502343749992 0.03812581666666664
0 0.34069534140625 0.5788192361111112 0.010722885937499971 0.03812581666666664