0 0.0503453015625 0.5604577486111111 0.0887036265625 0.10015784722222223
0 0.09050167382812499 0.5737766131944445 0.057537486718749996 0.07991317916666665
0 0.22026069414062502 0.5673835569444444 0.04015637265624998 0.043685869444444435
0 0.15613036953124998 0.5580070916666666 0.09170037031249997 0.11187844722222222
0 0.2673095765625 0.5585398451388889 0.037159626562500006 0.044751379166666695
0 0.39179432812500004 0.5622691277777778 0.08450818593750005 0.13105761111111114
2 0.297576693359375 0.5391475680555555 0.03536158046875002 0.07245461388888882
1 0.21396753203125002 0.5338200243055556 0.05154400000000001 0.06606155972222222
1 0.25202618203125005 0.5439423583333334 0.026970696875 0.06499604722222227
1 0.33443664609375 0.5375493055555556 0.038358325000000006 0.07778215833333332
0 0.013785022656250001 0.5801696666666667 0.027570045312500003 0.09269928611111114
6 0.21007176484375 0.4576361291666667 0.005394139062499992 0.022375688888888905
6 0.34912069218749997 0.4581688826388889 0.005394139062499992 0.021310181944444492
7 0.15643004375 0.46988948125 0.027570045312500003 0.01278610694444448
7 0.48457352734375 0.3382991180555556 0.019778510937500028 0.0415548527777778
7 0.496260830859375 0.3899763041666667 0.019179163281249956 0.05540646944444442
7 0.47648231875 0.3905090611111111 0.014384371875000034 0.05434096111111112