0 0.37618093750000003 0.27969158125 0.017215059375000008 0.015302273611111082
0 0.37092078046875 0.3040618756944445 0.029648157812499985 0.04930733194444442
0 0.347489172265625 0.29301023472222226 0.021040628906250004 0.030604549999999973
0 0.32453575898437503 0.29045985486111114 0.028691763281250005 0.04250632083333331
0 0.28771465976562494 0.30661225625 0.07172941328125 0.08501263750000002
0 0.4971645484375 0.2981109923611111 0.00860752812500003 0.013602023611111097
0 0.49142619609375 0.29556061180555554 0.012433098437499979 0.018702779166666676
6 0.05690533515625 0.1586902576388889 0.016258667187500003 0.04080606805555556
6 0.4719795453125 0.037972309027777776 0.018171451562499996 0.07594461805555555
7 0.65050610625 0.2448363993055556 0.018171451562499996 0.04760707638888889
7 0.9092101929687499 0.3785896277777778 0.026778979687500027 0.054408088888888886
6 0.820280196875 0.2413827638888889 0.018171451562499996 0.039105813888888875
6 0.79828317578125 0.2388323826388889 0.010520314062500003 0.04760707638888889
6 0.40135320742187497 0.20249996180555555 0.012870760156249971 0.04423727916666667
6 0.37990194062500005 0.19944911458333334 0.012870760937500014 0.04118643194444442