1 0.556615280078125 0.40205407916666663 0.11502732578125005 0.16290122222222223
1 0.6823654933593749 0.4107190381944444 0.029244236718750028 0.06585368472222221
0 0.742316174609375 0.42025049375 0.03021904296875002 0.0329268430555555
0 0.88268850390625 0.42284997986111106 0.06531212499999998 0.0415918013888889
0 0.97144101328125 0.4422345673611111 0.05370442187500011 0.05134640416666664
6 0.9367903406250001 0.38645715486111115 0.00974807812500007 0.017329918055555598
6 0.9309414929687498 0.33793338680555557 0.013647309375000027 0.02426188472222219
6 0.8485702300781248 0.32580244444444445 0.014622117968749926 0.020795899999999968
6 0.7228200171875 0.3292684270833333 0.014622117187500016 0.020795898611111082
6 0.56733816640625 0.02252889236111111 0.027294620312500052 0.03812581805555556
6 0.371401789453125 0.31280500694444446 0.023395388281250006 0.03639282777777776
7 0.15109521679687501 0.2902761138888889 0.04874039296875001 0.07451864444444445
7 0.39382236953125 0.22702191597222224 0.03509308281249997 0.09011557083333335