6 0.869041194921875 0.1992940486111111 0.024370196093749998 0.09011556944444445
6 0.622902214453125 0.12997438055555555 0.021445772656249938 0.08318360555555557
6 0.193011953515625 0.34486535347222225 0.015596925781249982 0.034659834722222234
6 0.15353223515625 0.20709251041666665 0.016571732812499997 0.032926843055555544
6 0.190574933984375 0.21402447777777778 0.012672502343749992 0.029460858333333326
6 0.15401963867187501 0.27814517222222224 0.015596925781250003 0.06412069444444445
6 0.737442135546875 0.2634147423611111 0.014622117968750015 0.07625163472222225
7 0.16961656484375 0.319736975 0.031193851562500007 0.022528891666666655
7 0.765711563671875 0.22788841180555555 0.032168658593749996 0.019062909722222247
7 0.7613249281250001 0.2720797013888889 0.02339538750000001 0.06585368611111113
0 0.39382236953125005 0.4601093041666666 0.05458923906250002 0.06758667777777774
0 0.559539703515625 0.4401798986111111 0.04874039296874999 0.06585368611111117
0 0.421116990234375 0.4497113520833333 0.025345003906249986 0.05025675972222222
0 0.440125742578125 0.4375804104166666 0.018521349218749972 0.03985880972222217
0 0.454747859765625 0.4306484430555555 0.014622116406250019 0.043324794444444516
0 0.466445555078125 0.4263159645833333 0.014622117968750015 0.027727868055555563