6 0.142321944921875 0.07971761944444444 0.019496157031250006 0.08318360277777777
6 0.167666948828125 0.08318360277777778 0.019496157031250006 0.0762516361111111
7 0.11892655703124999 0.13603985069444444 0.07993424375 0.039858809722222235
6 0.07311058945312501 0.3188704770833333 0.025345003906249997 0.0554557347222222
6 0.711122323828125 0.11697694166666667 0.022420580468750017 0.06412069444444445
6 0.9314288968749999 0.28594363472222223 0.01072288593750006 0.031193850000000013
6 0.9635975558593749 0.2850771395833333 0.018521349218749882 0.039858809722222215
7 0.8110401281249999 0.12910788402777776 0.07798462812500002 0.039858809722222235
7 0.8607553277343751 0.27987816249999997 0.017546541406249894 0.053722744444444435
7 0.9577487093750001 0.1871631076388889 0.032168659375 0.020795901388888913
7 0.9426391875 0.23048789999999997 0.03704269687499995 0.024261886111111113
7 0.5692877828125 0.3249359493055556 0.015596925000000006 0.00866495694444447
7 0.43281468320312494 0.3275354368055555 0.01949615703124996 0.010397951388888889
7 0.463033726171875 0.35353031319444445 0.00974807890624998 0.01039795138888885
7 0.53760652734375 0.3517973208333333 0.010722887500000056 0.006931966666666669
6 0.5507664328124999 0.3188704784722222 0.007798462500000003 0.020795898611111124
6 0.45572266757812496 0.3171374847222222 0.00877327109374999 0.02079590000000001
7 0.40941929492187495 0.3439988576388889 0.011697692968750052 0.008664959722222242
6 0.404057852734375 0.3613287743055556 0.00877327109374999 0.008664956944444432
6 0.52542142890625 0.34746484097222224 0.005848846875000024 0.015596926388888911
6 0.476681036328125 0.3431323611111111 0.005848847656250022 0.017329916666666674
0 0.4464619933593751 0.38125818124999994 0.015596925781250003 0.020795901388888892
0 0.43281468398437506 0.3829911729166667 0.011697692968750052 0.02426188472222227
0 0.42355400859375003 0.38472416388888886 0.012672501562500039 0.027727866666666677
0 0.4147807390625 0.38992313819444446 0.012672501562500039 0.031193851388888857
0 0.40162083203125 0.3907896326388889 0.019496156249999962 0.02946085972222221
0 0.38504909921874997 0.3933891215277778 0.019496156250000007 0.038125818055555524
0 0.37481361640625 0.4003210881944445 0.020470965624999993 0.038125818055555524
0 0.3616537109375 0.40378707222222227 0.02339538750000001 0.04505778611111108
0 0.32607322421875 0.40465356875 0.051664815625000006 0.06412069583333332
0 0.2734336 0.4167845104166667 0.08090905156249999 0.09184855972222224
0 0.20123093671875 0.43768153611111116 0.090966734375 0.10244876111111118
0 0.622414809765625 0.39165613055555554 0.032168658593749996 0.04159180000000002
1 0.598532018359375 0.3769257006944444 0.03119385078125001 0.05718872638888889
0 0.8441835945312501 0.4124520298611111 0.11112809375000002 0.1109114680555556
0 0.68236549140625 0.4202504951388889 0.14232194531250003 0.1992940486111111