7 0.7223326136718751 0.26948021319444443 0.025345003906249986 0.032926843055555544
7 0.23492869101562502 0.23655337013888886 0.021445772656249983 0.032926843055555544
7 0.657020487890625 0.32060346944444446 0.017546541406249984 0.017329916666666674
6 0.308526683203125 0.29200910625 0.010722886718749968 0.02946085972222221
7 0.30267783632812495 0.3240694527777778 0.01462211796874997 0.010397950000000005
6 0.3007282203125 0.35266381597222224 0.010722885937499971 0.02252889305555554
6 0.5288332566406251 0.2868101298611111 0.016571733593749992 0.03292684027777777
6 0.5585648960937499 0.246084825 0.009748079687499977 0.03465983333333335
0 0.6984498222656249 0.42458297222222224 0.04971520078124998 0.06585368333333332
0 0.24711378867187497 0.4523108409722222 0.15694406328125 0.21142499027777775
0 0.453285648046875 0.4193839979166667 0.06433731796875 0.10051352083333333
0 0.580498071875 0.48957016319444446 0.22907984375000004 0.3448653541666667
6 0.23395388320312502 0.3240694520833333 0.013647310156249981 0.02772786527777779
6 0.22225618906250003 0.32320295625 0.0116976953125 0.02946085694444444
7 0.631188080078125 0.2764121798611111 0.014622117968750015 0.02252889027777777
7 0.630700676171875 0.3041400479166667 0.013647310156250026 0.03639282638888892