7 0.671035240234375 0.2236134097222222 0.022231332031249985 0.03952236944444441
7 0.665301903125 0.2756165277777778 0.014040840625000061 0.04784286944444444
7 0.685778132421875 0.27873671736111105 0.017551052343749964 0.06656399305555555
7 0.9833269613281249 0.48778925 0.016380982031249935 0.04368261944444451
0 0.386269397265625 0.4959611611111111 0.031591896093750016 0.12064723333333328
0 0.34049041796875 0.46282775486111105 0.011700701562500004 0.02704162083333333
0 0.349265944921875 0.46386781527777776 0.00819049140625001 0.02080124722222223
0 0.356871401953125 0.4607476298611111 0.007020422656249981 0.018721118055555527
0 0.33288496210937496 0.47946875138888884 0.02925175546875001 0.08112486388888895
0 0.138761671484375 0.5137908111111111 0.09923924765625 0.11648698611111104
0 0.601416066015625 0.45554731736111115 0.042122527343749994 0.05824349305555556
0 0.6382732757812499 0.4493069451388889 0.047972876562500044 0.06656399305555559
0 0.7002869949218751 0.44306656875000006 0.03393203671874998 0.07904473750000002
0 0.8288776992187501 0.43682619375 0.08424505156250009 0.09984598472222217
0 0.91721799765625 0.43578613402777777 0.10647638593749989 0.11024661249999994
0 0.93944933125 0.3785827013888889 0.07137428125000014 0.04992299444444445
0 0.9605105933593752 0.42164129513888887 0.07605456015624998 0.14103246249999996
0 0.490917352734375 0.5362644472222222 0.22245997265625003 0.3385420444444444
0 0.049155411328125 0.5080496993055555 0.09684826953125 0.12559189861111114
1 0.2540514671875 0.4949210951388889 0.14859891249999999 0.18513109583333337