7 0.25174326640625 0.47973981250000003 0.042888259375 0.04709299166666672
7 0.2782330734375 0.4898311666666667 0.01765987187500002 0.022425236111111167
7 0.27697165351562497 0.5128971256944445 0.02270554921875001 0.022425234722222204
7 0.353918237109375 0.47973980972222224 0.012614194531250034 0.020182708333333386
7 0.3532875265625 0.5032863041666666 0.01639845156249997 0.02691028055555549
7 0.40942068828125 0.4651634083333333 0.01765987187500002 0.0224252333333334
7 0.40752856015625005 0.4842248569444444 0.01135277343750003 0.015697663888888828
7 0.40689785078125 0.5010437826388889 0.010091354687500064 0.022425237499999973
7 0.43338765820312497 0.46067836319444444 0.0075685164062500474 0.022425234722222204
7 0.5734052082031249 0.4831035979166666 0.030274064843750014 0.022425234722222204
0 0.458525943359375 0.48289003124999996 0.011352775781250024 0.013455140277777784
0 0.473662976171875 0.4750411993055555 0.013875613281249954 0.020182709722222192
0 0.47303226640625 0.4851325541666667 0.015137032812500006 0.01794018611111107
0 0.46483303984374996 0.4929337902777778 0.016398451562500062 0.020087519444444504
0 0.5197047832031251 0.47803123680555554 0.022705547656250057 0.020182712499999964
0 0.49132284765625 0.4769099736111111 0.013875614062500041 0.01794018611111107
0 0.49069213828125 0.4850381368055556 0.015137032812500006 0.019246379166666668
7 0.53042684765625 0.47466745069444444 0.01135277343749994 0.008970093055555534
7 0.546194590234375 0.46831362916666663 0.015137032031250008 0.021677736111111144
0 0.101544259765625 0.4970926861111111 0.011352774218749995 0.01794018611111115
0 0.17029161679687502 0.4948501618055556 0.02270554921874999 0.013455137500000013
0 0.18669006757812498 0.49372889791666663 0.015137032031249987 0.01569766250000002
0 0.20182710078125 0.49260763750000003 0.020182709375000017 0.013455141666666668
0 0.11289703437499998 0.49559765902777775 0.016398451562499992 0.013455140277777784
0 0.1879514875 0.5367106083333334 0.017659871875 0.01794018611111115
0 0.15263174531249998 0.5423169166666666 0.017659871875 0.020182711111111078
0 0.087037936328125 0.5468019631944445 0.025228386718750006 0.020182709722222192
0 0.025859096874999998 0.5524082736111111 0.0290126453125 0.0224252333333334
0 0.29580284414062497 0.5292355243055555 0.011352774218749983 0.016445159722222196
0 0.2907571671875 0.53521558125 0.013875614062500041 0.017940187500000034
0 0.269943747265625 0.5329730583333333 0.010091355468750018 0.013455141666666668
0 0.229578326953125 0.5441856756944444 0.015137032031250008 0.022425234722222204
7 0.3046327796875 0.5060627763888889 0.018921290624999986 0.03139532777777774
0 0.24597677890625 0.5266192527777778 0.010091354687499976 0.01121261666666666
6 0.47416914804687504 0.4463714020833333 0.006756932031249985 0.012012323611111084
6 0.48950218554687497 0.44359932430555554 0.005197639843749968 0.013860373611111183
6 0.536021065234375 0.43805517777777775 0.006756932031250074 0.015708422222222237
7 0.483784783203125 0.44821945208333336 0.00623716796874998 0.012012323611111084