7 0.48228266875000003 0.4077654888888889 0.022705548437500056 0.03812289444444446
7 0.41795028046875 0.4470096486111111 0.010091354687500064 0.02242523333333332
6 0.336588730859375 0.4604647888888889 0.011352774218750028 0.02242523333333332
0 0.26973350468749996 0.4866275638888889 0.03153548593750002 0.040365419444444384
0 0.22936808437499998 0.48550630277777773 0.01892129062500003 0.06054813055555562
0 0.20540111484375 0.492233875 0.041626839062499976 0.07400327500000006
0 0.1808034375 0.4967189194444444 0.04036542031250001 0.0784883166666667
0 0.39209118398437504 0.48887008749999994 0.026489808593749987 0.03139532777777774
0 0.41416602343750003 0.5034464902777778 0.03784258281250001 0.05606308611111106
0 0.44065582968749994 0.5146591055555555 0.020182710937500035 0.08297336388888886
0 0.4677763457031251 0.5135378437499999 0.03910400078125002 0.08970093194444446
0 0.4948968625 0.5225079368055555 0.04793393593750004 0.10764111805555561
0 0.5258016375000001 0.5180228895833333 0.06685522656250002 0.1435214930555556
0 0.57436628359375 0.5269929840277778 0.10091355000000002 0.1704317736111111
0 0.662034930078125 0.5494182180555556 0.19804284140624998 0.22425233333333333
0 0.84431003046875 0.6088450868055555 0.3077863281249999 0.35656121250000006
0 0.10541861835937501 0.5058492048611112 0.08073083828125 0.11661121250000003
0 0.155875393359375 0.5024854194444444 0.027751224218750002 0.0829733583333334