7 0.28789121289062497 0.36292007986111113 0.030797366406250016 0.05944380694444445
7 0.291850874609375 0.3238123125 0.015838646093749985 0.01877172777777775
7 0.38688274921875 0.4278389736111111 0.012318946875000014 0.03597914722222224
7 0.409760792578125 0.45208578958333334 0.01055909765624996 0.025028970833333376
7 0.453757030859375 0.409849401388889 0.01055909765624996 0.01877173055555556
7 0.44319793398437496 0.4614716541666667 0.010559097656250049 0.01877173055555548
7 0.564187588671875 0.45677872152777776 0.013198871093749976 0.02815759305555553
7 0.6851772441406251 0.45677872013888887 0.008799247656250042 0.031286212499999994
7 0.76789017109375 0.43566052708333336 0.01583864531249999 0.02659328194444449
7 0.76877009609375 0.4606894986111111 0.012318946874999969 0.014078797222222288
7 0.554948378515625 0.4669467409722223 0.012318946093749972 0.023464659722222257
7 0.534270146484375 0.4567787222222222 0.009679172656250045 0.01877173055555556
6 0.47405946601562493 0.4489571680555555 0.00791932265624995 0.014078797222222208
6 0.480658901953125 0.4505214791666666 0.008799247656249953 0.017207419444444445
6 0.502657020703125 0.44973932361111113 0.010559097656250049 0.01251448611111109
0 0.5023490484375 0.48884709027777784 0.011439021875000056 0.017207416666666673
0 0.50850852265625 0.49119355625000005 0.009679171875000048 0.012514484722222205
0 0.51642784453125 0.49197571250000005 0.016718570312499993 0.020336038888888908
0 0.56966329296875 0.4997972652777778 0.03343714062500007 0.029721902777777764
0 0.62773832734375 0.49666864375 0.02287804375000002 0.03285052361111111
0 0.673054452734375 0.5146582173611112 0.05191556171875007 0.04692932083333332
0 0.753567575 0.5256083916666666 0.08095307812500004 0.05631518611111106
0 0.927704693359375 0.5381228777777778 0.14166788671874997 0.11575899166666667