6 0.192196626171875 0.3749999534722222 0.010546872656250006 0.04999999305555553
6 0.39170832109375003 0.4023437006944444 0.00878906093749996 0.03906249583333334
6 0.4193938640625 0.5265624333333333 0.006152342187500004 0.01562499722222223
6 0.356112621484375 0.49765618819444446 0.007910153906250005 0.010937498611111115
6 0.178573581640625 0.37265620347222217 0.009667967968750002 0.045312493055555535
6 0.38247980546875004 0.40624994999999997 0.007910154687499959 0.03749999722222223
6 0.501758759375 0.48705077916666667 0.01896159374999993 0.024101675
7 0.083212265625 0.3804687034722223 0.079101553125 0.029687495833333265
7 0.44268487734375006 0.4281249472222222 0.04746093124999993 0.018749997222222228
7 0.505087212890625 0.4265624472222222 0.02988280859375001 0.01562499722222223
7 0.48838799609374994 0.4624999423611111 0.022851559375000007 0.015624998611111114
7 0.5771575160156249 0.44687494513888887 0.019335935156250005 0.05624999305555557
7 0.576718062890625 0.5484374319444445 0.014941403906250006 0.06562499166666669
7 0.33765559296875003 0.4984374381944444 0.016699217187500004 0.012499998611111115
7 0.458505187890625 0.5085936868055556 0.010546872656249918 0.010937498611111115
7 0.448837219140625 0.5156249361111112 0.012304685156249917 0.02499999722222223
7 0.013041683203125001 0.44140619513888885 0.026083366406250003 0.017187498611111116
0 0.023554673828125 0.5796874270833333 0.04570311953125 0.0749999902777778
2 0.18527340390625 0.5374999326388888 0.15117185625000001 0.18124997638888887
0 0.36457025625 0.55234368125 0.02812499687500001 0.051562493055555575
0 0.29557612421875 0.5453124319444445 0.12392576562499999 0.0718749916666667
0 0.40983392187499995 0.5765624291666667 0.08173827187499998 0.08437498888888892
0 0.44938469882812504 0.6015624256944444 0.060644524218750016 0.09687499027777773
0 0.49157219296875 0.6374999208333334 0.12041014218750004 0.1562499805555556
0 0.254267535546875 0.7453124069444446 0.34013667578124995 0.37499995277777776
0 0.631757722265625 0.7007811618055555 0.22148434609374998 0.24218746805555547
6 0.491303154296875 0.5146985423611111 0.007798463281250001 0.02426188472222219
2 0.40113342851562506 0.5216305097222222 0.02047096484374995 0.02079590000000001