0 0.2984764578125 0.41343735555555555 0.02320311718750001 0.04124998611111113
0 0.28423818203125 0.41156235625000004 0.02636717812499998 0.044999984722222226
0 0.265253812890625 0.4162498541666666 0.02847655234374997 0.046874983333333294
0 0.24046866640625 0.4199998527777778 0.04218748593750003 0.05062498055555559
0 0.21146476953125 0.42281235069444445 0.02425780312500001 0.06374997916666669
0 0.1640038484375 0.4256248493055556 0.028476551562500018 0.06937497638888893
0 0.110214805078125 0.4303123493055555 0.09597652890625 0.08999996805555557
0 0.44824203046874994 0.40781235763888884 0.016874993750000032 0.018749993055555494
0 0.46564436796875003 0.4190623534722222 0.022148429687500037 0.03749998750000003
0 0.5210154425781249 0.41343735555555555 0.037968736718749965 0.04874998333333333
0 0.42609360078125 0.40968735694444447 0.03585936249999992 0.0637499777777778
0 0.64177711953125 0.48937482916666664 0.3195702015625 0.18937493333333338
6 0.42134750937500004 0.16874994027777776 0.01160155781250003 0.05062498055555557
6 0.42345688359375 0.35624987430555555 0.007382809375000044 0.01687499305555554
6 0.46406233750000003 0.3571873756944445 0.008437496875000061 0.018749995833333345
0 0.4877927984375 0.4124998555555555 0.02636717968750002 0.05437498055555557
6 0.44982406132812497 0.37687486875 0.007382810156249952 0.01687499305555554
6 0.579023234765625 0.1818749361111111 0.012656246093749957 0.05812498055555554
6 0.7192966234375 0.3243748861111111 0.012656245312499958 0.028124988888888876
6 0.6934567875000001 0.32343738680555556 0.00949218437499999 0.02624999027777777
6 0.41396469960937504 0.3412498798611111 0.005273435156250006 0.02437499027777778