7 0.7424170875 0.2840622965277778 0.01054686718750002 0.03281247638888887
7 0.744394625390625 0.26062481319444447 0.014501942968750025 0.014062490277777803
7 0.6507911746093751 0.2160935944444444 0.01713866015625003 0.023437483333333335
7 0.64024430703125 0.2875779201388889 0.01186522656250002 0.021093734722222222
7 0.607944524609375 0.20437485208333336 0.015820302343750026 0.014062490277777763
7 0.603989449609375 0.2500779444444445 0.03164060234375006 0.021093736111111108
0 0.6806916378906249 0.3595832055555555 0.08221302109374999 0.07135436944444448
0 0.7470313429687501 0.32859351597222225 0.07250971562500004 0.046874968055555556
0 0.8402473796875001 0.396577775 0.16138326406249998 0.11253103055555556
0 0.82876956796875 0.3274216423611111 0.03823239531249989 0.0351562236111111
0 0.34229529296875 0.31804664930555554 0.014501943749999979 0.021093734722222222
0 0.362729849609375 0.32507789444444446 0.01845701796874999 0.035156224999999985
0 0.383823584765625 0.32156227291666667 0.01845701796874999 0.02812498194444445
0 0.41150911210937496 0.3309372666666667 0.026367169531250047 0.042187472222222216
0 0.44578643242187505 0.3414841333333334 0.042187471093749984 0.05859371111111109