6 0.344779384765625 0.27884145625 0.014345883593749997 0.05780859583333332
6 0.8301484203125 0.3553528298611111 0.012433098437499979 0.05100758194444444
6 0.6379135890625001 0.40381003611111116 0.006694745312499961 0.025503791666666664
6 0.38781703203125 0.4471664798611111 0.004781960937499985 0.013602020833333325
6 0.40981405234375 0.4352647111111111 0.004781960937499985 0.01360202222222229
6 0.273528166015625 0.3834070013888889 0.011476707031249988 0.028904297222222257
7 0.34621397265625 0.23888551527777777 0.015302274999999987 0.02380353888888891
7 0.27448455781250003 0.3536525770833333 0.017215059375000008 0.02550379305555555
7 0.6905151609375 0.4760707791666667 0.020084235937499972 0.03230480277777777
7 0.30843648125 0.43016395208333336 0.018171451562499996 0.0459068236111111
0 0.39690275859375 0.48967280138888897 0.03634290312499999 0.05780859444444444
0 0.34286659960937504 0.5406803854166666 0.10233396484374997 0.1598237625
0 0.5666623726562501 0.5474813958333333 0.18649647656249996 0.24483640000000004
0 0.11954902304687501 0.4973239368055556 0.024866196093750004 0.022103287499999957
0 0.22236118281249997 0.4947735576388889 0.020084235937500017 0.020403034722222282