0 0.06432075273437501 0.5412472243055556 0.12708221484374999 0.3284906291666667
0 0.11460788671875 0.4546199479166667 0.22765648281249998 0.23562619305555554
0 0.23857152031249998 0.46501522083333335 0.05925305781249999 0.12058516944444438
0 0.25923212617187497 0.44283863888888886 0.07718490546874998 0.1094968777777778
0 0.288079009375 0.4310573277777777 0.03976192031250001 0.094250475
0 0.22960559648437498 0.3749228534722222 0.05847341171875002 0.03187883750000001
0 0.446736865234375 0.42066205486111113 0.031185819531249947 0.07623200416666667
0 0.46388906640625 0.4303643104166667 0.038982275000000045 0.0900923680555555
0 0.505600100390625 0.4386805277777778 0.07406632109375 0.11781309444444443
0 0.5675819164062499 0.4719454048611111 0.11850611406249997 0.1399896791666667
0 0.7488494929687499 0.5668888972222221 0.4997527578125001 0.5765911527777777
7 0.605394722265625 0.2688910666666666 0.016372553906249986 0.02494865555555559
7 0.5987677355468749 0.30284895902777775 0.01247432734374998 0.04573920138888887
6 0.49195630390625 0.2876025590277778 0.009355743749999946 0.02079054861111109
6 0.317705536328125 0.2917606673611111 0.007016808593750002 0.0180184736111111
7 0.2728759203125 0.26750502986111113 0.00779645468750001 0.027720729166666697
7 0.505989921875 0.32987666875 0.00779645468750001 0.0166324347222222
7 0.2736555671875 0.3402719416666667 0.007796456250000005 0.018018472222222214
0 0.363080913671875 0.38185303611111104 0.039761921093750006 0.04019505833333336
0 0.391537973828125 0.38393209166666664 0.01559290859375002 0.033264877777777715
0 0.379063646875 0.3652205979166666 0.014033618749999999 0.02079054583333332
0 0.404402125 0.37561587152777776 0.017931846874999956 0.02494865694444444
0 0.42701184453124996 0.37353681666666666 0.027287592187500032 0.03465091111111115