0 0.272422294140625 0.5076559034722223 0.03295896171874997 0.0374999736111111
0 0.35164555703125 0.5138283541666666 0.02519251875000004 0.027725100000000048
0 0.32705286015625 0.5116956548611111 0.0215935875 0.031990498611111126
0 0.41177771914062494 0.5171797520833333 0.03359002578124999 0.04265400138888885
0 0.449566496875 0.5214451513888889 0.025192518749999948 0.042654000000000046
0 0.52874298359375 0.5289096006944445 0.044386818749999966 0.07251179861111107
0 0.5937580816406249 0.5545020013888889 0.10483767734375 0.11943119999999996
7 0.476558481640625 0.47345940208333337 0.011996436718750036 0.02559240138888891
0 0.4843561660156251 0.5182461006944444 0.029991094531249995 0.031990498611111126
0 0.11531573789062502 0.4958527597222222 0.13316045703125 0.06611369999999997
0 0.38583540429687496 0.5075826097222222 0.014395727343750008 0.025592400000000026
0 0.3708398578125 0.5065162590277777 0.010796793750000023 0.031990498611111126