0 0.08121814453125001 0.40841854097222224 0.07059952031250001 0.06581635694444449
0 0.25341209921874996 0.38545934861111114 0.04993624687499998 0.03826532222222217
0 0.28311555625 0.3678573 0.04907527656249999 0.033673486111111116
0 0.306361740625 0.38163281597222226 0.038743640625 0.030612256944444423
0 0.32099822656250004 0.3709185222222222 0.01635842812499999 0.02448980555555554
0 0.369643019140625 0.3655613791666667 0.025829091406250004 0.02602041944444448
0 0.34467489492187503 0.3647960770833333 0.036160728906249995 0.036734712500000044
0 0.16085784960937502 0.37091852499999994 0.14206001328125 0.12244903333333335
0 0.455309512109375 0.36709199375 0.014636486718750064 0.03520409861111114
7 0.47080696679687506 0.3204082993055556 0.00947066640625005 0.015306129166666654
0 0.43421575117187494 0.36989812499999997 0.02927297265624995 0.042857161111111076