0 0.416235026953125 0.3674599506944445 0.03492313203124997 0.056310165277777775
0 0.09827207499999999 0.36312840208333336 0.055227282812499986 0.0534224708333333
0 0.29481622421875003 0.36096262500000004 0.0389839640625 0.023101608333333346
0 0.343140095703125 0.3616845493055556 0.02517714296875 0.010106954166666625
0 0.542932909375 0.3833423083333333 0.07228276562499998 0.10251338611111108
0 0.44669124921875003 0.3645722527777778 0.014618985937500018 0.018770058333333298
0 0.222127375 0.36312839930555557 0.02842580468750002 0.027433156944444467
0 0.247710602734375 0.36457225000000004 0.01949198359375002 0.024545455555555602
0 0.19898064648437502 0.3595187736111111 0.02598930703125002 0.034652408333333384
0 0.169336591796875 0.3595187736111111 0.03329880234375 0.034652408333333384
0 0.1376621203125 0.36601610416666674 0.03005013593750001 0.0389839666666667
0 0.38577880585937496 0.35446529930555554 0.011370322656249997 0.02165775972222228
0 0.43613309179687504 0.35879685 0.00812165859374998 0.015882355555555547
0 0.472274475390625 0.3652941756944445 0.033298802343749934 0.05486631527777782
0 0.49420295468750003 0.37611554861111113 0.036547465625 0.05921288333333337
0 0.06862801874999999 0.35518722291666666 0.039796128124999997 0.049090915277777786
0 0.030456221484375 0.37251342708333335 0.05603944609375 0.11839573750000001
7 0.13847428710937498 0.3414706430555555 0.01867981796875 0.010106952777777779
7 0.65623005390625 0.22885030416666668 0.017867651562499986 0.033208561111111125
7 0.6525753058593751 0.26639041736111113 0.01705548203124998 0.038983965277777775
0 0.916935309765625 0.5183423298611112 0.15918451796874997 0.3378610180555555