0 0.5306068796875 0.5517765243055556 0.025949885937499938 0.07769790138888884
0 0.5490449574218751 0.5517765222222222 0.03277880390624999 0.09226626111111114
0 0.57021460078125 0.5542045798611112 0.055997121875000035 0.09712237638888889
0 0.592750028515625 0.5736290597222222 0.07375230859375001 0.1262590944444445
0 0.6583076347656249 0.5954815972222223 0.13930991328125 0.1748202861111111
0 0.486218916796875 0.5384221972222223 0.07921544140624999 0.12383103333333333
0 0.345543217578125 0.5639168208333334 0.07375230390625002 0.11654685833333336
0 0.385150938671875 0.5699869694444445 0.01638939921875 0.031564774999999975
0 0.452757223046875 0.5991236861111111 0.15706509921875003 0.25009013333333335
0 0.130432322265625 0.6331165180555556 0.26086464453125 0.31079161944444444
2 0.8582583351562499 0.4052431270833334 0.2786198296875 0.8085438152777777