6 0.70577245234375 0.13499995138888887 0.015820306250000016 0.06749997499999999
6 0.5533701621093751 0.1687499409722222 0.014765619531249996 0.0637499763888889
6 0.1399328078125 0.16781244097222223 0.04429685937500001 0.05062498194444443
6 0.23590933515625 0.2109374277777778 0.03374998749999998 0.039374986111111135
6 0.57182718671875 0.26343740833333334 0.01371093124999998 0.05437498333333334
7 0.467940505078125 0.2906248979166667 0.037968736718749965 0.018749993055555532
7 0.491143622265625 0.30937489166666665 0.00843749765625006 0.01874999444444446
7 0.499581119140625 0.34406237916666665 0.01687499453125003 0.0393749861111111
0 0.113038285546875 0.5306248145833333 0.07699216171875 0.07124997638888889
7 0.029718001562499995 0.4471873430555555 0.028476553124999998 0.054374980555555494
7 0.245401519921875 0.41531235486111107 0.023203116406249967 0.058124979166666674
6 0.3260850859375 0.3993748604166667 0.017929681250000006 0.03374998750000005
0 0.368272571484375 0.48281233125 0.01792968203124996 0.0356249875
0 0.34665148437500004 0.49968732569444446 0.05484373124999999 0.054374981944444456
0 0.32239368046875 0.5043748236111111 0.027421865624999996 0.05624998055555552
0 0.18053826210937501 0.5174998180555556 0.05800779140624999 0.06749997500000002
0 0.240128084375 0.5240623159722222 0.080156221875 0.0993749652777778
0 0.5612803152343749 0.5531248048611112 0.28582021171875 0.40874985694444443