7 0.550559692578125 0.4906452263888888 0.018371977343749978 0.04354839166666669
7 0.723256287109375 0.32879036319444443 0.02572076953125002 0.02177419583333331
7 0.707333905078125 0.27653229375 0.03551915703124999 0.026129034722222222
6 0.32274716328124997 0.46161296319444445 0.003674395312500023 0.01741935416666662
6 0.45808740312499996 0.13826614791666667 0.022046373437499954 0.08927420694444442
6 0.482583371875 0.13717743819444445 0.017147179687500014 0.09145162638888887
6 0.7214190890625 0.4572581222222223 0.01959677656250003 0.03483871388888886
0 0.22843767499999998 0.5367339395833334 0.06246472656250002 0.06314516805555555
0 0.1157562078125 0.5421774895833333 0.118805459375 0.10451614305555555
0 0.13167858906250002 0.49754038749999996 0.12370465156249999 0.1589516361111111
0 0.027042576953125 0.5269355527777778 0.05372261328125 0.11758066111111118
0 0.40235906953124995 0.5879033027777778 0.37356355625 0.23516132222222227