7 0.24091500546875003 0.3741870291666667 0.022385214062500002 0.03673471111111116
6 0.24091500468750002 0.31129275 0.012053578124999964 0.05510206666666666
6 0.08852335625 0.29981315486111115 0.012053578124999997 0.04438777638888887
6 0.07517832382812499 0.30363968611111114 0.014636486718750008 0.045918388888888884
6 0.621033160546875 0.3074662173611111 0.007748727343749984 0.044387776388888904
6 0.43032835625 0.40083360625000003 0.008609698437500058 0.019897968055555517
6 0.63007334296875 0.3082315236111111 0.010331637500000036 0.04285716388888889
6 0.6137149171875 0.3082315236111111 0.006887759374999991 0.04285716388888889
7 0.6959375324218751 0.40848667152777773 0.019802305468749993 0.013775518055555599
7 0.8100160265625 0.3732825729166666 0.025829093749999997 0.02295919305555548
6 0.83067930078125 0.40695605763888887 0.018941335937499915 0.02908164583333333
6 0.7110045031250001 0.42838464097222223 0.01205357812500001 0.019897968055555597
6 0.70067286484375 0.42914995000000006 0.008609698437500058 0.015306130555555578
0 0.44790876601562496 0.48596960625 0.014636486718749975 0.019897968055555517
0 0.435855188671875 0.48750021875 0.011192607031250024 0.022959193055555556
0 0.423801612109375 0.48979614027777785 0.009470667968749957 0.018367355555555537
0 0.410887065234375 0.4920920590277778 0.01635842578125004 0.022959193055555556
0 0.35836790976562505 0.4966838979166667 0.021524244531250014 0.02908164583333333
0 0.255912505078125 0.5005104305555557 0.06285079296874999 0.05204084166666666
0 0.940386039453125 0.4980971034722222 0.11922792109374995 0.11479597083333333
0 0.82911389296875 0.5340665083333332 0.1222577078125 0.15918374444444439
0 0.048692612890625 0.5069145520833334 0.09642861484375001 0.13316332638888895
0 0.15889674296875 0.4984961805555555 0.09298473593749998 0.07653064722222219
0 0.324633424609375 0.49620026041666665 0.04390945859375002 0.04744900138888886
0 0.386623248828125 0.49007780763888886 0.028412002343749965 0.032142870833333365
0 0.606553205078125 0.5003234451388888 0.05079721640625001 0.07806125972222218
0 0.747321763671875 0.5837418513888889 0.20835468671874988 0.2173470361111111
0 0.5175863203125 0.5352308895833333 0.14033807343750002 0.23877561527777783