0 0.48138211093750005 0.4387496909722223 0.018457017187499945 0.0374999736111111
0 0.4530374046875 0.44929655902777776 0.03823239687500006 0.07734369583333331
0 0.64683609921875 0.41648408125 0.01186522656250002 0.011718740277777803
0 0.68309095625 0.4504684333333333 0.04218747031249999 0.07031245277777781
0 0.663315580078125 0.46335904791666666 0.03427731953125006 0.08203119305555553
0 0.725937607421875 0.4645309236111111 0.03559567890624997 0.07968744444444442
9 0.7470313429687501 0.46218717569444445 0.03823239531249998 0.11718742083333338
1 0.5980568359375 0.37781223333333336 0.040869112499999985 0.018749986111111148
0 0.4088723953125 0.47156216875 0.09492180937499999 0.11718742083333338
0 0.5703713078125 0.5407027472222222 0.22016586406250002 0.31640603055555555
2 0.178069028515625 0.4065693381944444 0.35613805703125 0.8096726930555556
1 0.872275398046875 0.40476533958333333 0.2544431851562501 0.8085931930555555