6 0.607944524609375 0.29226541666666667 0.007910150781250014 0.025781230555555566
6 0.6936378249999999 0.3086716548611111 0.007910151562500013 0.02578123194444445
6 0.5624611574218751 0.280546675 0.006591791406250014 0.025781233333333296
6 0.45369658320312495 0.2864060465277778 0.007910150781250014 0.02812498194444445
0 0.59476093984375 0.38015598124999994 0.015820301562500028 0.046874968055555556
0 0.6138771375000001 0.3766403597222222 0.02241209375000004 0.039843725000000066
0 0.6237648253906249 0.3731247375 0.018457017968749944 0.06562495555555554
0 0.660019683984375 0.38249972986111114 0.08833001640624998 0.17343738194444447
2 0.428647773046875 0.34851537847222225 0.055371055468750006 0.21328110416666665
1 0.263193784765625 0.31570290069444445 0.33090797578125 0.4945309097222222
0 0.5281838375 0.4270309486111111 0.14106435781249999 0.24374983333333333
0 0.81756352109375 0.43523406875000004 0.3005857312499999 0.32109352916666667
0 0.12081106953125001 0.5371871236111111 0.24125959999999996 0.5859370972222222