7 0.5262888792968751 0.44156234652777776 0.01054687109375001 0.024374990277777737
7 0.33749988124999997 0.4640623374999999 0.010546871875000008 0.02062499166666664
0 0.385488145703125 0.5109373215277778 0.02003905546875 0.029999987499999985
0 0.37072252578125 0.5212498194444445 0.022148429687500037 0.039374986111111177
0 0.35753893671875003 0.5334373145833333 0.027421865624999996 0.04874997916666667
0 0.44982406171875 0.5146873208333334 0.01371093124999998 0.02999998888888887
0 0.46248030664062495 0.5184373201388889 0.022148430468749945 0.03749998749999995
0 0.47935530156249995 0.5249998166666666 0.020039054687500002 0.046874980555555605
0 0.3123324078125 0.5553747972222223 0.07171872500000002 0.08624996944444448
0 0.5201057718750001 0.5309998069444445 0.06960935000000008 0.0862499694444444
0 0.767284887890625 0.5437498090277777 0.07699216015624995 0.09374996527777779