6 0.26950009023437504 0.15671101180555555 0.02020102890625002 0.06529625416666668
6 0.5945984867187499 0.2987303666666667 0.01661906875000003 0.058766630555555546
7 0.6503980105468751 0.3541811708333333 0.017446342968750007 0.01795646944444442
7 0.6494797828125 0.37458624999999995 0.021119257812499993 0.01632406388888883
6 0.638920154296875 0.40619557291666664 0.012855200781249998 0.026118501388888878
6 0.4800805074218751 0.3966747493055556 0.01010051484375003 0.022853690277777776
6 0.43095527773437503 0.38851271736111115 0.007345828906249974 0.0195888763888889
6 0.4346281921875 0.4129988118055556 0.007345828124999976 0.022853690277777776
6 0.458043021875 0.41055020277777776 0.008264057812499993 0.017956472222222193
0 0.41709385976562496 0.4448307368055555 0.01560988515624997 0.017956470833333307
0 0.40148397421874993 0.44156592569444447 0.01193697187499998 0.02122128194444449
0 0.388169659765625 0.44401453402777774 0.012855200781249998 0.0195888763888889
0 0.371641544140625 0.4448307375 0.01652811484375003 0.024486097222222173
0 0.5011997648437501 0.4497279576388889 0.01193697187499998 0.021221281944444413
0 0.513136736328125 0.4513603611111111 0.02111925703125008 0.027750908333333355
0 0.13343531718749999 0.43988250416666674 0.1349796015625 0.12406288611111106
0 0.8826651621093748 0.4750621381944444 0.0679489148437499 0.045707379166666666
0 0.834458161328125 0.5517852368055556 0.19741914609375 0.17303507361111106
0 0.941890905859375 0.5942278034722223 0.11477857265624998 0.21547764305555558
0 0.3476005203125 0.44331735624999996 0.03121977187499998 0.045707379166666666
0 0.43575046445312504 0.4405966708333333 0.018364572656250022 0.02285368888888889
0 0.45365592265625 0.44059667152777776 0.015609885937499967 0.016324065277777796
0 0.476152521875 0.4512073131944444 0.027546857812500037 0.024486095833333287
0 0.5165545796875 0.45610453263888895 0.0257104 0.03428053472222222
6 0.6746554687499999 0.2975509576388889 0.020663260937500018 0.01836734305555553