6 0.46094755546875 0.014531233333333334 0.01186522656250002 0.028124980555555554
6 0.799106502734375 0.25593731666666664 0.01845701953125012 0.03281247777777775
6 0.196616682421875 0.15515613680555557 0.02373045234375002 0.04687496805555558
6 0.1412456265625 0.2535935673611111 0.015820301562500007 0.02812497916666664
6 0.4194192640625 0.27468730416666665 0.007910151562500013 0.023437483333333335
6 0.45962919687500003 0.2664841847222222 0.006591792187500012 0.025781233333333337
6 0.51565943203125 0.3426560083333334 0.010546868750000016 0.023437486111111107
6 0.152451673046875 0.23249983263888888 0.017138658593750012 0.02343748194444445
7 0.175522946875 0.19382798472222224 0.044824189062500006 0.035156225000000006
7 0.594760940625 0.3157029 0.013183584375000024 0.021093736111111108
0 0.21639205937500003 0.3121872784722222 0.13710928125000002 0.09374993472222219
0 0.08653374999999999 0.31101540486111107 0.117333903125 0.08203119583333335
0 0.587509968359375 0.34617162916666666 0.030322244531249966 0.04453121666666667
7 0.5795998179687499 0.3051560340277778 0.011865226562499932 0.01874998750000003
0 0.607944523828125 0.3567184979166667 0.029003885156250055 0.046874968055555556
0 0.8960058500000001 0.3848434784722222 0.08833001718749997 0.06562495416666667
0 0.807016653125 0.37664035902777776 0.07910150781250005 0.08203119305555553
0 0.7496680609374999 0.3778122326388889 0.056689415625 0.051562462499999975
0 0.01731993046875 0.2922654173611111 0.034277320312500005 0.08203119305555558
0 0.0020681734375 0.36140599444444443 0.004136346875 0.037499975000000026
7 0.6877623796875 0.18452978958333333 0.03419701875000003 0.053642381944444456
7 0.7400637019531251 0.16843707430555555 0.12270694921875007 0.24317879861111114