7 0.4577103550781249 0.5163573576388889 0.011425780468750002 0.018749995833333265
0 0.31884318359375 0.5327636055555556 0.011425779687500004 0.02343749722222223
0 0.30390178046875 0.5343261055555555 0.014941404687500003 0.02968749722222223
0 0.26830608046875 0.5335448555555555 0.04746092968750002 0.04062499444444446
0 0.23534710078124998 0.535107354861111 0.03076171406250001 0.04687499305555557
0 0.20458538671874998 0.5366698555555556 0.05537108749999997 0.05624999444444446
0 0.147017033984375 0.5483886041666667 0.07558592734374998 0.08281248888888884
0 0.076675280859375 0.5521628465277778 0.15287114296874998 0.10598597083333329
0 0.48979042851562493 0.5287253666666666 0.03515624453125001 0.02161101944444444
0 0.4836380878906249 0.5382323534722222 0.042187494531250015 0.024999995833333344
0 0.5161576136718751 0.5507323534722222 0.050976557031250015 0.034374993055555574