0 0.894140801171875 0.2631357791666667 0.20710241953125 0.2142528472222223
0 0.7584126628906251 0.24753484375 0.17434045703125003 0.16640997916666667
0 0.67880280078125 0.2132127861111111 0.13932852968749998 0.12688760833333332
0 0.42595063398437494 0.18201091458333332 0.04595693671875001 0.06864411527777776
6 0.475840716796875 0.032241933333333334 0.011700702343750003 0.027041622222222225
6 0.2078946484375 0.014560872916666665 0.014040842187500013 0.02912174583333333
6 0.341282647265625 0.15912954305555557 0.007020421093749984 0.027041622222222235
7 0.48727843125000003 0.1680981159722222 0.014033618749999999 0.01585702083333334
0 0.384836077734375 0.20489228680555555 0.02925175390625001 0.03536212083333336
0 0.24852290312500003 0.19241153888888893 0.05148308749999999 0.043682619444444466
0 0.285965148828125 0.19969197500000005 0.023401403906250007 0.029121747222222223
0 0.31346179765625 0.19657178819444446 0.022231332812500025 0.031201870833333346
7 0.17162247265625 0.043682619444444445 0.016380981250000003 0.016640997222222224
7 0.052860351171875 0.05096305624999999 0.03861231484375 0.04784286805555555
6 0.03940454492187499 0.09256555069444446 0.02340140390625 0.035362120833333344
0 0.470485220703125 0.18929135069444444 0.024571472656249947 0.03744224305555556
0 0.45360938398437495 0.18201091458333335 0.014040842968749967 0.039522370833333334
7 0.6162491367187499 0.05512330416666667 0.011700701562500004 0.03536211666666667
6 0.619759346484375 0.09048542638888889 0.016380982031250026 0.022881372222222227
0 0.035979657421875 0.18097085208333333 0.07137428046875001 0.11856710972222222