0 0.40608851796875 0.29508943541666666 0.07111970781250006 0.05302114305555558
0 0.38544086015625 0.3182012180555555 0.11241502343750005 0.05845921111111111
0 0.6848318921875001 0.2692586236111111 0.06882552343750001 0.11283987499999999
0 0.583505425 0.2998477423611111 0.1445336 0.19848941527777775
0 0.085251654296875 0.37054260555555557 0.16830706640624998 0.30996976944444443
7 0.204200313671875 0.0496967 0.09406155078124998 0.04078549722222222
7 0.29787949921875 0.023865886111111116 0.06882552343750001 0.040785494444444445
6 0.45082511015625004 0.026584922222222217 0.01835347343749998 0.04350453055555555
6 0.46956094765625 0.022506369444444445 0.00994146406249996 0.038066461111111116
6 0.7238330226562499 0.05785379861111111 0.018353471874999982 0.05709969444444444
6 0.43706000546875 0.021146854166666666 0.013765106249999982 0.040785497222222224
6 0.124286232421875 0.21963627083333337 0.016824016406249996 0.03262839722222222
0 0.85847523515625 0.22303506041666665 0.2830495296875 0.4445619097222222