0 0.10189121953125 0.50205599375 0.187599596875 0.17526220138888887
0 0.2416901015625 0.4664012569444444 0.0904388765625 0.12890138611111115
0 0.5527686515625 0.44907580208333336 0.026507946874999976 0.08870633194444445
0 0.540294324609375 0.4483827819444444 0.01715220078124995 0.07345993055555561
0 0.527819997265625 0.4331363833333334 0.021830074218750006 0.059599566666666624
0 0.512227087109375 0.4227411090277778 0.020270783593749987 0.052669384722222254
0 0.50014258125 0.4137318756944445 0.013253973437499945 0.03742298472222221
0 0.43373724414062503 0.41591722152777777 0.02599924453124993 0.033477462499999985
0 0.458821370703125 0.4137318715277778 0.02105042890625004 0.034650909722222185
0 0.47831250820312504 0.4130388534722222 0.02572830234375001 0.052669384722222254
0 0.604225253515625 0.44768976458333326 0.10135391328124994 0.15523607916666665
2 0.34772188828125 0.37769492777777774 0.1450140609375 0.2536446666666667
6 0.48377002578125 0.3478951416666667 0.010135390624999996 0.022176583333333333
6 0.49156648125 0.37561587152777776 0.008576099999999975 0.013860365277777792
6 0.4252966148437499 0.34512306944444443 0.00857610156250006 0.016632438888888896
7 0.7656118703125 0.1857288798611111 0.053015892187499955 0.036036948611111105
6 0.779495078125 0.25034605069444443 0.03460522656249996 0.05993251805555554
6 0.80610995 0.25087259375 0.021917046874999978 0.05266938472222221