6 0.26488442382812505 0.5803938604166666 0.008371064843749965 0.01700787916666668
6 0.32168808125 0.5718899222222222 0.009566931250000011 0.017007877777777795
0 0.28760588671875 0.6409844319444444 0.013154531250000013 0.010629922222222159
0 0.30853354960937496 0.6367324604166668 0.011958664843749967 0.014881895833333263
0 0.318100482421875 0.6377954493055555 0.011958664843750012 0.021259848611111132
0 0.356368209765625 0.6473623847222222 0.014350397656249968 0.036141744444444394
0 0.37251240703125 0.6462993916666666 0.025113195312500024 0.04251969722222218
0 0.2517298921875 0.6399214354166667 0.010762796875000013 0.017007876388888912
0 0.236183627734375 0.6462993930555555 0.015546263281250017 0.021259844444444394
0 0.18535930312499999 0.6558663263888889 0.0263090625 0.04039371111111107
0 0.14649364296875 0.6590553013888889 0.049030525000000005 0.05527560833333338
0 0.21944149765625004 0.6537403395833333 0.017937996874999973 0.027637801388888918
0 0.32946121328125 0.6431104138888889 0.02032972968750002 0.027637802777777724
0 0.379687605859375 0.6516143534722222 0.02989666171875003 0.04039371250000004
1 0.29836868515625004 0.6377954520833333 0.008371065625000007 0.0255118180555555
1 0.273135903515625 0.6367324597222221 0.011958664843749967 0.023385833333333276
0 0.2623731046875 0.6452363999999999 0.009566931250000011 0.019133858333333285
0 0.10284451679687501 0.6048426875 0.07175198671875 0.21047250000000003
6 0.363543408203125 0.6186615895833334 0.009566932031250008 0.01700787916666668
7 0.40898633398437506 0.5697639368055556 0.011958664843750012 0.02551181805555558
7 0.5925518375000001 0.5038584090277778 0.022721462500000022 0.012755909722222233
7 0.6947984203125 0.4581497319444444 0.019133864062500016 0.027637802777777724
7 0.690612887890625 0.5017324236111111 0.027504928906250024 0.05102363611111116
7 0.73426201328125 0.5134253388888889 0.009566931250000011 0.014881894444444457
7 0.6894170214843751 0.3018898465277778 0.032288396093750026 0.08503939305555555
7 0.74980827890625 0.48685052777777776 0.019133864062500016 0.05952757499999998
7 0.68463355625 0.43072454097222224 0.04185532656250004 0.0297637902777778
0 0.7987192484375001 0.6369450701388888 0.096865184375 0.1062992402777778
0 0.7115405515625 0.6356694687500001 0.13632877812500005 0.07653545416666666
0 0.9026400359375 0.7147560958333334 0.1913386359375 0.2593701500000001
6 0.31092528281250004 0.6084568722222222 0.009566931249999966 0.012755908333333347